# GIMP curves tool settings

(time 0)
(channel value)
(curve
    (curve-type smooth)
    (n-points 17)
    (points 34 0.000000 0.000000 -1.000000 -1.000000 -1.000000 -1.000000 0.213415 0.335938 -1.000000 -1.000000 -1.000000 -1.000000 -1.000000 -1.000000 0.423780 0.613281 -1.000000 -1.000000 -1.000000 -1.000000 0.652439 0.824219 -1.000000 -1.000000 -1.000000 -1.000000 -1.000000 -1.000000 -1.000000 -1.000000 -1.000000 -1.000000 1.000000 1.000000)
    (n-samples 256)
    (samples 256 0.000000 0.006422 0.012843 0.019263 0.025682 0.032099 0.038513 0.044924 0.051332 0.057736 0.064135 0.070529 0.076917 0.083300 0.089676 0.096044 0.102406 0.108759 0.115104 0.121439 0.127765 0.134081 0.140386 0.146680 0.152963 0.159234 0.165492 0.171736 0.177967 0.184185 0.190387 0.196574 0.202746 0.208902 0.215040 0.221162 0.227266 0.233352 0.239420 0.245468 0.251496 0.257504 0.263492 0.269458 0.275403 0.281326 0.287226 0.293102 0.298955 0.304784 0.310588 0.316367 0.322120 0.327847 0.335938 0.341609 0.347272 0.352926 0.358571 0.364206 0.369831 0.375443 0.381044 0.386633 0.392208 0.397770 0.403316 0.408848 0.414364 0.419864 0.425347 0.430812 0.436259 0.441686 0.447095 0.452483 0.457850 0.463196 0.468520 0.473821 0.479099 0.484353 0.489582 0.494786 0.499964 0.505116 0.510241 0.515337 0.520406 0.525445 0.530455 0.535434 0.540382 0.545299 0.550184 0.555036 0.559854 0.564639 0.569388 0.574102 0.578781 0.583422 0.588026 0.592593 0.597121 0.601609 0.606058 0.610467 0.613281 0.617634 0.621969 0.626286 0.630585 0.634865 0.639125 0.643366 0.647586 0.651786 0.655965 0.660122 0.664257 0.668370 0.672460 0.676527 0.680570 0.684590 0.688585 0.692554 0.696499 0.700418 0.704311 0.708177 0.712016 0.715827 0.719611 0.723366 0.727093 0.730790 0.734458 0.738096 0.741703 0.745279 0.748825 0.752338 0.755819 0.759268 0.762683 0.766066 0.769414 0.772728 0.776007 0.779252 0.782460 0.785633 0.788769 0.791868 0.794930 0.797955 0.800941 0.803888 0.806797 0.809666 0.812496 0.815285 0.818033 0.820741 0.824219 0.826840 0.829439 0.832017 0.834573 0.837109 0.839624 0.842118 0.844593 0.847047 0.849481 0.851896 0.854292 0.856669 0.859027 0.861367 0.863688 0.865992 0.868277 0.870545 0.872796 0.875030 0.877247 0.879448 0.881632 0.883801 0.885954 0.888091 0.890213 0.892319 0.894411 0.896489 0.898552 0.900602 0.902637 0.904659 0.906668 0.908663 0.910646 0.912616 0.914574 0.916520 0.918455 0.920377 0.922289 0.924189 0.926078 0.927957 0.929826 0.931684 0.933533 0.935372 0.937202 0.939023 0.940835 0.942638 0.944433 0.946220 0.947999 0.949771 0.951535 0.953292 0.955042 0.956786 0.958523 0.960254 0.961980 0.963699 0.965414 0.967123 0.968827 0.970527 0.972223 0.973914 0.975601 0.977285 0.978966 0.980643 0.982317 0.983989 0.985659 0.987326 0.988991 0.990655 0.992318 0.993979 0.995639 0.997299 0.998958 1.000000))
(channel red)
(curve
    (curve-type smooth)
    (n-points 17)
    (points 34 0.000000 0.000000 -1.000000 -1.000000 0.152439 0.179688 -1.000000 -1.000000 -1.000000 -1.000000 -1.000000 -1.000000 -1.000000 -1.000000 -1.000000 -1.000000 -1.000000 -1.000000 0.573171 0.683398 -1.000000 -1.000000 -1.000000 -1.000000 -1.000000 -1.000000 -1.000000 -1.000000 -1.000000 -1.000000 -1.000000 -1.000000 1.000000 1.000000)
    (n-samples 256)
    (samples 256 0.000000 0.004596 0.009192 0.013788 0.018385 0.022982 0.027580 0.032178 0.036777 0.041377 0.045977 0.050579 0.055182 0.059786 0.064392 0.068999 0.073608 0.078218 0.082830 0.087444 0.092060 0.096678 0.101299 0.105922 0.110547 0.115174 0.119805 0.124438 0.129074 0.133712 0.138354 0.142999 0.147648 0.152300 0.156955 0.161614 0.166276 0.170942 0.175613 0.179688 0.184372 0.189074 0.193792 0.198526 0.203275 0.208040 0.212819 0.217613 0.222420 0.227240 0.232073 0.236918 0.241775 0.246643 0.251522 0.256411 0.261310 0.266218 0.271136 0.276061 0.280995 0.285936 0.290884 0.295838 0.300799 0.305764 0.310735 0.315711 0.320690 0.325674 0.330660 0.335649 0.340640 0.345633 0.350627 0.355621 0.360616 0.365611 0.370605 0.375598 0.380589 0.385578 0.390564 0.395547 0.400527 0.405503 0.410474 0.415440 0.420400 0.425355 0.430303 0.435244 0.440178 0.445104 0.450021 0.454930 0.459829 0.464718 0.469598 0.474466 0.479323 0.484169 0.489002 0.493822 0.498630 0.503423 0.508203 0.512968 0.517718 0.522452 0.527171 0.531872 0.536557 0.541225 0.545874 0.550505 0.555117 0.559710 0.564282 0.568835 0.573366 0.577877 0.582365 0.586831 0.591275 0.595695 0.600092 0.604464 0.608812 0.613134 0.617431 0.621702 0.625947 0.630164 0.634354 0.638515 0.642649 0.646753 0.650828 0.654873 0.658887 0.662871 0.666823 0.670743 0.674631 0.678487 0.683398 0.687181 0.690940 0.694675 0.698387 0.702074 0.705739 0.709380 0.712999 0.716595 0.720168 0.723719 0.727249 0.730756 0.734242 0.737707 0.741151 0.744573 0.747976 0.751357 0.754719 0.758061 0.761383 0.764685 0.767968 0.771233 0.774478 0.777705 0.780913 0.784103 0.787275 0.790430 0.793567 0.796687 0.799790 0.802876 0.805945 0.808998 0.812035 0.815056 0.818061 0.821051 0.824026 0.826985 0.829930 0.832861 0.835777 0.838678 0.841566 0.844441 0.847302 0.850149 0.852984 0.855806 0.858615 0.861412 0.864197 0.866970 0.869732 0.872482 0.875221 0.877948 0.880666 0.883372 0.886069 0.888755 0.891431 0.894098 0.896755 0.899404 0.902043 0.904674 0.907296 0.909909 0.912515 0.915113 0.917703 0.920286 0.922862 0.925431 0.927993 0.930549 0.933098 0.935642 0.938179 0.940711 0.943238 0.945760 0.948276 0.950788 0.953296 0.955799 0.958298 0.960794 0.963286 0.965774 0.968260 0.970743 0.973223 0.975700 0.978175 0.980649 0.983120 0.985590 0.988059 0.990527 0.992993 0.995460 0.997925 1.000000))
(channel green)
(curve
    (curve-type smooth)
    (n-points 17)
    (points 34 0.000000 0.000000 -1.000000 -1.000000 -1.000000 -1.000000 -1.000000 -1.000000 0.231707 0.238281 -1.000000 -1.000000 -1.000000 -1.000000 -1.000000 -1.000000 -1.000000 -1.000000 -1.000000 -1.000000 0.618902 0.605469 -1.000000 -1.000000 -1.000000 -1.000000 -1.000000 -1.000000 -1.000000 -1.000000 -1.000000 -1.000000 1.000000 1.000000)
    (n-samples 256)
    (samples 256 0.000000 0.004131 0.008262 0.012392 0.016522 0.020652 0.024780 0.028908 0.033034 0.037159 0.041282 0.045404 0.049524 0.053641 0.057757 0.061870 0.065981 0.070089 0.074194 0.078296 0.082395 0.086491 0.090583 0.094671 0.098756 0.102836 0.106912 0.110984 0.115051 0.119114 0.123171 0.127224 0.131271 0.135313 0.139349 0.143380 0.147405 0.151423 0.155435 0.159441 0.163441 0.167433 0.171419 0.175398 0.179369 0.183333 0.187289 0.191238 0.195178 0.199111 0.203035 0.206951 0.210858 0.214757 0.218646 0.222527 0.226398 0.230259 0.234111 0.238281 0.242114 0.245938 0.249755 0.253563 0.257365 0.261159 0.264946 0.268726 0.272499 0.276266 0.280026 0.283780 0.287528 0.291270 0.295006 0.298737 0.302462 0.306183 0.309898 0.313608 0.317314 0.321015 0.324712 0.328405 0.332094 0.335779 0.339460 0.343138 0.346813 0.350485 0.354154 0.357820 0.361483 0.365144 0.368803 0.372460 0.376116 0.379769 0.383421 0.387072 0.390722 0.394370 0.398018 0.401665 0.405312 0.408959 0.412605 0.416252 0.419899 0.423546 0.427194 0.430843 0.434493 0.438144 0.441796 0.445450 0.449105 0.452763 0.456422 0.460084 0.463748 0.467414 0.471084 0.474756 0.478431 0.482110 0.485792 0.489478 0.493167 0.496861 0.500559 0.504261 0.507967 0.511678 0.515395 0.519116 0.522842 0.526574 0.530311 0.534054 0.537803 0.541559 0.545320 0.549088 0.552862 0.556644 0.560432 0.564227 0.568030 0.571840 0.575658 0.579484 0.583318 0.587160 0.591011 0.594870 0.598738 0.602614 0.605469 0.609359 0.613255 0.617156 0.621063 0.624974 0.628890 0.632812 0.636738 0.640669 0.644605 0.648546 0.652491 0.656441 0.660396 0.664355 0.668319 0.672287 0.676259 0.680236 0.684217 0.688202 0.692192 0.696185 0.700183 0.704184 0.708190 0.712199 0.716212 0.720229 0.724250 0.728274 0.732302 0.736334 0.740369 0.744408 0.748449 0.752495 0.756543 0.760595 0.764650 0.768708 0.772769 0.776833 0.780900 0.784970 0.789043 0.793119 0.797197 0.801278 0.805362 0.809448 0.813537 0.817628 0.821721 0.825817 0.829916 0.834016 0.838119 0.842224 0.846331 0.850440 0.854551 0.858664 0.862778 0.866895 0.871013 0.875133 0.879255 0.883378 0.887503 0.891629 0.895757 0.899886 0.904016 0.908148 0.912281 0.916415 0.920550 0.924686 0.928824 0.932962 0.937101 0.941240 0.945381 0.949522 0.953664 0.957807 0.961950 0.966094 0.970238 0.974382 0.978527 0.982672 0.986817 0.990963 0.995109 1.000000))
(channel blue)
(curve
    (curve-type smooth)
    (n-points 17)
    (points 34 0.000000 0.000000 -1.000000 -1.000000 -1.000000 -1.000000 -1.000000 -1.000000 0.243902 0.181467 -1.000000 -1.000000 -1.000000 -1.000000 -1.000000 -1.000000 -1.000000 -1.000000 -1.000000 -1.000000 -1.000000 -1.000000 0.710366 0.625483 -1.000000 -1.000000 -1.000000 -1.000000 -1.000000 -1.000000 -1.000000 -1.000000 1.000000 1.000000)
    (n-samples 256)
    (samples 256 0.000000 0.002650 0.005301 0.007952 0.010605 0.013259 0.015915 0.018574 0.021236 0.023901 0.026570 0.029243 0.031920 0.034603 0.037291 0.039985 0.042685 0.045391 0.048105 0.050826 0.053555 0.056292 0.059038 0.061794 0.064558 0.067333 0.070118 0.072914 0.075721 0.078540 0.081370 0.084214 0.087070 0.089939 0.092822 0.095719 0.098631 0.101557 0.104499 0.107457 0.110431 0.113422 0.116429 0.119454 0.122497 0.125558 0.128638 0.131737 0.134855 0.137994 0.141152 0.144332 0.147532 0.150754 0.153999 0.157265 0.160555 0.163867 0.167204 0.170564 0.173949 0.177359 0.181467 0.184921 0.188375 0.191830 0.195286 0.198744 0.202203 0.205663 0.209125 0.212588 0.216053 0.219520 0.222988 0.226459 0.229932 0.233407 0.236884 0.240363 0.243845 0.247330 0.250817 0.254307 0.257800 0.261296 0.264794 0.268296 0.271802 0.275310 0.278823 0.282338 0.285858 0.289381 0.292908 0.296438 0.299973 0.303512 0.307056 0.310603 0.314156 0.317712 0.321273 0.324840 0.328410 0.331986 0.335567 0.339153 0.342744 0.346341 0.349943 0.353550 0.357164 0.360782 0.364407 0.368038 0.371674 0.375317 0.378966 0.382621 0.386283 0.389951 0.393626 0.397308 0.400996 0.404691 0.408394 0.412103 0.415820 0.419544 0.423275 0.427014 0.430760 0.434514 0.438276 0.442046 0.445824 0.449610 0.453404 0.457207 0.461017 0.464837 0.468665 0.472501 0.476346 0.480201 0.484064 0.487936 0.491818 0.495708 0.499609 0.503518 0.507437 0.511366 0.515305 0.519253 0.523212 0.527180 0.531159 0.535148 0.539147 0.543157 0.547178 0.551209 0.555250 0.559303 0.563367 0.567441 0.571527 0.575624 0.579733 0.583853 0.587984 0.592127 0.596282 0.600448 0.604627 0.608818 0.613021 0.617236 0.621463 0.625483 0.629745 0.634040 0.638368 0.642728 0.647119 0.651542 0.655996 0.660480 0.664994 0.669537 0.674110 0.678711 0.683340 0.687996 0.692680 0.697391 0.702128 0.706890 0.711678 0.716491 0.721329 0.726190 0.731075 0.735983 0.740913 0.745866 0.750841 0.755836 0.760853 0.765890 0.770947 0.776023 0.781119 0.786232 0.791364 0.796514 0.801681 0.806864 0.812064 0.817280 0.822511 0.827757 0.833017 0.838292 0.843580 0.848881 0.854194 0.859520 0.864858 0.870207 0.875566 0.880937 0.886317 0.891706 0.897105 0.902512 0.907927 0.913350 0.918780 0.924217 0.929660 0.935109 0.940563 0.946022 0.951486 0.956954 0.962425 0.967899 0.973376 0.978856 0.984337 0.989819 0.995302 1.000000))
(channel alpha)
(curve
    (curve-type smooth)
    (n-points 17)
    (points 34 0.000000 0.000000 -1.000000 -1.000000 -1.000000 -1.000000 -1.000000 -1.000000 -1.000000 -1.000000 -1.000000 -1.000000 -1.000000 -1.000000 -1.000000 -1.000000 -1.000000 -1.000000 -1.000000 -1.000000 -1.000000 -1.000000 -1.000000 -1.000000 -1.000000 -1.000000 -1.000000 -1.000000 -1.000000 -1.000000 -1.000000 -1.000000 1.000000 1.000000)
    (n-samples 256)
    (samples 256 0.000000 0.003922 0.007843 0.011765 0.015686 0.019608 0.023529 0.027451 0.031373 0.035294 0.039216 0.043137 0.047059 0.050980 0.054902 0.058824 0.062745 0.066667 0.070588 0.074510 0.078431 0.082353 0.086275 0.090196 0.094118 0.098039 0.101961 0.105882 0.109804 0.113725 0.117647 0.121569 0.125490 0.129412 0.133333 0.137255 0.141176 0.145098 0.149020 0.152941 0.156863 0.160784 0.164706 0.168627 0.172549 0.176471 0.180392 0.184314 0.188235 0.192157 0.196078 0.200000 0.203922 0.207843 0.211765 0.215686 0.219608 0.223529 0.227451 0.231373 0.235294 0.239216 0.243137 0.247059 0.250980 0.254902 0.258824 0.262745 0.266667 0.270588 0.274510 0.278431 0.282353 0.286275 0.290196 0.294118 0.298039 0.301961 0.305882 0.309804 0.313725 0.317647 0.321569 0.325490 0.329412 0.333333 0.337255 0.341176 0.345098 0.349020 0.352941 0.356863 0.360784 0.364706 0.368627 0.372549 0.376471 0.380392 0.384314 0.388235 0.392157 0.396078 0.400000 0.403922 0.407843 0.411765 0.415686 0.419608 0.423529 0.427451 0.431373 0.435294 0.439216 0.443137 0.447059 0.450980 0.454902 0.458824 0.462745 0.466667 0.470588 0.474510 0.478431 0.482353 0.486275 0.490196 0.494118 0.498039 0.501961 0.505882 0.509804 0.513725 0.517647 0.521569 0.525490 0.529412 0.533333 0.537255 0.541176 0.545098 0.549020 0.552941 0.556863 0.560784 0.564706 0.568627 0.572549 0.576471 0.580392 0.584314 0.588235 0.592157 0.596078 0.600000 0.603922 0.607843 0.611765 0.615686 0.619608 0.623529 0.627451 0.631373 0.635294 0.639216 0.643137 0.647059 0.650980 0.654902 0.658824 0.662745 0.666667 0.670588 0.674510 0.678431 0.682353 0.686275 0.690196 0.694118 0.698039 0.701961 0.705882 0.709804 0.713725 0.717647 0.721569 0.725490 0.729412 0.733333 0.737255 0.741176 0.745098 0.749020 0.752941 0.756863 0.760784 0.764706 0.768627 0.772549 0.776471 0.780392 0.784314 0.788235 0.792157 0.796078 0.800000 0.803922 0.807843 0.811765 0.815686 0.819608 0.823529 0.827451 0.831373 0.835294 0.839216 0.843137 0.847059 0.850980 0.854902 0.858824 0.862745 0.866667 0.870588 0.874510 0.878431 0.882353 0.886275 0.890196 0.894118 0.898039 0.901961 0.905882 0.909804 0.913725 0.917647 0.921569 0.925490 0.929412 0.933333 0.937255 0.941176 0.945098 0.949020 0.952941 0.956863 0.960784 0.964706 0.968627 0.972549 0.976471 0.980392 0.984314 0.988235 0.992157 0.996078 1.000000))

# end of curves tool settings
