# GIMP curves tool settings

(time 0)
(channel value)
(curve
    (curve-type smooth)
    (n-points 17)
    (points 34 0.000000 0.000000 -1.000000 -1.000000 -1.000000 -1.000000 -1.000000 -1.000000 0.240854 0.447876 -1.000000 -1.000000 -1.000000 -1.000000 -1.000000 -1.000000 -1.000000 -1.000000 0.539634 0.884170 -1.000000 -1.000000 -1.000000 -1.000000 -1.000000 -1.000000 -1.000000 -1.000000 -1.000000 -1.000000 -1.000000 -1.000000 1.000000 1.000000)
    (n-samples 256)
    (samples 256 0.000000 0.007726 0.015451 0.023174 0.030896 0.038615 0.046330 0.054041 0.061747 0.069448 0.077143 0.084831 0.092511 0.100183 0.107846 0.115499 0.123142 0.130774 0.138394 0.146002 0.153596 0.161177 0.168744 0.176295 0.183830 0.191349 0.198851 0.206334 0.213799 0.221245 0.228671 0.236076 0.243460 0.250821 0.258160 0.265475 0.272767 0.280033 0.287274 0.294489 0.301677 0.308837 0.315969 0.323072 0.330146 0.337189 0.344201 0.351181 0.358129 0.365044 0.371925 0.378771 0.385583 0.392358 0.399097 0.405799 0.412463 0.419088 0.425674 0.432220 0.438725 0.447876 0.454321 0.460802 0.467317 0.473864 0.480441 0.487045 0.493675 0.500328 0.507001 0.513693 0.520401 0.527124 0.533858 0.540601 0.547352 0.554108 0.560867 0.567626 0.574384 0.581137 0.587885 0.594623 0.601352 0.608067 0.614767 0.621449 0.628112 0.634753 0.641370 0.647960 0.654522 0.661052 0.667550 0.674012 0.680436 0.686820 0.693162 0.699460 0.705711 0.711913 0.718064 0.724162 0.730203 0.736187 0.742111 0.747972 0.753769 0.759499 0.765159 0.770748 0.776263 0.781703 0.787064 0.792345 0.797543 0.802657 0.807683 0.812620 0.817465 0.822216 0.826871 0.831427 0.835883 0.840236 0.844484 0.848625 0.852656 0.856575 0.860380 0.864068 0.867638 0.871087 0.874412 0.877613 0.880686 0.883628 0.884170 0.886998 0.889779 0.892514 0.895201 0.897843 0.900439 0.902990 0.905496 0.907958 0.910375 0.912749 0.915080 0.917368 0.919614 0.921817 0.923979 0.926100 0.928180 0.930220 0.932220 0.934180 0.936101 0.937983 0.939827 0.941633 0.943402 0.945133 0.946828 0.948487 0.950109 0.951696 0.953248 0.954765 0.956248 0.957698 0.959113 0.960496 0.961846 0.963164 0.964449 0.965704 0.966927 0.968120 0.969283 0.970416 0.971519 0.972594 0.973639 0.974657 0.975647 0.976610 0.977545 0.978454 0.979337 0.980194 0.981026 0.981833 0.982615 0.983373 0.984108 0.984819 0.985507 0.986173 0.986817 0.987439 0.988040 0.988620 0.989179 0.989718 0.990238 0.990739 0.991220 0.991683 0.992128 0.992556 0.992966 0.993360 0.993737 0.994098 0.994444 0.994774 0.995090 0.995391 0.995678 0.995952 0.996212 0.996460 0.996695 0.996919 0.997131 0.997332 0.997522 0.997701 0.997871 0.998032 0.998183 0.998326 0.998460 0.998586 0.998705 0.998817 0.998923 0.999022 0.999115 0.999202 0.999285 0.999363 0.999437 0.999507 0.999574 0.999637 0.999698 0.999757 0.999814 0.999870 0.999925 1.000000))
(channel red)
(curve
    (curve-type smooth)
    (n-points 17)
    (points 34 0.000000 0.000000 -1.000000 -1.000000 -1.000000 -1.000000 0.189024 0.266409 -1.000000 -1.000000 -1.000000 -1.000000 -1.000000 -1.000000 -1.000000 -1.000000 -1.000000 -1.000000 -1.000000 -1.000000 -1.000000 -1.000000 0.676829 0.702703 -1.000000 -1.000000 -1.000000 -1.000000 -1.000000 -1.000000 -1.000000 -1.000000 1.000000 1.000000)
    (n-samples 256)
    (samples 256 0.000000 0.006254 0.012507 0.018756 0.024999 0.031235 0.037461 0.043676 0.049878 0.056065 0.062235 0.068386 0.074516 0.080624 0.086708 0.092765 0.098794 0.104793 0.110759 0.116693 0.122590 0.128450 0.134270 0.140049 0.145785 0.151475 0.157119 0.162714 0.168258 0.173749 0.179186 0.184567 0.189889 0.195151 0.200351 0.205488 0.210558 0.215561 0.220494 0.225356 0.230144 0.234858 0.239494 0.244051 0.248528 0.252922 0.257231 0.261454 0.266409 0.270471 0.274515 0.278540 0.282547 0.286537 0.290509 0.294463 0.298400 0.302320 0.306224 0.310111 0.313982 0.317837 0.321677 0.325501 0.329309 0.333103 0.336881 0.340646 0.344395 0.348131 0.351853 0.355561 0.359256 0.362938 0.366607 0.370263 0.373906 0.377538 0.381157 0.384765 0.388361 0.391946 0.395519 0.399082 0.402635 0.406177 0.409709 0.413231 0.416743 0.420246 0.423740 0.427225 0.430701 0.434169 0.437628 0.441080 0.444524 0.447960 0.451389 0.454810 0.458225 0.461634 0.465036 0.468431 0.471821 0.475206 0.478585 0.481958 0.485327 0.488691 0.492050 0.495406 0.498757 0.502104 0.505448 0.508788 0.512126 0.515460 0.518792 0.522122 0.525449 0.528775 0.532099 0.535421 0.538742 0.542062 0.545382 0.548701 0.552019 0.555338 0.558657 0.561976 0.565296 0.568617 0.571938 0.575262 0.578587 0.581913 0.585242 0.588573 0.591907 0.595243 0.598582 0.601925 0.605271 0.608621 0.611974 0.615332 0.618694 0.622061 0.625433 0.628810 0.632192 0.635580 0.638974 0.642373 0.645779 0.649192 0.652611 0.656037 0.659470 0.662911 0.666360 0.669816 0.673281 0.676754 0.680235 0.683726 0.687225 0.690734 0.694253 0.697781 0.701319 0.702703 0.706251 0.709802 0.713355 0.716909 0.720466 0.724025 0.727586 0.731150 0.734715 0.738282 0.741850 0.745421 0.748994 0.752569 0.756145 0.759723 0.763303 0.766885 0.770468 0.774053 0.777640 0.781228 0.784818 0.788410 0.792003 0.795597 0.799194 0.802791 0.806390 0.809991 0.813593 0.817196 0.820800 0.824406 0.828013 0.831622 0.835232 0.838842 0.842455 0.846068 0.849682 0.853298 0.856914 0.860532 0.864150 0.867770 0.871390 0.875012 0.878634 0.882258 0.885882 0.889507 0.893133 0.896759 0.900387 0.904015 0.907644 0.911273 0.914903 0.918534 0.922165 0.925797 0.929430 0.933063 0.936696 0.940330 0.943964 0.947599 0.951234 0.954870 0.958505 0.962142 0.965778 0.969415 0.973052 0.976689 0.980326 0.983963 0.987601 0.991238 0.994876 1.000000))
(channel green)
(curve
    (curve-type smooth)
    (n-points 17)
    (points 34 0.000000 0.000000 -1.000000 -1.000000 -1.000000 -1.000000 -1.000000 -1.000000 0.246951 0.239382 -1.000000 -1.000000 -1.000000 -1.000000 -1.000000 -1.000000 -1.000000 -1.000000 -1.000000 -1.000000 -1.000000 -1.000000 0.658537 0.760618 -1.000000 -1.000000 -1.000000 -1.000000 -1.000000 -1.000000 -1.000000 -1.000000 1.000000 1.000000)
    (n-samples 256)
    (samples 256 0.000000 0.003437 0.006875 0.010314 0.013755 0.017198 0.020644 0.024093 0.027546 0.031003 0.034465 0.037933 0.041407 0.044887 0.048375 0.051870 0.055373 0.058886 0.062407 0.065939 0.069481 0.073034 0.076599 0.080176 0.083765 0.087368 0.090984 0.094615 0.098260 0.101922 0.105599 0.109292 0.113003 0.116731 0.120477 0.124243 0.128027 0.131831 0.135656 0.139501 0.143369 0.147258 0.151169 0.155104 0.159063 0.163045 0.167053 0.171086 0.175144 0.179230 0.183342 0.187481 0.191649 0.195846 0.200071 0.204327 0.208612 0.212929 0.217277 0.221657 0.226069 0.230514 0.234993 0.239382 0.243929 0.248512 0.253128 0.257778 0.262461 0.267175 0.271921 0.276697 0.281502 0.286336 0.291198 0.296088 0.301003 0.305944 0.310911 0.315901 0.320914 0.325950 0.331007 0.336085 0.341184 0.346301 0.351438 0.356592 0.361763 0.366950 0.372152 0.377369 0.382600 0.387844 0.393100 0.398368 0.403646 0.408934 0.414232 0.419537 0.424850 0.430170 0.435496 0.440827 0.446162 0.451501 0.456843 0.462187 0.467532 0.472877 0.478222 0.483566 0.488909 0.494248 0.499584 0.504916 0.510242 0.515563 0.520878 0.526184 0.531483 0.536773 0.542053 0.547322 0.552580 0.557826 0.563059 0.568279 0.573484 0.578673 0.583847 0.589004 0.594143 0.599264 0.604365 0.609447 0.614508 0.619547 0.624564 0.629558 0.634528 0.639474 0.644394 0.649287 0.654154 0.658993 0.663803 0.668584 0.673334 0.678054 0.682742 0.687397 0.692019 0.696607 0.701160 0.705677 0.710158 0.714602 0.719008 0.723374 0.727701 0.731988 0.736234 0.740438 0.744598 0.748716 0.752789 0.756817 0.760618 0.764558 0.768457 0.772315 0.776133 0.779911 0.783649 0.787349 0.791011 0.794634 0.798220 0.801769 0.805282 0.808758 0.812199 0.815605 0.818977 0.822314 0.825618 0.828889 0.832127 0.835333 0.838507 0.841650 0.844762 0.847844 0.850896 0.853919 0.856913 0.859879 0.862817 0.865728 0.868612 0.871469 0.874301 0.877106 0.879887 0.882644 0.885377 0.888085 0.890771 0.893435 0.896076 0.898696 0.901294 0.903872 0.906430 0.908968 0.911487 0.913987 0.916468 0.918932 0.921379 0.923809 0.926223 0.928620 0.931003 0.933370 0.935723 0.938062 0.940388 0.942700 0.945001 0.947289 0.949565 0.951831 0.954086 0.956330 0.958566 0.960792 0.963009 0.965218 0.967420 0.969614 0.971801 0.973983 0.976158 0.978328 0.980494 0.982655 0.984812 0.986965 0.989116 0.991264 0.993411 0.995556 0.997700 1.000000))
(channel blue)
(curve
    (curve-type smooth)
    (n-points 17)
    (points 34 0.000000 0.000000 -1.000000 -1.000000 -1.000000 -1.000000 -1.000000 -1.000000 0.259146 0.216216 -1.000000 -1.000000 -1.000000 -1.000000 -1.000000 -1.000000 -1.000000 -1.000000 -1.000000 -1.000000 -1.000000 -1.000000 0.698171 0.621622 -1.000000 -1.000000 -1.000000 -1.000000 -1.000000 -1.000000 -1.000000 -1.000000 1.000000 1.000000)
    (n-samples 256)
    (samples 256 0.000000 0.003162 0.006324 0.009487 0.012650 0.015814 0.018978 0.022143 0.025310 0.028477 0.031646 0.034816 0.037988 0.041162 0.044338 0.047516 0.050696 0.053879 0.057064 0.060252 0.063443 0.066637 0.069834 0.073034 0.076238 0.079445 0.082656 0.085871 0.089091 0.092314 0.095542 0.098774 0.102011 0.105253 0.108499 0.111751 0.115009 0.118271 0.121539 0.124813 0.128093 0.131379 0.134671 0.137969 0.141274 0.144586 0.147904 0.151229 0.154562 0.157901 0.161248 0.164603 0.167965 0.171335 0.174713 0.178099 0.181494 0.184897 0.188308 0.191729 0.195158 0.198596 0.202044 0.205501 0.208967 0.212443 0.216216 0.219705 0.223190 0.226670 0.230146 0.233618 0.237086 0.240551 0.244012 0.247470 0.250924 0.254376 0.257825 0.261272 0.264716 0.268158 0.271599 0.275037 0.278474 0.281909 0.285344 0.288777 0.292210 0.295642 0.299074 0.302505 0.305936 0.309368 0.312800 0.316232 0.319665 0.323099 0.326534 0.329971 0.333409 0.336849 0.340290 0.343734 0.347180 0.350628 0.354079 0.357533 0.360989 0.364449 0.367913 0.371380 0.374850 0.378325 0.381804 0.385287 0.388775 0.392268 0.395765 0.399268 0.402775 0.406289 0.409808 0.413333 0.416864 0.420401 0.423945 0.427495 0.431052 0.434616 0.438188 0.441766 0.445353 0.448947 0.452549 0.456159 0.459778 0.463405 0.467041 0.470686 0.474340 0.478003 0.481676 0.485358 0.489050 0.492753 0.496465 0.500188 0.503922 0.507667 0.511422 0.515189 0.518967 0.522757 0.526558 0.530372 0.534198 0.538036 0.541886 0.545749 0.549626 0.553515 0.557417 0.561334 0.565263 0.569207 0.573165 0.577137 0.581123 0.585124 0.589140 0.593171 0.597217 0.601279 0.605356 0.609449 0.613558 0.617683 0.621622 0.625785 0.629979 0.634201 0.638452 0.642731 0.647039 0.651374 0.655736 0.660125 0.664540 0.668982 0.673449 0.677941 0.682458 0.687000 0.691566 0.696155 0.700768 0.705403 0.710062 0.714742 0.719444 0.724167 0.728912 0.733677 0.738462 0.743267 0.748091 0.752934 0.757796 0.762677 0.767575 0.772490 0.777423 0.782373 0.787338 0.792320 0.797317 0.802329 0.807356 0.812398 0.817453 0.822522 0.827604 0.832699 0.837807 0.842926 0.848057 0.853200 0.858353 0.863517 0.868690 0.873874 0.879067 0.884268 0.889479 0.894697 0.899923 0.905157 0.910397 0.915644 0.920898 0.926157 0.931421 0.936691 0.941965 0.947244 0.952526 0.957812 0.963101 0.968393 0.973687 0.978983 0.984280 0.989579 0.994878 1.000000))
(channel alpha)
(curve
    (curve-type smooth)
    (n-points 17)
    (points 34 0.000000 0.000000 -1.000000 -1.000000 -1.000000 -1.000000 -1.000000 -1.000000 -1.000000 -1.000000 -1.000000 -1.000000 -1.000000 -1.000000 -1.000000 -1.000000 -1.000000 -1.000000 -1.000000 -1.000000 -1.000000 -1.000000 -1.000000 -1.000000 -1.000000 -1.000000 -1.000000 -1.000000 -1.000000 -1.000000 -1.000000 -1.000000 1.000000 1.000000)
    (n-samples 256)
    (samples 256 0.000000 0.003922 0.007843 0.011765 0.015686 0.019608 0.023529 0.027451 0.031373 0.035294 0.039216 0.043137 0.047059 0.050980 0.054902 0.058824 0.062745 0.066667 0.070588 0.074510 0.078431 0.082353 0.086275 0.090196 0.094118 0.098039 0.101961 0.105882 0.109804 0.113725 0.117647 0.121569 0.125490 0.129412 0.133333 0.137255 0.141176 0.145098 0.149020 0.152941 0.156863 0.160784 0.164706 0.168627 0.172549 0.176471 0.180392 0.184314 0.188235 0.192157 0.196078 0.200000 0.203922 0.207843 0.211765 0.215686 0.219608 0.223529 0.227451 0.231373 0.235294 0.239216 0.243137 0.247059 0.250980 0.254902 0.258824 0.262745 0.266667 0.270588 0.274510 0.278431 0.282353 0.286275 0.290196 0.294118 0.298039 0.301961 0.305882 0.309804 0.313725 0.317647 0.321569 0.325490 0.329412 0.333333 0.337255 0.341176 0.345098 0.349020 0.352941 0.356863 0.360784 0.364706 0.368627 0.372549 0.376471 0.380392 0.384314 0.388235 0.392157 0.396078 0.400000 0.403922 0.407843 0.411765 0.415686 0.419608 0.423529 0.427451 0.431373 0.435294 0.439216 0.443137 0.447059 0.450980 0.454902 0.458824 0.462745 0.466667 0.470588 0.474510 0.478431 0.482353 0.486275 0.490196 0.494118 0.498039 0.501961 0.505882 0.509804 0.513725 0.517647 0.521569 0.525490 0.529412 0.533333 0.537255 0.541176 0.545098 0.549020 0.552941 0.556863 0.560784 0.564706 0.568627 0.572549 0.576471 0.580392 0.584314 0.588235 0.592157 0.596078 0.600000 0.603922 0.607843 0.611765 0.615686 0.619608 0.623529 0.627451 0.631373 0.635294 0.639216 0.643137 0.647059 0.650980 0.654902 0.658824 0.662745 0.666667 0.670588 0.674510 0.678431 0.682353 0.686275 0.690196 0.694118 0.698039 0.701961 0.705882 0.709804 0.713725 0.717647 0.721569 0.725490 0.729412 0.733333 0.737255 0.741176 0.745098 0.749020 0.752941 0.756863 0.760784 0.764706 0.768627 0.772549 0.776471 0.780392 0.784314 0.788235 0.792157 0.796078 0.800000 0.803922 0.807843 0.811765 0.815686 0.819608 0.823529 0.827451 0.831373 0.835294 0.839216 0.843137 0.847059 0.850980 0.854902 0.858824 0.862745 0.866667 0.870588 0.874510 0.878431 0.882353 0.886275 0.890196 0.894118 0.898039 0.901961 0.905882 0.909804 0.913725 0.917647 0.921569 0.925490 0.929412 0.933333 0.937255 0.941176 0.945098 0.949020 0.952941 0.956863 0.960784 0.964706 0.968627 0.972549 0.976471 0.980392 0.984314 0.988235 0.992157 0.996078 1.000000))

# end of curves tool settings
