# GIMP curves tool settings

(time 0)
(channel value)
(curve
    (curve-type smooth)
    (n-points 17)
    (points 34 0.000000 0.000000 -1.000000 -1.000000 -1.000000 -1.000000 0.213415 0.394531 -1.000000 -1.000000 -1.000000 -1.000000 -1.000000 -1.000000 0.442073 0.648438 -1.000000 -1.000000 -1.000000 -1.000000 -1.000000 -1.000000 0.670732 0.824219 -1.000000 -1.000000 -1.000000 -1.000000 -1.000000 -1.000000 -1.000000 -1.000000 1.000000 1.000000)
    (n-samples 256)
    (samples 256 0.000000 0.007998 0.015995 0.023988 0.031977 0.039960 0.047936 0.055902 0.063858 0.071801 0.079731 0.087646 0.095544 0.103423 0.111284 0.119122 0.126939 0.134730 0.142496 0.150235 0.157945 0.165625 0.173272 0.180887 0.188466 0.196009 0.203514 0.210980 0.218405 0.225787 0.233125 0.240418 0.247664 0.254861 0.262008 0.269104 0.276146 0.283134 0.290066 0.296940 0.303755 0.310509 0.317202 0.323830 0.330393 0.336890 0.343318 0.349676 0.355963 0.362178 0.368318 0.374382 0.380368 0.386276 0.394531 0.400247 0.405892 0.411466 0.416971 0.422408 0.427778 0.433084 0.438326 0.443505 0.448622 0.453680 0.458679 0.463620 0.468505 0.473335 0.478112 0.482836 0.487509 0.492133 0.496708 0.501235 0.505717 0.510154 0.514548 0.518899 0.523210 0.527482 0.531715 0.535911 0.540071 0.544198 0.548291 0.552352 0.556383 0.560384 0.564358 0.568304 0.572226 0.576123 0.579998 0.583851 0.587684 0.591498 0.595294 0.599074 0.602838 0.606589 0.610327 0.614054 0.617771 0.621480 0.625181 0.628876 0.632566 0.636252 0.639936 0.643619 0.647303 0.648438 0.652109 0.655752 0.659370 0.662960 0.666524 0.670062 0.673574 0.677060 0.680520 0.683955 0.687366 0.690751 0.694112 0.697448 0.700760 0.704048 0.707312 0.710553 0.713771 0.716965 0.720137 0.723286 0.726412 0.729517 0.732599 0.735660 0.738699 0.741717 0.744714 0.747690 0.750645 0.753580 0.756495 0.759389 0.762264 0.765120 0.767956 0.770773 0.773572 0.776352 0.779113 0.781856 0.784581 0.787289 0.789979 0.792651 0.795307 0.797946 0.800568 0.803174 0.805764 0.808337 0.810895 0.813438 0.815965 0.818477 0.820974 0.824219 0.826683 0.829134 0.831572 0.833997 0.836409 0.838808 0.841195 0.843569 0.845932 0.848282 0.850620 0.852947 0.855262 0.857565 0.859858 0.862139 0.864409 0.866669 0.868918 0.871157 0.873385 0.875603 0.877811 0.880010 0.882199 0.884378 0.886548 0.888709 0.890861 0.893004 0.895138 0.897264 0.899382 0.901491 0.903592 0.905686 0.907771 0.909850 0.911920 0.913984 0.916041 0.918090 0.920133 0.922169 0.924199 0.926223 0.928240 0.930252 0.932258 0.934258 0.936253 0.938242 0.940227 0.942206 0.944180 0.946150 0.948116 0.950077 0.952034 0.953986 0.955935 0.957881 0.959823 0.961761 0.963696 0.965628 0.967558 0.969484 0.971408 0.973330 0.975249 0.977166 0.979082 0.980995 0.982907 0.984818 0.986727 0.988635 0.990542 0.992449 0.994355 0.996260 0.998165 1.000000))
(channel red)
(curve
    (curve-type smooth)
    (n-points 17)
    (points 34 0.000000 0.000000 -1.000000 -1.000000 0.152439 0.179688 -1.000000 -1.000000 -1.000000 -1.000000 -1.000000 -1.000000 -1.000000 -1.000000 -1.000000 -1.000000 -1.000000 -1.000000 0.573171 0.683398 -1.000000 -1.000000 -1.000000 -1.000000 -1.000000 -1.000000 -1.000000 -1.000000 -1.000000 -1.000000 -1.000000 -1.000000 1.000000 1.000000)
    (n-samples 256)
    (samples 256 0.000000 0.004596 0.009192 0.013788 0.018385 0.022982 0.027580 0.032178 0.036777 0.041377 0.045977 0.050579 0.055182 0.059786 0.064392 0.068999 0.073608 0.078218 0.082830 0.087444 0.092060 0.096678 0.101299 0.105922 0.110547 0.115174 0.119805 0.124438 0.129074 0.133712 0.138354 0.142999 0.147648 0.152300 0.156955 0.161614 0.166276 0.170942 0.175613 0.179688 0.184372 0.189074 0.193792 0.198526 0.203275 0.208040 0.212819 0.217613 0.222420 0.227240 0.232073 0.236918 0.241775 0.246643 0.251522 0.256411 0.261310 0.266218 0.271136 0.276061 0.280995 0.285936 0.290884 0.295838 0.300799 0.305764 0.310735 0.315711 0.320690 0.325674 0.330660 0.335649 0.340640 0.345633 0.350627 0.355621 0.360616 0.365611 0.370605 0.375598 0.380589 0.385578 0.390564 0.395547 0.400527 0.405503 0.410474 0.415440 0.420400 0.425355 0.430303 0.435244 0.440178 0.445104 0.450021 0.454930 0.459829 0.464718 0.469598 0.474466 0.479323 0.484169 0.489002 0.493822 0.498630 0.503423 0.508203 0.512968 0.517718 0.522452 0.527171 0.531872 0.536557 0.541225 0.545874 0.550505 0.555117 0.559710 0.564282 0.568835 0.573366 0.577877 0.582365 0.586831 0.591275 0.595695 0.600092 0.604464 0.608812 0.613134 0.617431 0.621702 0.625947 0.630164 0.634354 0.638515 0.642649 0.646753 0.650828 0.654873 0.658887 0.662871 0.666823 0.670743 0.674631 0.678487 0.683398 0.687181 0.690940 0.694675 0.698387 0.702074 0.705739 0.709380 0.712999 0.716595 0.720168 0.723719 0.727249 0.730756 0.734242 0.737707 0.741151 0.744573 0.747976 0.751357 0.754719 0.758061 0.761383 0.764685 0.767968 0.771233 0.774478 0.777705 0.780913 0.784103 0.787275 0.790430 0.793567 0.796687 0.799790 0.802876 0.805945 0.808998 0.812035 0.815056 0.818061 0.821051 0.824026 0.826985 0.829930 0.832861 0.835777 0.838678 0.841566 0.844441 0.847302 0.850149 0.852984 0.855806 0.858615 0.861412 0.864197 0.866970 0.869732 0.872482 0.875221 0.877948 0.880666 0.883372 0.886069 0.888755 0.891431 0.894098 0.896755 0.899404 0.902043 0.904674 0.907296 0.909909 0.912515 0.915113 0.917703 0.920286 0.922862 0.925431 0.927993 0.930549 0.933098 0.935642 0.938179 0.940711 0.943238 0.945760 0.948276 0.950788 0.953296 0.955799 0.958298 0.960794 0.963286 0.965774 0.968260 0.970743 0.973223 0.975700 0.978175 0.980649 0.983120 0.985590 0.988059 0.990527 0.992993 0.995460 0.997925 1.000000))
(channel green)
(curve
    (curve-type smooth)
    (n-points 17)
    (points 34 0.000000 0.000000 -1.000000 -1.000000 -1.000000 -1.000000 -1.000000 -1.000000 0.231707 0.250965 -1.000000 -1.000000 -1.000000 -1.000000 -1.000000 -1.000000 -1.000000 -1.000000 -1.000000 -1.000000 0.609756 0.637066 -1.000000 -1.000000 -1.000000 -1.000000 -1.000000 -1.000000 -1.000000 -1.000000 -1.000000 -1.000000 1.000000 1.000000)
    (n-samples 256)
    (samples 256 0.000000 0.004323 0.008645 0.012967 0.017289 0.021611 0.025931 0.030251 0.034570 0.038888 0.043205 0.047521 0.051835 0.056147 0.060458 0.064767 0.069074 0.073379 0.077682 0.081983 0.086281 0.090576 0.094869 0.099159 0.103446 0.107730 0.112011 0.116288 0.120562 0.124832 0.129098 0.133361 0.137619 0.141874 0.146124 0.150370 0.154611 0.158848 0.163080 0.167306 0.171528 0.175745 0.179957 0.184163 0.188363 0.192558 0.196747 0.200930 0.205107 0.209277 0.213442 0.217600 0.221751 0.225896 0.230034 0.234164 0.238288 0.242405 0.246514 0.250965 0.255062 0.259159 0.263256 0.267353 0.271449 0.275546 0.279641 0.283736 0.287831 0.291925 0.296019 0.300111 0.304203 0.308295 0.312385 0.316475 0.320563 0.324651 0.328737 0.332822 0.336906 0.340989 0.345070 0.349150 0.353229 0.357306 0.361382 0.365456 0.369528 0.373598 0.377667 0.381734 0.385799 0.389862 0.393923 0.397982 0.402039 0.406093 0.410146 0.414196 0.418243 0.422289 0.426331 0.430372 0.434409 0.438444 0.442476 0.446506 0.450533 0.454556 0.458577 0.462595 0.466610 0.470621 0.474630 0.478635 0.482637 0.486636 0.490631 0.494623 0.498611 0.502595 0.506576 0.510554 0.514527 0.518497 0.522463 0.526424 0.530382 0.534336 0.538286 0.542232 0.546173 0.550110 0.554043 0.557971 0.561895 0.565814 0.569729 0.573640 0.577545 0.581446 0.585342 0.589233 0.593119 0.597000 0.600877 0.604748 0.608614 0.612474 0.616330 0.620180 0.624025 0.627864 0.631698 0.637066 0.640886 0.644702 0.648512 0.652317 0.656117 0.659912 0.663701 0.667486 0.671267 0.675042 0.678812 0.682578 0.686339 0.690095 0.693847 0.697595 0.701338 0.705076 0.708810 0.712540 0.716266 0.719987 0.723705 0.727418 0.731127 0.734832 0.738534 0.742231 0.745925 0.749614 0.753301 0.756983 0.760662 0.764337 0.768009 0.771677 0.775342 0.779004 0.782663 0.786318 0.789970 0.793618 0.797264 0.800907 0.804547 0.808184 0.811818 0.815449 0.819078 0.822703 0.826327 0.829947 0.833565 0.837181 0.840794 0.844405 0.848013 0.851619 0.855223 0.858825 0.862425 0.866022 0.869618 0.873211 0.876803 0.880393 0.883981 0.887568 0.891152 0.894736 0.898317 0.901897 0.905476 0.909053 0.912628 0.916203 0.919776 0.923348 0.926919 0.930489 0.934057 0.937625 0.941192 0.944758 0.948323 0.951887 0.955451 0.959014 0.962576 0.966138 0.969699 0.973260 0.976820 0.980380 0.983940 0.987499 0.991059 0.994618 0.998177 1.000000))
(channel blue)
(curve
    (curve-type smooth)
    (n-points 17)
    (points 34 0.000000 0.000000 -1.000000 -1.000000 -1.000000 -1.000000 -1.000000 -1.000000 0.243902 0.181467 -1.000000 -1.000000 -1.000000 -1.000000 -1.000000 -1.000000 -1.000000 -1.000000 -1.000000 -1.000000 -1.000000 -1.000000 0.710366 0.625483 -1.000000 -1.000000 -1.000000 -1.000000 -1.000000 -1.000000 -1.000000 -1.000000 1.000000 1.000000)
    (n-samples 256)
    (samples 256 0.000000 0.002650 0.005301 0.007952 0.010605 0.013259 0.015915 0.018574 0.021236 0.023901 0.026570 0.029243 0.031920 0.034603 0.037291 0.039985 0.042685 0.045391 0.048105 0.050826 0.053555 0.056292 0.059038 0.061794 0.064558 0.067333 0.070118 0.072914 0.075721 0.078540 0.081370 0.084214 0.087070 0.089939 0.092822 0.095719 0.098631 0.101557 0.104499 0.107457 0.110431 0.113422 0.116429 0.119454 0.122497 0.125558 0.128638 0.131737 0.134855 0.137994 0.141152 0.144332 0.147532 0.150754 0.153999 0.157265 0.160555 0.163867 0.167204 0.170564 0.173949 0.177359 0.181467 0.184921 0.188375 0.191830 0.195286 0.198744 0.202203 0.205663 0.209125 0.212588 0.216053 0.219520 0.222988 0.226459 0.229932 0.233407 0.236884 0.240363 0.243845 0.247330 0.250817 0.254307 0.257800 0.261296 0.264794 0.268296 0.271802 0.275310 0.278823 0.282338 0.285858 0.289381 0.292908 0.296438 0.299973 0.303512 0.307056 0.310603 0.314156 0.317712 0.321273 0.324840 0.328410 0.331986 0.335567 0.339153 0.342744 0.346341 0.349943 0.353550 0.357164 0.360782 0.364407 0.368038 0.371674 0.375317 0.378966 0.382621 0.386283 0.389951 0.393626 0.397308 0.400996 0.404691 0.408394 0.412103 0.415820 0.419544 0.423275 0.427014 0.430760 0.434514 0.438276 0.442046 0.445824 0.449610 0.453404 0.457207 0.461017 0.464837 0.468665 0.472501 0.476346 0.480201 0.484064 0.487936 0.491818 0.495708 0.499609 0.503518 0.507437 0.511366 0.515305 0.519253 0.523212 0.527180 0.531159 0.535148 0.539147 0.543157 0.547178 0.551209 0.555250 0.559303 0.563367 0.567441 0.571527 0.575624 0.579733 0.583853 0.587984 0.592127 0.596282 0.600448 0.604627 0.608818 0.613021 0.617236 0.621463 0.625483 0.629745 0.634040 0.638368 0.642728 0.647119 0.651542 0.655996 0.660480 0.664994 0.669537 0.674110 0.678711 0.683340 0.687996 0.692680 0.697391 0.702128 0.706890 0.711678 0.716491 0.721329 0.726190 0.731075 0.735983 0.740913 0.745866 0.750841 0.755836 0.760853 0.765890 0.770947 0.776023 0.781119 0.786232 0.791364 0.796514 0.801681 0.806864 0.812064 0.817280 0.822511 0.827757 0.833017 0.838292 0.843580 0.848881 0.854194 0.859520 0.864858 0.870207 0.875566 0.880937 0.886317 0.891706 0.897105 0.902512 0.907927 0.913350 0.918780 0.924217 0.929660 0.935109 0.940563 0.946022 0.951486 0.956954 0.962425 0.967899 0.973376 0.978856 0.984337 0.989819 0.995302 1.000000))
(channel alpha)
(curve
    (curve-type smooth)
    (n-points 17)
    (points 34 0.000000 0.000000 -1.000000 -1.000000 -1.000000 -1.000000 -1.000000 -1.000000 -1.000000 -1.000000 -1.000000 -1.000000 -1.000000 -1.000000 -1.000000 -1.000000 -1.000000 -1.000000 -1.000000 -1.000000 -1.000000 -1.000000 -1.000000 -1.000000 -1.000000 -1.000000 -1.000000 -1.000000 -1.000000 -1.000000 -1.000000 -1.000000 1.000000 1.000000)
    (n-samples 256)
    (samples 256 0.000000 0.003922 0.007843 0.011765 0.015686 0.019608 0.023529 0.027451 0.031373 0.035294 0.039216 0.043137 0.047059 0.050980 0.054902 0.058824 0.062745 0.066667 0.070588 0.074510 0.078431 0.082353 0.086275 0.090196 0.094118 0.098039 0.101961 0.105882 0.109804 0.113725 0.117647 0.121569 0.125490 0.129412 0.133333 0.137255 0.141176 0.145098 0.149020 0.152941 0.156863 0.160784 0.164706 0.168627 0.172549 0.176471 0.180392 0.184314 0.188235 0.192157 0.196078 0.200000 0.203922 0.207843 0.211765 0.215686 0.219608 0.223529 0.227451 0.231373 0.235294 0.239216 0.243137 0.247059 0.250980 0.254902 0.258824 0.262745 0.266667 0.270588 0.274510 0.278431 0.282353 0.286275 0.290196 0.294118 0.298039 0.301961 0.305882 0.309804 0.313725 0.317647 0.321569 0.325490 0.329412 0.333333 0.337255 0.341176 0.345098 0.349020 0.352941 0.356863 0.360784 0.364706 0.368627 0.372549 0.376471 0.380392 0.384314 0.388235 0.392157 0.396078 0.400000 0.403922 0.407843 0.411765 0.415686 0.419608 0.423529 0.427451 0.431373 0.435294 0.439216 0.443137 0.447059 0.450980 0.454902 0.458824 0.462745 0.466667 0.470588 0.474510 0.478431 0.482353 0.486275 0.490196 0.494118 0.498039 0.501961 0.505882 0.509804 0.513725 0.517647 0.521569 0.525490 0.529412 0.533333 0.537255 0.541176 0.545098 0.549020 0.552941 0.556863 0.560784 0.564706 0.568627 0.572549 0.576471 0.580392 0.584314 0.588235 0.592157 0.596078 0.600000 0.603922 0.607843 0.611765 0.615686 0.619608 0.623529 0.627451 0.631373 0.635294 0.639216 0.643137 0.647059 0.650980 0.654902 0.658824 0.662745 0.666667 0.670588 0.674510 0.678431 0.682353 0.686275 0.690196 0.694118 0.698039 0.701961 0.705882 0.709804 0.713725 0.717647 0.721569 0.725490 0.729412 0.733333 0.737255 0.741176 0.745098 0.749020 0.752941 0.756863 0.760784 0.764706 0.768627 0.772549 0.776471 0.780392 0.784314 0.788235 0.792157 0.796078 0.800000 0.803922 0.807843 0.811765 0.815686 0.819608 0.823529 0.827451 0.831373 0.835294 0.839216 0.843137 0.847059 0.850980 0.854902 0.858824 0.862745 0.866667 0.870588 0.874510 0.878431 0.882353 0.886275 0.890196 0.894118 0.898039 0.901961 0.905882 0.909804 0.913725 0.917647 0.921569 0.925490 0.929412 0.933333 0.937255 0.941176 0.945098 0.949020 0.952941 0.956863 0.960784 0.964706 0.968627 0.972549 0.976471 0.980392 0.984314 0.988235 0.992157 0.996078 1.000000))

# end of curves tool settings
