# GIMP curves tool settings

(time 0)
(time 0)
(channel value)
(curve
    (curve-type smooth)
    (n-points 17)
    (points 34 0.000000 0.359073 -1.000000 -1.000000 -1.000000 -1.000000 0.192073 0.420849 -1.000000 -1.000000 -1.000000 -1.000000 0.368902 0.455598 0.454268 0.513514 -1.000000 -1.000000 -1.000000 -1.000000 -1.000000 -1.000000 -1.000000 -1.000000 0.725610 0.764479 -1.000000 -1.000000 -1.000000 -1.000000 -1.000000 -1.000000 1.000000 1.000000)
    (n-samples 256)
    (samples 256 0.359073 0.360452 0.361831 0.363209 0.364586 0.365962 0.367336 0.368709 0.370079 0.371448 0.372813 0.374176 0.375535 0.376891 0.378243 0.379591 0.380935 0.382273 0.383607 0.384936 0.386259 0.387576 0.388887 0.390191 0.391489 0.392779 0.394063 0.395338 0.396606 0.397865 0.399116 0.400358 0.401591 0.402815 0.404029 0.405232 0.406426 0.407609 0.408781 0.409942 0.411091 0.412229 0.413355 0.414468 0.415568 0.416656 0.417730 0.418791 0.419838 0.420849 0.421851 0.422805 0.423714 0.424582 0.425409 0.426199 0.426955 0.427679 0.428373 0.429041 0.429684 0.430306 0.430909 0.431495 0.432067 0.432627 0.433179 0.433724 0.434266 0.434807 0.435349 0.435895 0.436448 0.437010 0.437583 0.438171 0.438776 0.439400 0.440046 0.440717 0.441414 0.442142 0.442902 0.443696 0.444528 0.445400 0.446315 0.447275 0.448282 0.449340 0.450450 0.451616 0.452840 0.454124 0.455598 0.457067 0.458695 0.460476 0.462403 0.464469 0.466668 0.468993 0.471436 0.473992 0.476653 0.479412 0.482262 0.485198 0.488211 0.491295 0.494444 0.497650 0.500906 0.504206 0.507543 0.510910 0.513514 0.516918 0.520339 0.523776 0.527229 0.530697 0.534181 0.537678 0.541190 0.544715 0.548254 0.551805 0.555368 0.558943 0.562529 0.566126 0.569733 0.573350 0.576977 0.580612 0.584256 0.587908 0.591568 0.595235 0.598909 0.602589 0.606275 0.609966 0.613662 0.617362 0.621066 0.624774 0.628485 0.632199 0.635915 0.639633 0.643351 0.647071 0.650791 0.654511 0.658230 0.661949 0.665665 0.669380 0.673093 0.676803 0.680509 0.684212 0.687910 0.691604 0.695293 0.698976 0.702654 0.706324 0.709988 0.713645 0.717293 0.720934 0.724565 0.728188 0.731801 0.735403 0.738995 0.742577 0.746146 0.749704 0.753250 0.756782 0.760301 0.764479 0.767972 0.771459 0.774942 0.778418 0.781890 0.785356 0.788818 0.792274 0.795726 0.799172 0.802614 0.806051 0.809484 0.812912 0.816335 0.819754 0.823169 0.826580 0.829986 0.833389 0.836787 0.840182 0.843572 0.846960 0.850343 0.853723 0.857099 0.860472 0.863841 0.867208 0.870571 0.873931 0.877288 0.880642 0.883993 0.887342 0.890687 0.894030 0.897371 0.900709 0.904045 0.907378 0.910709 0.914038 0.917365 0.920690 0.924013 0.927335 0.930654 0.933972 0.937288 0.940603 0.943916 0.947228 0.950539 0.953848 0.957157 0.960464 0.963770 0.967076 0.970381 0.973685 0.976988 0.980291 0.983593 0.986895 0.990197 0.993498 0.996799 1.000000))
(time 0)
(channel red)
(curve
    (curve-type smooth)
    (n-points 17)
    (points 34 0.000000 0.142857 -1.000000 -1.000000 -1.000000 -1.000000 0.204268 0.158301 -1.000000 -1.000000 -1.000000 -1.000000 -1.000000 -1.000000 -1.000000 -1.000000 -1.000000 -1.000000 -1.000000 -1.000000 -1.000000 -1.000000 0.701220 0.656371 -1.000000 -1.000000 -1.000000 -1.000000 -1.000000 -1.000000 -1.000000 -1.000000 1.000000 1.000000)
    (n-samples 256)
    (samples 256 0.142857 0.141866 0.140879 0.139896 0.138923 0.137961 0.137013 0.136082 0.135171 0.134283 0.133420 0.132586 0.131783 0.131015 0.130283 0.129591 0.128942 0.128339 0.127784 0.127280 0.126831 0.126438 0.126105 0.125835 0.125630 0.125493 0.125428 0.125437 0.125523 0.125688 0.125936 0.126270 0.126691 0.127204 0.127811 0.128514 0.129318 0.130223 0.131235 0.132354 0.133584 0.134929 0.136390 0.137970 0.139673 0.141502 0.143458 0.145546 0.147767 0.150125 0.152623 0.155263 0.158301 0.161188 0.164104 0.167050 0.170025 0.173028 0.176060 0.179120 0.182208 0.185323 0.188466 0.191635 0.194831 0.198053 0.201301 0.204574 0.207873 0.211197 0.214545 0.217918 0.221314 0.224735 0.228178 0.231645 0.235135 0.238647 0.242181 0.245737 0.249314 0.252913 0.256532 0.260172 0.263832 0.267512 0.271212 0.274931 0.278669 0.282426 0.286201 0.289994 0.293805 0.297633 0.301479 0.305341 0.309219 0.313114 0.317025 0.320951 0.324892 0.328848 0.332819 0.336804 0.340803 0.344816 0.348842 0.352881 0.356933 0.360997 0.365073 0.369161 0.373260 0.377371 0.381492 0.385624 0.389766 0.393918 0.398079 0.402250 0.406429 0.410618 0.414814 0.419019 0.423231 0.427450 0.431677 0.435910 0.440150 0.444396 0.448647 0.452904 0.457167 0.461434 0.465705 0.469981 0.474261 0.478544 0.482831 0.487120 0.491412 0.495707 0.500003 0.504302 0.508601 0.512902 0.517203 0.521505 0.525807 0.530109 0.534410 0.538711 0.543010 0.547308 0.551605 0.555899 0.560190 0.564480 0.568766 0.573048 0.577327 0.581603 0.585873 0.590140 0.594401 0.598657 0.602908 0.607153 0.611392 0.615624 0.619849 0.624068 0.628278 0.632482 0.636677 0.640864 0.645042 0.649211 0.653371 0.656371 0.660526 0.664695 0.668878 0.673075 0.677286 0.681509 0.685746 0.689996 0.694258 0.698533 0.702821 0.707121 0.711432 0.715756 0.720091 0.724438 0.728796 0.733165 0.737544 0.741935 0.746336 0.750747 0.755169 0.759600 0.764042 0.768493 0.772953 0.777422 0.781901 0.786388 0.790884 0.795388 0.799901 0.804422 0.808950 0.813487 0.818031 0.822582 0.827140 0.831706 0.836278 0.840856 0.845441 0.850033 0.854630 0.859233 0.863842 0.868456 0.873076 0.877700 0.882330 0.886964 0.891603 0.896246 0.900893 0.905544 0.910199 0.914858 0.919520 0.924185 0.928853 0.933524 0.938198 0.942874 0.947553 0.952233 0.956916 0.961600 0.966286 0.970973 0.975661 0.980350 0.985040 0.989731 0.994422 1.000000))
(time 0)
(channel green)
(curve
    (curve-type smooth)
    (n-points 17)
    (points 34 0.000000 0.166023 -1.000000 -1.000000 -1.000000 -1.000000 -1.000000 -1.000000 0.256098 0.370656 -1.000000 -1.000000 -1.000000 -1.000000 -1.000000 -1.000000 -1.000000 -1.000000 -1.000000 -1.000000 -1.000000 -1.000000 -1.000000 -1.000000 0.725610 0.667954 -1.000000 -1.000000 -1.000000 -1.000000 -1.000000 -1.000000 1.000000 1.000000)
    (n-samples 256)
    (samples 256 0.166023 0.169367 0.172711 0.176054 0.179396 0.182737 0.186076 0.189414 0.192749 0.196082 0.199413 0.202741 0.206065 0.209386 0.212703 0.216015 0.219324 0.222627 0.225926 0.229219 0.232507 0.235788 0.239064 0.242333 0.245595 0.248850 0.252098 0.255338 0.258570 0.261793 0.265008 0.268215 0.271412 0.274599 0.277777 0.280945 0.284102 0.287249 0.290385 0.293509 0.296622 0.299723 0.302812 0.305889 0.308953 0.312003 0.315041 0.318065 0.321075 0.324070 0.327052 0.330018 0.332970 0.335905 0.338826 0.341730 0.344618 0.347489 0.350344 0.353181 0.356001 0.358803 0.361587 0.364353 0.367100 0.370656 0.373358 0.376039 0.378699 0.381339 0.383959 0.386560 0.389141 0.391704 0.394250 0.396777 0.399287 0.401781 0.404258 0.406720 0.409166 0.411598 0.414014 0.416417 0.418806 0.421182 0.423546 0.425897 0.428236 0.430564 0.432881 0.435187 0.437484 0.439771 0.442048 0.444317 0.446578 0.448831 0.451077 0.453315 0.455548 0.457774 0.459995 0.462210 0.464421 0.466628 0.468830 0.471030 0.473226 0.475421 0.477613 0.479803 0.481993 0.484181 0.486370 0.488559 0.490748 0.492938 0.495130 0.497324 0.499521 0.501720 0.503923 0.506129 0.508340 0.510555 0.512776 0.515002 0.517234 0.519473 0.521718 0.523971 0.526231 0.528500 0.530777 0.533064 0.535360 0.537666 0.539983 0.542310 0.544649 0.547000 0.549362 0.551738 0.554127 0.556529 0.558945 0.561376 0.563822 0.566283 0.568760 0.571253 0.573762 0.576289 0.578834 0.581396 0.583977 0.586577 0.589197 0.591836 0.594495 0.597175 0.599876 0.602599 0.605344 0.608111 0.610901 0.613715 0.616553 0.619414 0.622301 0.625212 0.628149 0.631113 0.634102 0.637119 0.640163 0.643235 0.646335 0.649464 0.652622 0.655810 0.659027 0.662276 0.665555 0.667954 0.671302 0.674710 0.678178 0.681705 0.685289 0.688930 0.692627 0.696379 0.700186 0.704046 0.707958 0.711922 0.715936 0.720001 0.724114 0.728275 0.732484 0.736739 0.741040 0.745385 0.749774 0.754205 0.758679 0.763194 0.767749 0.772343 0.776976 0.781646 0.786354 0.791097 0.795874 0.800687 0.805532 0.810409 0.815319 0.820258 0.825228 0.830226 0.835252 0.840305 0.845385 0.850490 0.855619 0.860772 0.865948 0.871146 0.876364 0.881603 0.886861 0.892137 0.897430 0.902741 0.908067 0.913408 0.918762 0.924130 0.929510 0.934902 0.940304 0.945715 0.951136 0.956564 0.961999 0.967440 0.972887 0.978337 0.983792 0.989248 0.994707 1.000000))
(time 0)
(channel blue)
(curve
    (curve-type smooth)
    (n-points 17)
    (points 34 0.000000 0.196911 -1.000000 -1.000000 -1.000000 -1.000000 -1.000000 -1.000000 -1.000000 -1.000000 -1.000000 -1.000000 -1.000000 -1.000000 0.390244 0.432432 -1.000000 -1.000000 -1.000000 -1.000000 -1.000000 -1.000000 0.682927 0.706564 -1.000000 -1.000000 -1.000000 -1.000000 -1.000000 -1.000000 0.951220 1.000000 -1.000000 -1.000000)
    (n-samples 256)
    (samples 256 0.196911 0.198998 0.201085 0.203173 0.205260 0.207349 0.209438 0.211529 0.213620 0.215713 0.217808 0.219904 0.222002 0.224102 0.226205 0.228309 0.230417 0.232526 0.234639 0.236755 0.238874 0.240997 0.243123 0.245253 0.247386 0.249524 0.251666 0.253812 0.255963 0.258119 0.260280 0.262446 0.264617 0.266793 0.268975 0.271163 0.273357 0.275556 0.277762 0.279975 0.282194 0.284420 0.286653 0.288893 0.291140 0.293395 0.295658 0.297928 0.300206 0.302492 0.304787 0.307090 0.309402 0.311722 0.314052 0.316391 0.318739 0.321096 0.323463 0.325840 0.328228 0.330625 0.333032 0.335450 0.337879 0.340319 0.342770 0.345231 0.347705 0.350189 0.352686 0.355194 0.357715 0.360247 0.362792 0.365350 0.367920 0.370503 0.373099 0.375708 0.378331 0.380968 0.383618 0.386282 0.388960 0.391652 0.394359 0.397080 0.399816 0.402567 0.405333 0.408115 0.410912 0.413724 0.416552 0.419396 0.422257 0.425133 0.428026 0.430936 0.432432 0.435375 0.438349 0.441354 0.444390 0.447457 0.450552 0.453677 0.456831 0.460013 0.463223 0.466459 0.469723 0.473013 0.476329 0.479670 0.483035 0.486425 0.489839 0.493277 0.496737 0.500219 0.503724 0.507250 0.510796 0.514364 0.517951 0.521557 0.525183 0.528827 0.532489 0.536168 0.539865 0.543578 0.547307 0.551052 0.554812 0.558586 0.562374 0.566176 0.569992 0.573820 0.577660 0.581511 0.585374 0.589248 0.593131 0.597025 0.600928 0.604839 0.608759 0.612686 0.616621 0.620563 0.624511 0.628465 0.632424 0.636388 0.640356 0.644328 0.648304 0.652282 0.656263 0.660246 0.664231 0.668216 0.672202 0.676187 0.680173 0.684157 0.688140 0.692121 0.696099 0.700075 0.706564 0.710538 0.714527 0.718529 0.722545 0.726574 0.730616 0.734671 0.738738 0.742818 0.746911 0.751015 0.755131 0.759259 0.763398 0.767548 0.771710 0.775882 0.780065 0.784258 0.788461 0.792674 0.796897 0.801130 0.805372 0.809623 0.813883 0.818152 0.822429 0.826715 0.831009 0.835311 0.839620 0.843937 0.848261 0.852592 0.856931 0.861276 0.865627 0.869985 0.874348 0.878718 0.883093 0.887474 0.891859 0.896250 0.900646 0.905046 0.909451 0.913860 0.918273 0.922690 0.927110 0.931534 0.935961 0.940390 0.944823 0.949258 0.953696 0.958135 0.962577 0.967020 0.971465 0.975911 0.980359 0.984807 0.989256 0.993705 0.998155 1.000000 1.000000 1.000000 1.000000 1.000000 1.000000 1.000000 1.000000 1.000000 1.000000 1.000000 1.000000 1.000000))
(time 0)
(channel alpha)
(curve
    (curve-type smooth)
    (n-points 17)
    (points 34 0.000000 0.000000 -1.000000 -1.000000 -1.000000 -1.000000 -1.000000 -1.000000 -1.000000 -1.000000 -1.000000 -1.000000 -1.000000 -1.000000 -1.000000 -1.000000 -1.000000 -1.000000 -1.000000 -1.000000 -1.000000 -1.000000 -1.000000 -1.000000 -1.000000 -1.000000 -1.000000 -1.000000 -1.000000 -1.000000 -1.000000 -1.000000 1.000000 1.000000)
    (n-samples 256)
    (samples 256 0.000000 0.003922 0.007843 0.011765 0.015686 0.019608 0.023529 0.027451 0.031373 0.035294 0.039216 0.043137 0.047059 0.050980 0.054902 0.058824 0.062745 0.066667 0.070588 0.074510 0.078431 0.082353 0.086275 0.090196 0.094118 0.098039 0.101961 0.105882 0.109804 0.113725 0.117647 0.121569 0.125490 0.129412 0.133333 0.137255 0.141176 0.145098 0.149020 0.152941 0.156863 0.160784 0.164706 0.168627 0.172549 0.176471 0.180392 0.184314 0.188235 0.192157 0.196078 0.200000 0.203922 0.207843 0.211765 0.215686 0.219608 0.223529 0.227451 0.231373 0.235294 0.239216 0.243137 0.247059 0.250980 0.254902 0.258824 0.262745 0.266667 0.270588 0.274510 0.278431 0.282353 0.286275 0.290196 0.294118 0.298039 0.301961 0.305882 0.309804 0.313725 0.317647 0.321569 0.325490 0.329412 0.333333 0.337255 0.341176 0.345098 0.349020 0.352941 0.356863 0.360784 0.364706 0.368627 0.372549 0.376471 0.380392 0.384314 0.388235 0.392157 0.396078 0.400000 0.403922 0.407843 0.411765 0.415686 0.419608 0.423529 0.427451 0.431373 0.435294 0.439216 0.443137 0.447059 0.450980 0.454902 0.458824 0.462745 0.466667 0.470588 0.474510 0.478431 0.482353 0.486275 0.490196 0.494118 0.498039 0.501961 0.505882 0.509804 0.513725 0.517647 0.521569 0.525490 0.529412 0.533333 0.537255 0.541176 0.545098 0.549020 0.552941 0.556863 0.560784 0.564706 0.568627 0.572549 0.576471 0.580392 0.584314 0.588235 0.592157 0.596078 0.600000 0.603922 0.607843 0.611765 0.615686 0.619608 0.623529 0.627451 0.631373 0.635294 0.639216 0.643137 0.647059 0.650980 0.654902 0.658824 0.662745 0.666667 0.670588 0.674510 0.678431 0.682353 0.686275 0.690196 0.694118 0.698039 0.701961 0.705882 0.709804 0.713725 0.717647 0.721569 0.725490 0.729412 0.733333 0.737255 0.741176 0.745098 0.749020 0.752941 0.756863 0.760784 0.764706 0.768627 0.772549 0.776471 0.780392 0.784314 0.788235 0.792157 0.796078 0.800000 0.803922 0.807843 0.811765 0.815686 0.819608 0.823529 0.827451 0.831373 0.835294 0.839216 0.843137 0.847059 0.850980 0.854902 0.858824 0.862745 0.866667 0.870588 0.874510 0.878431 0.882353 0.886275 0.890196 0.894118 0.898039 0.901961 0.905882 0.909804 0.913725 0.917647 0.921569 0.925490 0.929412 0.933333 0.937255 0.941176 0.945098 0.949020 0.952941 0.956863 0.960784 0.964706 0.968627 0.972549 0.976471 0.980392 0.984314 0.988235 0.992157 0.996078 1.000000))

# end of curves tool settings
