# GIMP curves tool settings

(time 0)
(time 0)
(channel value)
(curve
    (curve-type smooth)
    (n-points 17)
    (points 34 0.000000 0.185328 -1.000000 -1.000000 -1.000000 -1.000000 -1.000000 -1.000000 0.274390 0.293436 -1.000000 -1.000000 -1.000000 -1.000000 -1.000000 -1.000000 -1.000000 -1.000000 -1.000000 -1.000000 -1.000000 -1.000000 -1.000000 -1.000000 0.737805 0.884170 -1.000000 -1.000000 -1.000000 -1.000000 -1.000000 -1.000000 1.000000 1.000000)
    (n-samples 256)
    (samples 256 0.185328 0.185789 0.186251 0.186715 0.187184 0.187658 0.188138 0.188627 0.189125 0.189633 0.190154 0.190687 0.191236 0.191800 0.192381 0.192982 0.193602 0.194243 0.194907 0.195595 0.196308 0.197048 0.197816 0.198613 0.199440 0.200299 0.201192 0.202119 0.203082 0.204083 0.205122 0.206200 0.207320 0.208483 0.209689 0.210941 0.212239 0.213585 0.214980 0.216426 0.217923 0.219474 0.221079 0.222740 0.224458 0.226235 0.228071 0.229969 0.231929 0.233953 0.236042 0.238198 0.240421 0.242713 0.245076 0.247511 0.250019 0.252601 0.255259 0.257994 0.260808 0.263701 0.266675 0.269732 0.272873 0.276099 0.279411 0.282810 0.286299 0.289879 0.293436 0.297182 0.300991 0.304861 0.308791 0.312780 0.316827 0.320932 0.325092 0.329308 0.333577 0.337900 0.342274 0.346699 0.351173 0.355697 0.360267 0.364885 0.369547 0.374255 0.379005 0.383798 0.388632 0.393506 0.398419 0.403370 0.408359 0.413383 0.418442 0.423535 0.428660 0.433818 0.439005 0.444223 0.449469 0.454742 0.460042 0.465367 0.470717 0.476089 0.481484 0.486900 0.492336 0.497791 0.503263 0.508753 0.514258 0.519779 0.525313 0.530859 0.536417 0.541986 0.547564 0.553150 0.558744 0.564344 0.569949 0.575558 0.581171 0.586785 0.592401 0.598016 0.603630 0.609242 0.614851 0.620455 0.626054 0.631647 0.637232 0.642808 0.648375 0.653932 0.659476 0.665008 0.670526 0.676028 0.681515 0.686985 0.692437 0.697870 0.703282 0.708673 0.714042 0.719388 0.724709 0.730004 0.735273 0.740515 0.745727 0.750910 0.756062 0.761183 0.766270 0.771323 0.776342 0.781324 0.786269 0.791176 0.796043 0.800871 0.805657 0.810400 0.815100 0.819755 0.824365 0.828928 0.833443 0.837910 0.842326 0.846692 0.851006 0.855266 0.859473 0.863624 0.867720 0.871758 0.875737 0.879657 0.884170 0.887942 0.891622 0.895211 0.898710 0.902122 0.905447 0.908687 0.911843 0.914917 0.917909 0.920822 0.923657 0.926415 0.929097 0.931706 0.934242 0.936707 0.939102 0.941428 0.943688 0.945882 0.948011 0.950078 0.952084 0.954029 0.955916 0.957746 0.959520 0.961239 0.962906 0.964520 0.966085 0.967601 0.969069 0.970492 0.971870 0.973204 0.974497 0.975750 0.976963 0.978139 0.979278 0.980383 0.981455 0.982494 0.983503 0.984482 0.985434 0.986359 0.987260 0.988136 0.988991 0.989825 0.990639 0.991435 0.992215 0.992980 0.993730 0.994469 0.995196 0.995914 0.996623 0.997326 0.998023 0.998717 0.999407 1.000000))
(time 0)
(channel red)
(curve
    (curve-type smooth)
    (n-points 17)
    (points 34 0.000000 0.000000 -1.000000 -1.000000 -1.000000 -1.000000 0.195122 0.436293 -1.000000 -1.000000 -1.000000 -1.000000 -1.000000 -1.000000 -1.000000 -1.000000 -1.000000 -1.000000 -1.000000 -1.000000 -1.000000 -1.000000 -1.000000 -1.000000 -1.000000 -1.000000 0.804878 0.733591 -1.000000 -1.000000 -1.000000 -1.000000 1.000000 1.000000)
    (n-samples 256)
    (samples 256 0.000000 0.011365 0.022723 0.034069 0.045396 0.056698 0.067968 0.079201 0.090390 0.101528 0.112609 0.123628 0.134577 0.145451 0.156243 0.166947 0.177556 0.188065 0.198467 0.208755 0.218924 0.228967 0.238878 0.248650 0.258278 0.267754 0.277073 0.286229 0.295214 0.304023 0.312650 0.321088 0.329330 0.337372 0.345205 0.352825 0.360224 0.367397 0.374336 0.381037 0.387492 0.393695 0.399640 0.405321 0.410731 0.415865 0.420715 0.425275 0.429539 0.433502 0.436293 0.439841 0.443336 0.446778 0.450169 0.453509 0.456798 0.460038 0.463228 0.466370 0.469464 0.472511 0.475511 0.478465 0.481374 0.484237 0.487057 0.489833 0.492566 0.495256 0.497905 0.500513 0.503081 0.505608 0.508096 0.510546 0.512957 0.515332 0.517669 0.519970 0.522236 0.524467 0.526664 0.528827 0.530956 0.533054 0.535119 0.537154 0.539158 0.541132 0.543076 0.544992 0.546880 0.548740 0.550574 0.552381 0.554163 0.555919 0.557651 0.559360 0.561045 0.562708 0.564349 0.565969 0.567568 0.569147 0.570707 0.572247 0.573770 0.575275 0.576763 0.578235 0.579691 0.581132 0.582559 0.583971 0.585371 0.586758 0.588133 0.589496 0.590849 0.592192 0.593525 0.594849 0.596165 0.597474 0.598775 0.600070 0.601359 0.602643 0.603923 0.605198 0.606471 0.607740 0.609008 0.610274 0.611539 0.612804 0.614069 0.615336 0.616604 0.617874 0.619148 0.620424 0.621705 0.622991 0.624282 0.625579 0.626883 0.628194 0.629512 0.630839 0.632176 0.633522 0.634878 0.636245 0.637624 0.639015 0.640419 0.641836 0.643267 0.644713 0.646174 0.647651 0.649145 0.650656 0.652184 0.653731 0.655297 0.656883 0.658489 0.660115 0.661763 0.663433 0.665126 0.666843 0.668583 0.670348 0.672138 0.673954 0.675796 0.677665 0.679562 0.681487 0.683442 0.685425 0.687439 0.689484 0.691560 0.693668 0.695809 0.697982 0.700190 0.702433 0.704710 0.707023 0.709373 0.711759 0.714183 0.716645 0.719147 0.721687 0.724268 0.726889 0.729552 0.733591 0.736415 0.739394 0.742524 0.745801 0.749223 0.752786 0.756488 0.760325 0.764293 0.768391 0.772614 0.776960 0.781425 0.786006 0.790700 0.795504 0.800414 0.805428 0.810543 0.815754 0.821060 0.826457 0.831941 0.837510 0.843160 0.848888 0.854692 0.860567 0.866511 0.872521 0.878593 0.884725 0.890912 0.897153 0.903443 0.909780 0.916161 0.922581 0.929039 0.935531 0.942054 0.948604 0.955179 0.961775 0.968390 0.975019 0.981660 0.988310 0.994966 1.000000))
(time 0)
(channel green)
(curve
    (curve-type smooth)
    (n-points 17)
    (points 34 0.000000 0.000000 -1.000000 -1.000000 -1.000000 -1.000000 -1.000000 -1.000000 0.222561 0.316602 -1.000000 -1.000000 -1.000000 -1.000000 -1.000000 -1.000000 -1.000000 -1.000000 -1.000000 -1.000000 -1.000000 -1.000000 -1.000000 -1.000000 0.756098 0.729730 -1.000000 -1.000000 -1.000000 -1.000000 -1.000000 -1.000000 1.000000 1.000000)
    (n-samples 256)
    (samples 256 0.000000 0.006475 0.012949 0.019419 0.025884 0.032343 0.038793 0.045233 0.051661 0.058076 0.064476 0.070860 0.077225 0.083570 0.089893 0.096193 0.102467 0.108715 0.114935 0.121124 0.127282 0.133406 0.139496 0.145548 0.151562 0.157536 0.163469 0.169357 0.175201 0.180998 0.186746 0.192445 0.198091 0.203684 0.209222 0.214703 0.220126 0.225488 0.230789 0.236026 0.241198 0.246303 0.251340 0.256307 0.261201 0.266022 0.270768 0.275437 0.280028 0.284538 0.288967 0.293312 0.297572 0.301745 0.305829 0.309823 0.313725 0.316602 0.320373 0.324116 0.327832 0.331521 0.335184 0.338820 0.342431 0.346016 0.349576 0.353111 0.356622 0.360110 0.363573 0.367014 0.370432 0.373827 0.377200 0.380552 0.383883 0.387192 0.390481 0.393750 0.396999 0.400229 0.403440 0.406632 0.409805 0.412961 0.416100 0.419221 0.422325 0.425413 0.428485 0.431542 0.434583 0.437609 0.440621 0.443618 0.446602 0.449573 0.452530 0.455475 0.458408 0.461328 0.464237 0.467135 0.470023 0.472900 0.475767 0.478624 0.481472 0.484311 0.487142 0.489964 0.492779 0.495586 0.498387 0.501180 0.503968 0.506750 0.509526 0.512297 0.515063 0.517825 0.520583 0.523337 0.526088 0.528836 0.531582 0.534326 0.537067 0.539808 0.542547 0.545286 0.548025 0.550764 0.553503 0.556243 0.558985 0.561728 0.564473 0.567220 0.569971 0.572724 0.575481 0.578242 0.581007 0.583777 0.586551 0.589331 0.592117 0.594909 0.597708 0.600514 0.603326 0.606147 0.608975 0.611812 0.614658 0.617513 0.620377 0.623251 0.626136 0.629031 0.631937 0.634855 0.637784 0.640726 0.643680 0.646647 0.649627 0.652621 0.655629 0.658651 0.661688 0.664741 0.667809 0.670893 0.673993 0.677109 0.680243 0.683394 0.686563 0.689751 0.692956 0.696181 0.699425 0.702689 0.705972 0.709276 0.712601 0.715947 0.719315 0.722705 0.726117 0.729730 0.733198 0.736710 0.740263 0.743858 0.747493 0.751168 0.754882 0.758634 0.762425 0.766252 0.770116 0.774015 0.777950 0.781918 0.785921 0.789956 0.794023 0.798122 0.802251 0.806411 0.810600 0.814818 0.819064 0.823337 0.827636 0.831962 0.836313 0.840688 0.845087 0.849510 0.853954 0.858421 0.862908 0.867416 0.871943 0.876490 0.881055 0.885637 0.890236 0.894851 0.899482 0.904127 0.908787 0.913460 0.918145 0.922843 0.927552 0.932271 0.937000 0.941739 0.946486 0.951241 0.956003 0.960771 0.965545 0.970324 0.975107 0.979894 0.984684 0.989476 0.994270 1.000000))
(time 0)
(channel blue)
(curve
    (curve-type smooth)
    (n-points 17)
    (points 34 0.000000 0.000000 -1.000000 -1.000000 -1.000000 -1.000000 -1.000000 -1.000000 -1.000000 -1.000000 -1.000000 -1.000000 0.356707 0.231660 -1.000000 -1.000000 -1.000000 -1.000000 -1.000000 -1.000000 -1.000000 -1.000000 0.667683 0.779923 -1.000000 -1.000000 -1.000000 -1.000000 -1.000000 -1.000000 -1.000000 -1.000000 1.000000 1.000000)
    (n-samples 256)
    (samples 256 0.000000 0.001530 0.003061 0.004593 0.006127 0.007665 0.009206 0.010751 0.012302 0.013858 0.015421 0.016992 0.018570 0.020158 0.021755 0.023362 0.024981 0.026611 0.028254 0.029910 0.031580 0.033265 0.034965 0.036682 0.038415 0.040167 0.041936 0.043725 0.045534 0.047363 0.049214 0.051087 0.052983 0.054902 0.056846 0.058814 0.060809 0.062830 0.064879 0.066955 0.069060 0.071195 0.073360 0.075556 0.077783 0.080044 0.082337 0.084664 0.087026 0.089423 0.091857 0.094327 0.096835 0.099381 0.101966 0.104591 0.107257 0.109964 0.112713 0.115505 0.118340 0.121220 0.124145 0.127115 0.130132 0.133196 0.136307 0.139468 0.142678 0.145938 0.149249 0.152612 0.156027 0.159495 0.163017 0.166593 0.170225 0.173913 0.177658 0.181460 0.185321 0.189240 0.193219 0.197259 0.201360 0.205523 0.209748 0.214037 0.218390 0.222808 0.227292 0.231660 0.236327 0.241164 0.246166 0.251328 0.256648 0.262119 0.267738 0.273501 0.279403 0.285439 0.291606 0.297899 0.304313 0.310845 0.317490 0.324244 0.331101 0.338059 0.345112 0.352257 0.359488 0.366802 0.374194 0.381660 0.389195 0.396795 0.404456 0.412173 0.419943 0.427760 0.435620 0.443519 0.451453 0.459418 0.467408 0.475419 0.483448 0.491490 0.499540 0.507594 0.515648 0.523697 0.531738 0.539765 0.547775 0.555762 0.563723 0.571654 0.579549 0.587405 0.595218 0.602982 0.610694 0.618348 0.625942 0.633470 0.640928 0.648312 0.655618 0.662840 0.669975 0.677019 0.683966 0.690814 0.697556 0.704189 0.710709 0.717111 0.723391 0.729545 0.735567 0.741455 0.747203 0.752807 0.758262 0.763566 0.768712 0.773697 0.779923 0.784570 0.789144 0.793646 0.798077 0.802437 0.806728 0.810950 0.815104 0.819191 0.823213 0.827169 0.831061 0.834890 0.838656 0.842360 0.846004 0.849587 0.853112 0.856578 0.859987 0.863340 0.866637 0.869879 0.873068 0.876203 0.879287 0.882319 0.885301 0.888233 0.891117 0.893953 0.896743 0.899486 0.902184 0.904838 0.907449 0.910017 0.912543 0.915029 0.917475 0.919882 0.922251 0.924582 0.926877 0.929137 0.931362 0.933553 0.935711 0.937837 0.939932 0.941997 0.944032 0.946039 0.948018 0.949971 0.951897 0.953798 0.955675 0.957529 0.959361 0.961171 0.962960 0.964729 0.966479 0.968212 0.969927 0.971625 0.973309 0.974977 0.976632 0.978274 0.979905 0.981524 0.983132 0.984732 0.986323 0.987906 0.989483 0.991053 0.992619 0.994180 0.995739 0.997295 0.998849 1.000000))
(time 0)
(channel alpha)
(curve
    (curve-type smooth)
    (n-points 17)
    (points 34 0.000000 0.000000 -1.000000 -1.000000 -1.000000 -1.000000 -1.000000 -1.000000 -1.000000 -1.000000 -1.000000 -1.000000 -1.000000 -1.000000 -1.000000 -1.000000 -1.000000 -1.000000 -1.000000 -1.000000 -1.000000 -1.000000 -1.000000 -1.000000 -1.000000 -1.000000 -1.000000 -1.000000 -1.000000 -1.000000 -1.000000 -1.000000 1.000000 1.000000)
    (n-samples 256)
    (samples 256 0.000000 0.003922 0.007843 0.011765 0.015686 0.019608 0.023529 0.027451 0.031373 0.035294 0.039216 0.043137 0.047059 0.050980 0.054902 0.058824 0.062745 0.066667 0.070588 0.074510 0.078431 0.082353 0.086275 0.090196 0.094118 0.098039 0.101961 0.105882 0.109804 0.113725 0.117647 0.121569 0.125490 0.129412 0.133333 0.137255 0.141176 0.145098 0.149020 0.152941 0.156863 0.160784 0.164706 0.168627 0.172549 0.176471 0.180392 0.184314 0.188235 0.192157 0.196078 0.200000 0.203922 0.207843 0.211765 0.215686 0.219608 0.223529 0.227451 0.231373 0.235294 0.239216 0.243137 0.247059 0.250980 0.254902 0.258824 0.262745 0.266667 0.270588 0.274510 0.278431 0.282353 0.286275 0.290196 0.294118 0.298039 0.301961 0.305882 0.309804 0.313725 0.317647 0.321569 0.325490 0.329412 0.333333 0.337255 0.341176 0.345098 0.349020 0.352941 0.356863 0.360784 0.364706 0.368627 0.372549 0.376471 0.380392 0.384314 0.388235 0.392157 0.396078 0.400000 0.403922 0.407843 0.411765 0.415686 0.419608 0.423529 0.427451 0.431373 0.435294 0.439216 0.443137 0.447059 0.450980 0.454902 0.458824 0.462745 0.466667 0.470588 0.474510 0.478431 0.482353 0.486275 0.490196 0.494118 0.498039 0.501961 0.505882 0.509804 0.513725 0.517647 0.521569 0.525490 0.529412 0.533333 0.537255 0.541176 0.545098 0.549020 0.552941 0.556863 0.560784 0.564706 0.568627 0.572549 0.576471 0.580392 0.584314 0.588235 0.592157 0.596078 0.600000 0.603922 0.607843 0.611765 0.615686 0.619608 0.623529 0.627451 0.631373 0.635294 0.639216 0.643137 0.647059 0.650980 0.654902 0.658824 0.662745 0.666667 0.670588 0.674510 0.678431 0.682353 0.686275 0.690196 0.694118 0.698039 0.701961 0.705882 0.709804 0.713725 0.717647 0.721569 0.725490 0.729412 0.733333 0.737255 0.741176 0.745098 0.749020 0.752941 0.756863 0.760784 0.764706 0.768627 0.772549 0.776471 0.780392 0.784314 0.788235 0.792157 0.796078 0.800000 0.803922 0.807843 0.811765 0.815686 0.819608 0.823529 0.827451 0.831373 0.835294 0.839216 0.843137 0.847059 0.850980 0.854902 0.858824 0.862745 0.866667 0.870588 0.874510 0.878431 0.882353 0.886275 0.890196 0.894118 0.898039 0.901961 0.905882 0.909804 0.913725 0.917647 0.921569 0.925490 0.929412 0.933333 0.937255 0.941176 0.945098 0.949020 0.952941 0.956863 0.960784 0.964706 0.968627 0.972549 0.976471 0.980392 0.984314 0.988235 0.992157 0.996078 1.000000))

# end of curves tool settings
