# GIMP curves tool settings

(time 0)
(time 0)
(channel value)
(curve
    (curve-type smooth)
    (n-points 17)
    (points 34 0.006098 0.216216 -1.000000 -1.000000 -1.000000 -1.000000 -1.000000 -1.000000 0.259146 0.270270 -1.000000 -1.000000 0.347561 0.351351 -1.000000 -1.000000 -1.000000 -1.000000 -1.000000 -1.000000 0.603659 0.648649 -1.000000 -1.000000 -1.000000 -1.000000 -1.000000 -1.000000 -1.000000 -1.000000 -1.000000 -1.000000 1.000000 1.000000)
    (n-samples 256)
    (samples 256 0.216216 0.216216 0.216216 0.216697 0.217178 0.217660 0.218144 0.218630 0.219118 0.219609 0.220105 0.220604 0.221107 0.221616 0.222131 0.222652 0.223179 0.223714 0.224256 0.224807 0.225366 0.225935 0.226513 0.227102 0.227702 0.228312 0.228935 0.229570 0.230218 0.230879 0.231555 0.232244 0.232949 0.233669 0.234404 0.235157 0.235926 0.236713 0.237518 0.238341 0.239184 0.240046 0.240928 0.241830 0.242754 0.243699 0.244667 0.245657 0.246670 0.247707 0.248768 0.249854 0.250965 0.252102 0.253265 0.254455 0.255672 0.256917 0.258190 0.259492 0.260823 0.262185 0.263576 0.264999 0.266452 0.267938 0.270270 0.271969 0.273953 0.276204 0.278707 0.281448 0.284409 0.287576 0.290931 0.294461 0.298149 0.301979 0.305935 0.310002 0.314164 0.318406 0.322711 0.327063 0.331448 0.335849 0.340251 0.344637 0.348993 0.351351 0.355676 0.360034 0.364425 0.368847 0.373298 0.377779 0.382287 0.386822 0.391381 0.395964 0.400569 0.405195 0.409842 0.414507 0.419189 0.423887 0.428600 0.433327 0.438066 0.442816 0.447576 0.452344 0.457119 0.461901 0.466687 0.471476 0.476268 0.481061 0.485853 0.490644 0.495431 0.500215 0.504993 0.509764 0.514528 0.519282 0.524026 0.528758 0.533477 0.538181 0.542870 0.547543 0.552197 0.556832 0.561446 0.566039 0.570608 0.575153 0.579672 0.584165 0.588629 0.593063 0.597467 0.601839 0.606178 0.610482 0.614751 0.618982 0.623175 0.627328 0.631441 0.635512 0.639539 0.643521 0.648649 0.652541 0.656421 0.660289 0.664145 0.667988 0.671820 0.675640 0.679448 0.683245 0.687030 0.690804 0.694567 0.698319 0.702060 0.705790 0.709509 0.713218 0.716916 0.720604 0.724282 0.727950 0.731608 0.735256 0.738895 0.742523 0.746143 0.749753 0.753354 0.756946 0.760529 0.764103 0.767668 0.771225 0.774773 0.778314 0.781845 0.785369 0.788885 0.792393 0.795893 0.799386 0.802872 0.806350 0.809820 0.813284 0.816741 0.820191 0.823634 0.827071 0.830501 0.833925 0.837342 0.840754 0.844159 0.847559 0.850953 0.854341 0.857724 0.861102 0.864474 0.867842 0.871204 0.874562 0.877914 0.881263 0.884606 0.887946 0.891281 0.894612 0.897939 0.901262 0.904581 0.907897 0.911210 0.914519 0.917825 0.921127 0.924427 0.927724 0.931018 0.934309 0.937598 0.940885 0.944169 0.947452 0.950732 0.954010 0.957287 0.960562 0.963835 0.967108 0.970378 0.973648 0.976917 0.980185 0.983452 0.986719 0.989985 0.993250 0.996516 1.000000))
(time 0)
(channel red)
(curve
    (curve-type smooth)
    (n-points 17)
    (points 34 0.000000 0.000000 -1.000000 -1.000000 -1.000000 -1.000000 -1.000000 -1.000000 0.243902 0.343629 -1.000000 -1.000000 -1.000000 -1.000000 -1.000000 -1.000000 0.472561 0.525097 -1.000000 -1.000000 -1.000000 -1.000000 0.658537 0.799228 -1.000000 -1.000000 -1.000000 -1.000000 -1.000000 -1.000000 -1.000000 -1.000000 1.000000 1.000000)
    (n-samples 256)
    (samples 256 0.000000 0.006109 0.012216 0.018322 0.024425 0.030525 0.036620 0.042710 0.048793 0.054869 0.060937 0.066996 0.073044 0.079082 0.085109 0.091122 0.097122 0.103108 0.109078 0.115031 0.120968 0.126886 0.132786 0.138665 0.144524 0.150361 0.156175 0.161966 0.167733 0.173474 0.179188 0.184876 0.190535 0.196166 0.201767 0.207337 0.212875 0.218380 0.223852 0.229290 0.234692 0.240059 0.245388 0.250679 0.255931 0.261143 0.266314 0.271444 0.276532 0.281575 0.286575 0.291529 0.296437 0.301298 0.306111 0.310875 0.315589 0.320253 0.324865 0.329424 0.333930 0.338382 0.343629 0.347924 0.352097 0.356152 0.360094 0.363926 0.367653 0.371280 0.374810 0.378248 0.381599 0.384866 0.388054 0.391168 0.394211 0.397188 0.400103 0.402960 0.405764 0.408520 0.411230 0.413901 0.416535 0.419138 0.421714 0.424266 0.426800 0.429319 0.431828 0.434331 0.436833 0.439338 0.441850 0.444373 0.446912 0.449471 0.452054 0.454666 0.457311 0.459994 0.462718 0.465488 0.468308 0.471182 0.474116 0.477112 0.480176 0.483312 0.486524 0.489816 0.493193 0.496659 0.500219 0.503876 0.507634 0.511500 0.515475 0.519566 0.523776 0.525097 0.529513 0.534139 0.538964 0.543978 0.549172 0.554535 0.560057 0.565729 0.571540 0.577481 0.583542 0.589712 0.595982 0.602343 0.608783 0.615293 0.621864 0.628484 0.635145 0.641837 0.648548 0.655271 0.661994 0.668707 0.675401 0.682066 0.688692 0.695269 0.701787 0.708236 0.714606 0.720888 0.727071 0.733145 0.739101 0.744928 0.750616 0.756157 0.761539 0.766753 0.771789 0.776637 0.781287 0.785729 0.789953 0.793950 0.799228 0.802738 0.806206 0.809633 0.813019 0.816365 0.819671 0.822938 0.826166 0.829356 0.832508 0.835622 0.838700 0.841741 0.844746 0.847716 0.850651 0.853551 0.856418 0.859251 0.862051 0.864819 0.867554 0.870258 0.872931 0.875573 0.878185 0.880768 0.883321 0.885846 0.888343 0.890812 0.893254 0.895669 0.898058 0.900421 0.902759 0.905072 0.907361 0.909626 0.911868 0.914087 0.916283 0.918458 0.920612 0.922744 0.924856 0.926949 0.929021 0.931075 0.933111 0.935128 0.937128 0.939111 0.941078 0.943028 0.944963 0.946883 0.948788 0.950679 0.952556 0.954421 0.956273 0.958112 0.959940 0.961757 0.963563 0.965359 0.967145 0.968922 0.970690 0.972449 0.974201 0.975946 0.977684 0.979416 0.981141 0.982862 0.984577 0.986288 0.987995 0.989699 0.991400 0.993098 0.994794 0.996489 0.998183 1.000000))
(time 0)
(channel green)
(curve
    (curve-type smooth)
    (n-points 17)
    (points 34 0.000000 0.000000 -1.000000 -1.000000 -1.000000 -1.000000 -1.000000 -1.000000 -1.000000 -1.000000 0.304878 0.223938 -1.000000 -1.000000 -1.000000 -1.000000 -1.000000 -1.000000 -1.000000 -1.000000 -1.000000 -1.000000 0.664634 0.752896 -1.000000 -1.000000 -1.000000 -1.000000 -1.000000 -1.000000 -1.000000 -1.000000 1.000000 1.000000)
    (n-samples 256)
    (samples 256 0.000000 0.002100 0.004200 0.006302 0.008406 0.010514 0.012625 0.014741 0.016862 0.018990 0.021124 0.023267 0.025418 0.027578 0.029748 0.031929 0.034122 0.036327 0.038545 0.040777 0.043024 0.045286 0.047565 0.049861 0.052175 0.054507 0.056858 0.059230 0.061623 0.064037 0.066474 0.068934 0.071418 0.073927 0.076462 0.079023 0.081611 0.084227 0.086872 0.089546 0.092250 0.094985 0.097752 0.100552 0.103385 0.106252 0.109154 0.112092 0.115066 0.118078 0.121127 0.124215 0.127343 0.130510 0.133719 0.136970 0.140264 0.143601 0.146982 0.150408 0.153880 0.157398 0.160964 0.164578 0.168240 0.171952 0.175715 0.179528 0.183394 0.187312 0.191284 0.195310 0.199392 0.203529 0.207722 0.211973 0.216282 0.220650 0.223938 0.228424 0.232996 0.237652 0.242391 0.247209 0.252106 0.257079 0.262127 0.267247 0.272438 0.277697 0.283023 0.288414 0.293868 0.299382 0.304956 0.310587 0.316272 0.322011 0.327801 0.333641 0.339528 0.345460 0.351436 0.357453 0.363510 0.369605 0.375735 0.381899 0.388096 0.394322 0.400576 0.406856 0.413161 0.419488 0.425835 0.432200 0.438582 0.444979 0.451388 0.457807 0.464235 0.470671 0.477111 0.483553 0.489997 0.496440 0.502880 0.509315 0.515744 0.522164 0.528573 0.534969 0.541352 0.547717 0.554065 0.560392 0.566697 0.572977 0.579232 0.585459 0.591655 0.597820 0.603951 0.610046 0.616104 0.622122 0.628098 0.634031 0.639918 0.645758 0.651549 0.657289 0.662975 0.668607 0.674181 0.679697 0.685151 0.690543 0.695870 0.701130 0.706322 0.711443 0.716492 0.721466 0.726364 0.731184 0.735923 0.740581 0.745154 0.752896 0.757248 0.761549 0.765798 0.769997 0.774147 0.778247 0.782299 0.786302 0.790259 0.794168 0.798032 0.801850 0.805623 0.809352 0.813037 0.816679 0.820279 0.823837 0.827353 0.830829 0.834265 0.837662 0.841019 0.844339 0.847621 0.850866 0.854075 0.857248 0.860385 0.863489 0.866558 0.869594 0.872598 0.875569 0.878509 0.881418 0.884297 0.887146 0.889966 0.892758 0.895522 0.898259 0.900969 0.903653 0.906312 0.908946 0.911556 0.914143 0.916707 0.919248 0.921767 0.924266 0.926744 0.929202 0.931641 0.934061 0.936464 0.938849 0.941217 0.943568 0.945905 0.948226 0.950533 0.952826 0.955106 0.957374 0.959629 0.961874 0.964107 0.966331 0.968545 0.970750 0.972947 0.975136 0.977318 0.979494 0.981664 0.983829 0.985989 0.988145 0.990298 0.992448 0.994596 0.996743 0.998888 1.000000))
(time 0)
(channel blue)
(curve
    (curve-type smooth)
    (n-points 17)
    (points 34 0.000000 0.000000 -1.000000 -1.000000 -1.000000 -1.000000 -1.000000 -1.000000 -1.000000 -1.000000 -1.000000 -1.000000 -1.000000 -1.000000 -1.000000 -1.000000 -1.000000 -1.000000 0.560976 0.424710 -1.000000 -1.000000 -1.000000 -1.000000 -1.000000 -1.000000 -1.000000 -1.000000 -1.000000 -1.000000 -1.000000 -1.000000 1.000000 1.000000)
    (n-samples 256)
    (samples 256 0.000000 0.002493 0.004986 0.007479 0.009972 0.012466 0.014961 0.017457 0.019954 0.022451 0.024950 0.027451 0.029953 0.032456 0.034962 0.037469 0.039979 0.042490 0.045004 0.047521 0.050040 0.052562 0.055087 0.057615 0.060147 0.062681 0.065219 0.067761 0.070307 0.072856 0.075409 0.077967 0.080529 0.083096 0.085667 0.088242 0.090823 0.093409 0.096000 0.098596 0.101198 0.103805 0.106418 0.109037 0.111662 0.114293 0.116930 0.119573 0.122224 0.124881 0.127545 0.130215 0.132893 0.135578 0.138271 0.140971 0.143679 0.146394 0.149118 0.151850 0.154590 0.157338 0.160095 0.162860 0.165634 0.168418 0.171210 0.174011 0.176822 0.179643 0.182473 0.185312 0.188162 0.191022 0.193892 0.196772 0.199663 0.202564 0.205476 0.208399 0.211333 0.214278 0.217235 0.220203 0.223182 0.226174 0.229177 0.232192 0.235219 0.238259 0.241311 0.244376 0.247453 0.250543 0.253646 0.256763 0.259892 0.263035 0.266192 0.269362 0.272546 0.275744 0.278956 0.282182 0.285423 0.288678 0.291948 0.295233 0.298532 0.301847 0.305177 0.308522 0.311883 0.315260 0.318652 0.322060 0.325484 0.328925 0.332381 0.335855 0.339344 0.342851 0.346375 0.349915 0.353473 0.357048 0.360640 0.364251 0.367878 0.371524 0.375188 0.378870 0.382570 0.386288 0.390026 0.393782 0.397556 0.401350 0.405163 0.408995 0.412847 0.416718 0.420609 0.424710 0.428648 0.432618 0.436621 0.440655 0.444720 0.448816 0.452944 0.457102 0.461290 0.465508 0.469756 0.474034 0.478340 0.482676 0.487040 0.491432 0.495852 0.500299 0.504775 0.509277 0.513806 0.518361 0.522943 0.527551 0.532184 0.536842 0.541526 0.546234 0.550967 0.555724 0.560505 0.565310 0.570137 0.574988 0.579861 0.584757 0.589675 0.594615 0.599577 0.604559 0.609563 0.614587 0.619632 0.624697 0.629781 0.634885 0.640008 0.645151 0.650312 0.655491 0.660688 0.665903 0.671135 0.676385 0.681651 0.686935 0.692234 0.697549 0.702880 0.708227 0.713589 0.718965 0.724356 0.729762 0.735181 0.740614 0.746060 0.751520 0.756992 0.762477 0.767974 0.773483 0.779004 0.784536 0.790079 0.795632 0.801197 0.806771 0.812355 0.817949 0.823552 0.829165 0.834786 0.840415 0.846053 0.851698 0.857351 0.863011 0.868679 0.874352 0.880033 0.885719 0.891411 0.897109 0.902812 0.908520 0.914232 0.919949 0.925670 0.931395 0.937123 0.942855 0.948589 0.954326 0.960065 0.965807 0.971550 0.977294 0.983040 0.988786 0.994533 1.000000))
(time 0)
(channel alpha)
(curve
    (curve-type smooth)
    (n-points 17)
    (points 34 0.000000 0.000000 -1.000000 -1.000000 -1.000000 -1.000000 -1.000000 -1.000000 -1.000000 -1.000000 -1.000000 -1.000000 -1.000000 -1.000000 -1.000000 -1.000000 -1.000000 -1.000000 -1.000000 -1.000000 -1.000000 -1.000000 -1.000000 -1.000000 -1.000000 -1.000000 -1.000000 -1.000000 -1.000000 -1.000000 -1.000000 -1.000000 1.000000 1.000000)
    (n-samples 256)
    (samples 256 0.000000 0.003922 0.007843 0.011765 0.015686 0.019608 0.023529 0.027451 0.031373 0.035294 0.039216 0.043137 0.047059 0.050980 0.054902 0.058824 0.062745 0.066667 0.070588 0.074510 0.078431 0.082353 0.086275 0.090196 0.094118 0.098039 0.101961 0.105882 0.109804 0.113725 0.117647 0.121569 0.125490 0.129412 0.133333 0.137255 0.141176 0.145098 0.149020 0.152941 0.156863 0.160784 0.164706 0.168627 0.172549 0.176471 0.180392 0.184314 0.188235 0.192157 0.196078 0.200000 0.203922 0.207843 0.211765 0.215686 0.219608 0.223529 0.227451 0.231373 0.235294 0.239216 0.243137 0.247059 0.250980 0.254902 0.258824 0.262745 0.266667 0.270588 0.274510 0.278431 0.282353 0.286275 0.290196 0.294118 0.298039 0.301961 0.305882 0.309804 0.313725 0.317647 0.321569 0.325490 0.329412 0.333333 0.337255 0.341176 0.345098 0.349020 0.352941 0.356863 0.360784 0.364706 0.368627 0.372549 0.376471 0.380392 0.384314 0.388235 0.392157 0.396078 0.400000 0.403922 0.407843 0.411765 0.415686 0.419608 0.423529 0.427451 0.431373 0.435294 0.439216 0.443137 0.447059 0.450980 0.454902 0.458824 0.462745 0.466667 0.470588 0.474510 0.478431 0.482353 0.486275 0.490196 0.494118 0.498039 0.501961 0.505882 0.509804 0.513725 0.517647 0.521569 0.525490 0.529412 0.533333 0.537255 0.541176 0.545098 0.549020 0.552941 0.556863 0.560784 0.564706 0.568627 0.572549 0.576471 0.580392 0.584314 0.588235 0.592157 0.596078 0.600000 0.603922 0.607843 0.611765 0.615686 0.619608 0.623529 0.627451 0.631373 0.635294 0.639216 0.643137 0.647059 0.650980 0.654902 0.658824 0.662745 0.666667 0.670588 0.674510 0.678431 0.682353 0.686275 0.690196 0.694118 0.698039 0.701961 0.705882 0.709804 0.713725 0.717647 0.721569 0.725490 0.729412 0.733333 0.737255 0.741176 0.745098 0.749020 0.752941 0.756863 0.760784 0.764706 0.768627 0.772549 0.776471 0.780392 0.784314 0.788235 0.792157 0.796078 0.800000 0.803922 0.807843 0.811765 0.815686 0.819608 0.823529 0.827451 0.831373 0.835294 0.839216 0.843137 0.847059 0.850980 0.854902 0.858824 0.862745 0.866667 0.870588 0.874510 0.878431 0.882353 0.886275 0.890196 0.894118 0.898039 0.901961 0.905882 0.909804 0.913725 0.917647 0.921569 0.925490 0.929412 0.933333 0.937255 0.941176 0.945098 0.949020 0.952941 0.956863 0.960784 0.964706 0.968627 0.972549 0.976471 0.980392 0.984314 0.988235 0.992157 0.996078 1.000000))

# end of curves tool settings
