# GIMP curves tool settings

(time 0)
(time 0)
(channel value)
(curve
    (curve-type smooth)
    (n-points 17)
    (points 34 0.000000 0.235521 -1.000000 -1.000000 -1.000000 -1.000000 -1.000000 -1.000000 0.271341 0.285714 -1.000000 -1.000000 -1.000000 -1.000000 -1.000000 -1.000000 0.475610 0.521236 -1.000000 -1.000000 -1.000000 -1.000000 0.713415 0.803089 -1.000000 -1.000000 -1.000000 -1.000000 -1.000000 -1.000000 -1.000000 -1.000000 1.000000 1.000000)
    (n-samples 256)
    (samples 256 0.235521 0.235432 0.235343 0.235256 0.235173 0.235094 0.235019 0.234951 0.234890 0.234837 0.234794 0.234760 0.234738 0.234728 0.234732 0.234749 0.234782 0.234831 0.234898 0.234983 0.235088 0.235213 0.235359 0.235528 0.235720 0.235937 0.236180 0.236449 0.236745 0.237070 0.237425 0.237811 0.238228 0.238678 0.239161 0.239679 0.240233 0.240824 0.241453 0.242120 0.242828 0.243576 0.244366 0.245199 0.246076 0.246997 0.247965 0.248980 0.250043 0.251155 0.252316 0.253529 0.254795 0.256113 0.257485 0.258913 0.260396 0.261937 0.263537 0.265195 0.266914 0.268694 0.270536 0.272442 0.274412 0.276447 0.278549 0.280718 0.282956 0.285714 0.288151 0.290747 0.293498 0.296398 0.299443 0.302629 0.305951 0.309403 0.312983 0.316684 0.320503 0.324435 0.328474 0.332617 0.336859 0.341194 0.345620 0.350130 0.354720 0.359386 0.364123 0.368926 0.373790 0.378712 0.383686 0.388708 0.393773 0.398876 0.404013 0.409180 0.414370 0.419581 0.424807 0.430044 0.435286 0.440530 0.445771 0.451004 0.456224 0.461426 0.466608 0.471762 0.476885 0.481973 0.487020 0.492022 0.496975 0.501873 0.506712 0.511488 0.516195 0.521236 0.525844 0.530490 0.535172 0.539887 0.544633 0.549410 0.554214 0.559045 0.563900 0.568778 0.573676 0.578594 0.583528 0.588477 0.593440 0.598414 0.603398 0.608390 0.613388 0.618390 0.623394 0.628399 0.633402 0.638402 0.643397 0.648385 0.653365 0.658334 0.663291 0.668233 0.673159 0.678068 0.682957 0.687824 0.692667 0.697486 0.702277 0.707040 0.711772 0.716471 0.721136 0.725764 0.730355 0.734905 0.739414 0.743879 0.748299 0.752671 0.756994 0.761266 0.765486 0.769651 0.773759 0.777809 0.781799 0.785727 0.789591 0.793389 0.797120 0.800782 0.803089 0.806651 0.810177 0.813668 0.817125 0.820546 0.823934 0.827289 0.830610 0.833900 0.837157 0.840383 0.843578 0.846743 0.849878 0.852983 0.856059 0.859108 0.862128 0.865120 0.868086 0.871026 0.873939 0.876827 0.879691 0.882529 0.885344 0.888136 0.890904 0.893650 0.896374 0.899077 0.901759 0.904420 0.907061 0.909683 0.912286 0.914871 0.917437 0.919986 0.922518 0.925034 0.927534 0.930018 0.932487 0.934942 0.937383 0.939810 0.942225 0.944626 0.947016 0.949395 0.951762 0.954119 0.956466 0.958804 0.961132 0.963452 0.965764 0.968068 0.970366 0.972657 0.974942 0.977221 0.979496 0.981765 0.984031 0.986294 0.988553 0.990810 0.993064 0.995318 0.997570 1.000000))
(time 0)
(channel red)
(curve
    (curve-type smooth)
    (n-points 17)
    (points 34 0.000000 0.177606 -1.000000 -1.000000 -1.000000 -1.000000 -1.000000 -1.000000 -1.000000 -1.000000 -1.000000 -1.000000 -1.000000 -1.000000 -1.000000 -1.000000 -1.000000 -1.000000 -1.000000 -1.000000 -1.000000 -1.000000 -1.000000 -1.000000 -1.000000 -1.000000 -1.000000 -1.000000 -1.000000 -1.000000 -1.000000 -1.000000 1.000000 0.783784)
    (n-samples 256)
    (samples 256 0.177606 0.179983 0.182361 0.184738 0.187115 0.189492 0.191869 0.194246 0.196624 0.199001 0.201378 0.203755 0.206132 0.208509 0.210887 0.213264 0.215641 0.218018 0.220395 0.222772 0.225150 0.227527 0.229904 0.232281 0.234658 0.237035 0.239413 0.241790 0.244167 0.246544 0.248921 0.251298 0.253676 0.256053 0.258430 0.260807 0.263184 0.265561 0.267939 0.270316 0.272693 0.275070 0.277447 0.279824 0.282202 0.284579 0.286956 0.289333 0.291710 0.294087 0.296465 0.298842 0.301219 0.303596 0.305973 0.308350 0.310728 0.313105 0.315482 0.317859 0.320236 0.322613 0.324991 0.327368 0.329745 0.332122 0.334499 0.336876 0.339254 0.341631 0.344008 0.346385 0.348762 0.351139 0.353517 0.355894 0.358271 0.360648 0.363025 0.365402 0.367780 0.370157 0.372534 0.374911 0.377288 0.379665 0.382043 0.384420 0.386797 0.389174 0.391551 0.393928 0.396306 0.398683 0.401060 0.403437 0.405814 0.408191 0.410569 0.412946 0.415323 0.417700 0.420077 0.422454 0.424832 0.427209 0.429586 0.431963 0.434340 0.436717 0.439095 0.441472 0.443849 0.446226 0.448603 0.450980 0.453358 0.455735 0.458112 0.460489 0.462866 0.465243 0.467621 0.469998 0.472375 0.474752 0.477129 0.479506 0.481884 0.484261 0.486638 0.489015 0.491392 0.493769 0.496147 0.498524 0.500901 0.503278 0.505655 0.508032 0.510410 0.512787 0.515164 0.517541 0.519918 0.522295 0.524673 0.527050 0.529427 0.531804 0.534181 0.536558 0.538936 0.541313 0.543690 0.546067 0.548444 0.550821 0.553199 0.555576 0.557953 0.560330 0.562707 0.565084 0.567462 0.569839 0.572216 0.574593 0.576970 0.579347 0.581725 0.584102 0.586479 0.588856 0.591233 0.593610 0.595988 0.598365 0.600742 0.603119 0.605496 0.607873 0.610251 0.612628 0.615005 0.617382 0.619759 0.622136 0.624514 0.626891 0.629268 0.631645 0.634022 0.636399 0.638777 0.641154 0.643531 0.645908 0.648285 0.650662 0.653040 0.655417 0.657794 0.660171 0.662548 0.664925 0.667303 0.669680 0.672057 0.674434 0.676811 0.679188 0.681566 0.683943 0.686320 0.688697 0.691074 0.693451 0.695829 0.698206 0.700583 0.702960 0.705337 0.707714 0.710092 0.712469 0.714846 0.717223 0.719600 0.721977 0.724355 0.726732 0.729109 0.731486 0.733863 0.736240 0.738618 0.740995 0.743372 0.745749 0.748126 0.750503 0.752881 0.755258 0.757635 0.760012 0.762389 0.764766 0.767144 0.769521 0.771898 0.774275 0.776652 0.779029 0.781407 0.783784))
(time 0)
(channel green)
(curve
    (curve-type smooth)
    (n-points 17)
    (points 34 0.000000 0.000000 -1.000000 -1.000000 -1.000000 -1.000000 -1.000000 -1.000000 0.240854 0.185328 -1.000000 -1.000000 -1.000000 -1.000000 -1.000000 -1.000000 -1.000000 -1.000000 -1.000000 -1.000000 -1.000000 -1.000000 0.664634 0.714286 -1.000000 -1.000000 -1.000000 -1.000000 -1.000000 -1.000000 -1.000000 -1.000000 1.000000 1.000000)
    (n-samples 256)
    (samples 256 0.000000 0.002419 0.004839 0.007261 0.009686 0.012115 0.014548 0.016987 0.019433 0.021887 0.024349 0.026820 0.029302 0.031796 0.034301 0.036820 0.039354 0.041902 0.044467 0.047049 0.049649 0.052268 0.054907 0.057567 0.060249 0.062954 0.065683 0.068436 0.071215 0.074021 0.076854 0.079716 0.082607 0.085529 0.088482 0.091468 0.094487 0.097540 0.100628 0.103753 0.106914 0.110114 0.113353 0.116632 0.119952 0.123313 0.126718 0.130166 0.133659 0.137198 0.140783 0.144416 0.148097 0.151828 0.155610 0.159443 0.163328 0.167267 0.171259 0.175307 0.179412 0.185328 0.189562 0.193832 0.198139 0.202482 0.206860 0.211272 0.215718 0.220197 0.224708 0.229251 0.233824 0.238428 0.243061 0.247723 0.252413 0.257131 0.261875 0.266645 0.271440 0.276260 0.281103 0.285970 0.290859 0.295770 0.300702 0.305655 0.310627 0.315617 0.320626 0.325653 0.330696 0.335756 0.340831 0.345921 0.351024 0.356141 0.361271 0.366412 0.371565 0.376728 0.381901 0.387083 0.392274 0.397472 0.402677 0.407889 0.413106 0.418327 0.423554 0.428783 0.434015 0.439250 0.444486 0.449722 0.454959 0.460194 0.465428 0.470661 0.475890 0.481116 0.486337 0.491553 0.496764 0.501969 0.507166 0.512356 0.517537 0.522709 0.527871 0.533023 0.538163 0.543292 0.548408 0.553510 0.558598 0.563672 0.568730 0.573771 0.578796 0.583804 0.588793 0.593763 0.598713 0.603643 0.608552 0.613439 0.618304 0.623145 0.627962 0.632755 0.637523 0.642264 0.646979 0.651666 0.656325 0.660956 0.665557 0.670127 0.674667 0.679175 0.683651 0.688093 0.692502 0.696877 0.701216 0.705520 0.709787 0.714286 0.718479 0.722642 0.726776 0.730880 0.734955 0.739001 0.743019 0.747010 0.750972 0.754908 0.758816 0.762698 0.766554 0.770384 0.774189 0.777968 0.781723 0.785453 0.789160 0.792842 0.796502 0.800138 0.803752 0.807343 0.810913 0.814461 0.817988 0.821494 0.824980 0.828446 0.831891 0.835318 0.838725 0.842114 0.845484 0.848837 0.852171 0.855489 0.858790 0.862074 0.865341 0.868593 0.871830 0.875051 0.878258 0.881450 0.884628 0.887793 0.890944 0.894082 0.897207 0.900320 0.903422 0.906511 0.909590 0.912657 0.915714 0.918761 0.921799 0.924826 0.927845 0.930855 0.933856 0.936850 0.939836 0.942814 0.945786 0.948751 0.951710 0.954663 0.957610 0.960552 0.963490 0.966423 0.969352 0.972277 0.975198 0.978117 0.981033 0.983947 0.986859 0.989769 0.992678 0.995586 0.998493 1.000000))
(time 0)
(channel blue)
(curve
    (curve-type smooth)
    (n-points 17)
    (points 34 0.000000 0.185328 -1.000000 -1.000000 -1.000000 -1.000000 -1.000000 -1.000000 -1.000000 -1.000000 -1.000000 -1.000000 -1.000000 -1.000000 0.466463 0.474903 -1.000000 -1.000000 -1.000000 -1.000000 -1.000000 -1.000000 -1.000000 -1.000000 -1.000000 -1.000000 -1.000000 -1.000000 -1.000000 -1.000000 -1.000000 -1.000000 1.000000 0.837838)
    (n-samples 256)
    (samples 256 0.185328 0.187700 0.190073 0.192445 0.194818 0.197190 0.199563 0.201936 0.204309 0.206682 0.209055 0.211429 0.213803 0.216177 0.218552 0.220927 0.223302 0.225678 0.228055 0.230431 0.232809 0.235187 0.237565 0.239944 0.242323 0.244704 0.247084 0.249466 0.251848 0.254231 0.256615 0.258999 0.261385 0.263771 0.266158 0.268546 0.270935 0.273325 0.275716 0.278107 0.280500 0.282894 0.285289 0.287685 0.290082 0.292481 0.294880 0.297281 0.299683 0.302087 0.304491 0.306897 0.309304 0.311713 0.314123 0.316534 0.318947 0.321362 0.323777 0.326195 0.328614 0.331034 0.333457 0.335880 0.338306 0.340733 0.343162 0.345592 0.348025 0.350459 0.352895 0.355333 0.357772 0.360214 0.362657 0.365103 0.367550 0.370000 0.372451 0.374905 0.377360 0.379818 0.382278 0.384740 0.387204 0.389671 0.392139 0.394610 0.397084 0.399559 0.402037 0.404517 0.407000 0.409485 0.411973 0.414463 0.416955 0.419450 0.421948 0.424448 0.426951 0.429457 0.431965 0.434475 0.436989 0.439505 0.442024 0.444546 0.447071 0.449598 0.452129 0.454662 0.457198 0.459738 0.462280 0.464825 0.467373 0.469924 0.472479 0.474903 0.477464 0.480026 0.482591 0.485158 0.487727 0.490299 0.492873 0.495450 0.498028 0.500609 0.503192 0.505777 0.508365 0.510954 0.513546 0.516140 0.518736 0.521334 0.523935 0.526537 0.529141 0.531747 0.534356 0.536966 0.539579 0.542193 0.544809 0.547427 0.550047 0.552669 0.555293 0.557919 0.560546 0.563175 0.565807 0.568439 0.571074 0.573710 0.576349 0.578988 0.581630 0.584273 0.586918 0.589565 0.592213 0.594862 0.597514 0.600167 0.602821 0.605477 0.608134 0.610793 0.613454 0.616116 0.618779 0.621444 0.624110 0.626778 0.629447 0.632117 0.634789 0.637462 0.640136 0.642812 0.645489 0.648167 0.650846 0.653527 0.656209 0.658892 0.661576 0.664261 0.666947 0.669635 0.672323 0.675013 0.677704 0.680396 0.683088 0.685782 0.688477 0.691173 0.693870 0.696567 0.699266 0.701965 0.704666 0.707367 0.710069 0.712772 0.715476 0.718180 0.720885 0.723591 0.726298 0.729006 0.731714 0.734423 0.737132 0.739843 0.742553 0.745265 0.747977 0.750690 0.753403 0.756117 0.758831 0.761546 0.764261 0.766977 0.769693 0.772410 0.775127 0.777844 0.780562 0.783281 0.785999 0.788718 0.791437 0.794157 0.796877 0.799597 0.802317 0.805038 0.807759 0.810480 0.813201 0.815922 0.818644 0.821365 0.824087 0.826809 0.829531 0.832253 0.834975 0.837838))
(time 0)
(channel alpha)
(curve
    (curve-type smooth)
    (n-points 17)
    (points 34 0.000000 0.000000 -1.000000 -1.000000 -1.000000 -1.000000 -1.000000 -1.000000 -1.000000 -1.000000 -1.000000 -1.000000 -1.000000 -1.000000 -1.000000 -1.000000 -1.000000 -1.000000 -1.000000 -1.000000 -1.000000 -1.000000 -1.000000 -1.000000 -1.000000 -1.000000 -1.000000 -1.000000 -1.000000 -1.000000 -1.000000 -1.000000 1.000000 1.000000)
    (n-samples 256)
    (samples 256 0.000000 0.003922 0.007843 0.011765 0.015686 0.019608 0.023529 0.027451 0.031373 0.035294 0.039216 0.043137 0.047059 0.050980 0.054902 0.058824 0.062745 0.066667 0.070588 0.074510 0.078431 0.082353 0.086275 0.090196 0.094118 0.098039 0.101961 0.105882 0.109804 0.113725 0.117647 0.121569 0.125490 0.129412 0.133333 0.137255 0.141176 0.145098 0.149020 0.152941 0.156863 0.160784 0.164706 0.168627 0.172549 0.176471 0.180392 0.184314 0.188235 0.192157 0.196078 0.200000 0.203922 0.207843 0.211765 0.215686 0.219608 0.223529 0.227451 0.231373 0.235294 0.239216 0.243137 0.247059 0.250980 0.254902 0.258824 0.262745 0.266667 0.270588 0.274510 0.278431 0.282353 0.286275 0.290196 0.294118 0.298039 0.301961 0.305882 0.309804 0.313725 0.317647 0.321569 0.325490 0.329412 0.333333 0.337255 0.341176 0.345098 0.349020 0.352941 0.356863 0.360784 0.364706 0.368627 0.372549 0.376471 0.380392 0.384314 0.388235 0.392157 0.396078 0.400000 0.403922 0.407843 0.411765 0.415686 0.419608 0.423529 0.427451 0.431373 0.435294 0.439216 0.443137 0.447059 0.450980 0.454902 0.458824 0.462745 0.466667 0.470588 0.474510 0.478431 0.482353 0.486275 0.490196 0.494118 0.498039 0.501961 0.505882 0.509804 0.513725 0.517647 0.521569 0.525490 0.529412 0.533333 0.537255 0.541176 0.545098 0.549020 0.552941 0.556863 0.560784 0.564706 0.568627 0.572549 0.576471 0.580392 0.584314 0.588235 0.592157 0.596078 0.600000 0.603922 0.607843 0.611765 0.615686 0.619608 0.623529 0.627451 0.631373 0.635294 0.639216 0.643137 0.647059 0.650980 0.654902 0.658824 0.662745 0.666667 0.670588 0.674510 0.678431 0.682353 0.686275 0.690196 0.694118 0.698039 0.701961 0.705882 0.709804 0.713725 0.717647 0.721569 0.725490 0.729412 0.733333 0.737255 0.741176 0.745098 0.749020 0.752941 0.756863 0.760784 0.764706 0.768627 0.772549 0.776471 0.780392 0.784314 0.788235 0.792157 0.796078 0.800000 0.803922 0.807843 0.811765 0.815686 0.819608 0.823529 0.827451 0.831373 0.835294 0.839216 0.843137 0.847059 0.850980 0.854902 0.858824 0.862745 0.866667 0.870588 0.874510 0.878431 0.882353 0.886275 0.890196 0.894118 0.898039 0.901961 0.905882 0.909804 0.913725 0.917647 0.921569 0.925490 0.929412 0.933333 0.937255 0.941176 0.945098 0.949020 0.952941 0.956863 0.960784 0.964706 0.968627 0.972549 0.976471 0.980392 0.984314 0.988235 0.992157 0.996078 1.000000))

# end of curves tool settings
