# GIMP curves tool settings

(time 0)
(time 0)
(channel value)
(curve
    (curve-type smooth)
    (n-points 17)
    (points 34 0.000000 0.100386 -1.000000 -1.000000 -1.000000 -1.000000 -1.000000 -1.000000 0.271341 0.324324 -1.000000 -1.000000 -1.000000 -1.000000 -1.000000 -1.000000 0.527439 0.583012 -1.000000 -1.000000 -1.000000 -1.000000 -1.000000 -1.000000 0.777439 0.675676 -1.000000 -1.000000 -1.000000 -1.000000 -1.000000 -1.000000 1.000000 1.000000)
    (n-samples 256)
    (samples 256 0.100386 0.103447 0.106507 0.109569 0.112631 0.115693 0.118757 0.121822 0.124889 0.127958 0.131028 0.134101 0.137176 0.140254 0.143334 0.146418 0.149505 0.152596 0.155690 0.158788 0.161891 0.164997 0.168109 0.171225 0.174347 0.177473 0.180606 0.183744 0.186887 0.190038 0.193194 0.196357 0.199527 0.202704 0.205888 0.209080 0.212280 0.215487 0.218703 0.221927 0.225159 0.228400 0.231651 0.234911 0.238180 0.241459 0.244747 0.248046 0.251356 0.254675 0.258006 0.261348 0.264701 0.268065 0.271441 0.274829 0.278229 0.281642 0.285067 0.288505 0.291956 0.295420 0.298897 0.302389 0.305894 0.309413 0.312947 0.316495 0.320057 0.324324 0.327943 0.331620 0.335353 0.339140 0.342979 0.346867 0.350802 0.354783 0.358806 0.362869 0.366970 0.371108 0.375278 0.379481 0.383712 0.387970 0.392252 0.396557 0.400881 0.405224 0.409581 0.413952 0.418334 0.422724 0.427121 0.431522 0.435925 0.440327 0.444727 0.449121 0.453508 0.457886 0.462252 0.466604 0.470940 0.475257 0.479553 0.483826 0.488074 0.492294 0.496484 0.500642 0.504766 0.508852 0.512900 0.516907 0.520870 0.524787 0.528656 0.532475 0.536241 0.539953 0.543607 0.547202 0.550735 0.554205 0.557608 0.560942 0.564206 0.567397 0.570513 0.573551 0.576509 0.579386 0.583012 0.585664 0.588178 0.590559 0.592813 0.594943 0.596954 0.598852 0.600642 0.602327 0.603914 0.605406 0.606809 0.608127 0.609365 0.610529 0.611623 0.612651 0.613619 0.614532 0.615394 0.616210 0.616985 0.617724 0.618431 0.619112 0.619771 0.620414 0.621044 0.621668 0.622289 0.622912 0.623543 0.624186 0.624846 0.625528 0.626236 0.626976 0.627753 0.628570 0.629434 0.630349 0.631319 0.632350 0.633446 0.634612 0.635854 0.637175 0.638581 0.640076 0.641666 0.643356 0.645149 0.647051 0.649067 0.651202 0.653459 0.655846 0.658365 0.661022 0.663822 0.666769 0.669869 0.673127 0.675676 0.679195 0.682832 0.686584 0.690448 0.694423 0.698507 0.702698 0.706993 0.711390 0.715888 0.720484 0.725175 0.729961 0.734839 0.739806 0.744861 0.750002 0.755226 0.760532 0.765916 0.771378 0.776915 0.782525 0.788206 0.793956 0.799772 0.805653 0.811596 0.817600 0.823662 0.829780 0.835952 0.842176 0.848450 0.854772 0.861140 0.867551 0.874003 0.880495 0.887025 0.893589 0.900186 0.906815 0.913472 0.920156 0.926865 0.933596 0.940348 0.947118 0.953905 0.960705 0.967518 0.974341 0.981172 0.988008 0.994848 1.000000))
(time 0)
(channel red)
(curve
    (curve-type smooth)
    (n-points 17)
    (points 34 0.000000 0.000000 -1.000000 -1.000000 -1.000000 -1.000000 -1.000000 -1.000000 0.280488 0.424710 -1.000000 -1.000000 -1.000000 -1.000000 -1.000000 -1.000000 0.521341 0.478764 -1.000000 -1.000000 -1.000000 -1.000000 0.695122 0.779923 -1.000000 -1.000000 -1.000000 -1.000000 -1.000000 -1.000000 -1.000000 -1.000000 1.000000 1.000000)
    (n-samples 256)
    (samples 256 0.000000 0.007106 0.014211 0.021313 0.028411 0.035503 0.042589 0.049666 0.056734 0.063790 0.070835 0.077866 0.084881 0.091880 0.098862 0.105824 0.112766 0.119685 0.126582 0.133454 0.140299 0.147118 0.153907 0.160667 0.167395 0.174090 0.180750 0.187375 0.193964 0.200513 0.207023 0.213492 0.219919 0.226301 0.232639 0.238929 0.245172 0.251366 0.257508 0.263599 0.269636 0.275619 0.281545 0.287414 0.293224 0.298973 0.304661 0.310286 0.315846 0.321341 0.326768 0.332127 0.337416 0.342634 0.347779 0.352851 0.357846 0.362766 0.367607 0.372368 0.377049 0.381647 0.386162 0.390592 0.394936 0.399192 0.403358 0.407435 0.411419 0.415311 0.419108 0.422808 0.424710 0.428184 0.431408 0.434391 0.437140 0.439665 0.441973 0.444072 0.445972 0.447680 0.449204 0.450553 0.451735 0.452758 0.453631 0.454362 0.454959 0.455430 0.455784 0.456029 0.456173 0.456224 0.456192 0.456083 0.455907 0.455671 0.455384 0.455054 0.454689 0.454299 0.453890 0.453471 0.453051 0.452637 0.452239 0.451863 0.451520 0.451216 0.450960 0.450761 0.450626 0.450565 0.450584 0.450693 0.450900 0.451212 0.451639 0.452189 0.452869 0.453689 0.454656 0.455778 0.457064 0.458523 0.460162 0.461990 0.464014 0.466245 0.468688 0.471354 0.474249 0.478764 0.482333 0.486308 0.490670 0.495402 0.500485 0.505901 0.511632 0.517660 0.523966 0.530533 0.537341 0.544374 0.551611 0.559037 0.566631 0.574376 0.582254 0.590247 0.598336 0.606502 0.614729 0.622997 0.631289 0.639586 0.647870 0.656123 0.664326 0.672462 0.680511 0.688457 0.696280 0.703963 0.711487 0.718834 0.725986 0.732924 0.739631 0.746088 0.752277 0.758179 0.763778 0.769053 0.773988 0.779923 0.784166 0.788353 0.792487 0.796568 0.800595 0.804571 0.808495 0.812369 0.816193 0.819968 0.823695 0.827374 0.831005 0.834591 0.838131 0.841626 0.845077 0.848485 0.851850 0.855173 0.858455 0.861696 0.864897 0.868060 0.871184 0.874270 0.877319 0.880332 0.883309 0.886252 0.889160 0.892035 0.894878 0.897688 0.900467 0.903216 0.905935 0.908624 0.911286 0.913919 0.916526 0.919106 0.921661 0.924191 0.926697 0.929179 0.931639 0.934077 0.936493 0.938889 0.941266 0.943623 0.945961 0.948282 0.950587 0.952874 0.955147 0.957404 0.959647 0.961877 0.964095 0.966300 0.968494 0.970677 0.972851 0.975016 0.977172 0.979320 0.981462 0.983597 0.985727 0.987852 0.989973 0.992090 0.994205 0.996318 0.998430 1.000000))
(time 0)
(channel green)
(curve
    (curve-type smooth)
    (n-points 17)
    (points 34 0.000000 0.000000 -1.000000 -1.000000 -1.000000 -1.000000 -1.000000 -1.000000 -1.000000 -1.000000 -1.000000 -1.000000 0.365854 0.386100 -1.000000 -1.000000 -1.000000 -1.000000 -1.000000 -1.000000 0.637195 0.791506 -1.000000 -1.000000 -1.000000 -1.000000 -1.000000 -1.000000 -1.000000 -1.000000 -1.000000 -1.000000 1.000000 1.000000)
    (n-samples 256)
    (samples 256 0.000000 0.003772 0.007545 0.011318 0.015092 0.018867 0.022643 0.026420 0.030200 0.033981 0.037765 0.041551 0.045340 0.049132 0.052927 0.056726 0.060529 0.064335 0.068146 0.071962 0.075782 0.079607 0.083438 0.087274 0.091116 0.094964 0.098818 0.102679 0.106547 0.110422 0.114304 0.118194 0.122091 0.125997 0.129911 0.133834 0.137765 0.141706 0.145655 0.149615 0.153584 0.157563 0.161553 0.165554 0.169565 0.173587 0.177621 0.181666 0.185723 0.189793 0.193874 0.197968 0.202076 0.206196 0.210330 0.214477 0.218638 0.222814 0.227003 0.231208 0.235427 0.239661 0.243911 0.248177 0.252458 0.256756 0.261070 0.265400 0.269748 0.274113 0.278495 0.282895 0.287313 0.291749 0.296203 0.300676 0.305168 0.309679 0.314210 0.318761 0.323331 0.327921 0.332532 0.337164 0.341817 0.346491 0.351186 0.355903 0.360642 0.365403 0.370187 0.374994 0.379823 0.386100 0.391029 0.396071 0.401222 0.406479 0.411836 0.417292 0.422841 0.428480 0.434205 0.440012 0.445899 0.451859 0.457891 0.463989 0.470151 0.476372 0.482649 0.488978 0.495354 0.501775 0.508235 0.514733 0.521262 0.527821 0.534405 0.541010 0.547632 0.554267 0.560913 0.567564 0.574217 0.580868 0.587514 0.594150 0.600774 0.607380 0.613965 0.620525 0.627057 0.633556 0.640020 0.646443 0.652822 0.659154 0.665434 0.671659 0.677825 0.683928 0.689964 0.695930 0.701821 0.707633 0.713364 0.719009 0.724564 0.730026 0.735390 0.740653 0.745811 0.750860 0.755796 0.760616 0.765316 0.769892 0.774339 0.778655 0.782835 0.786876 0.791506 0.795277 0.798999 0.802672 0.806297 0.809874 0.813403 0.816886 0.820322 0.823713 0.827058 0.830359 0.833616 0.836829 0.840000 0.843127 0.846213 0.849258 0.852262 0.855225 0.858149 0.861033 0.863879 0.866687 0.869457 0.872190 0.874886 0.877547 0.880172 0.882762 0.885318 0.887840 0.890329 0.892785 0.895209 0.897601 0.899962 0.902293 0.904594 0.906865 0.909107 0.911321 0.913507 0.915665 0.917797 0.919903 0.921983 0.924037 0.926067 0.928073 0.930056 0.932016 0.933953 0.935868 0.937762 0.939635 0.941487 0.943320 0.945134 0.946929 0.948706 0.950466 0.952208 0.953934 0.955644 0.957338 0.959018 0.960683 0.962334 0.963973 0.965598 0.967211 0.968813 0.970404 0.971984 0.973554 0.975114 0.976666 0.978209 0.979745 0.981273 0.982794 0.984309 0.985818 0.987323 0.988822 0.990318 0.991810 0.993299 0.994786 0.996270 0.997754 0.999236 1.000000))
(time 0)
(channel blue)
(curve
    (curve-type smooth)
    (n-points 17)
    (points 34 0.000000 0.150579 -1.000000 -1.000000 -1.000000 -1.000000 -1.000000 -1.000000 -1.000000 -1.000000 0.283537 0.409266 -1.000000 -1.000000 -1.000000 -1.000000 0.469512 0.571429 -1.000000 -1.000000 -1.000000 -1.000000 0.704268 0.702703 -1.000000 -1.000000 -1.000000 -1.000000 -1.000000 -1.000000 -1.000000 -1.000000 1.000000 1.000000)
    (n-samples 256)
    (samples 256 0.150579 0.154188 0.157798 0.161407 0.165016 0.168625 0.172233 0.175842 0.179450 0.183058 0.186666 0.190273 0.193880 0.197486 0.201092 0.204698 0.208303 0.211907 0.215511 0.219114 0.222716 0.226318 0.229919 0.233519 0.237118 0.240717 0.244314 0.247911 0.251507 0.255101 0.258695 0.262287 0.265879 0.269469 0.273058 0.276646 0.280232 0.283818 0.287402 0.290984 0.294565 0.298145 0.301723 0.305300 0.308875 0.312449 0.316021 0.319591 0.323160 0.326727 0.330292 0.333855 0.337417 0.340976 0.344534 0.348090 0.351644 0.355195 0.358745 0.362293 0.365838 0.369382 0.372923 0.376462 0.379998 0.383533 0.387065 0.390594 0.394121 0.397646 0.401168 0.404688 0.409266 0.412792 0.416336 0.419898 0.423476 0.427069 0.430675 0.434292 0.437919 0.441554 0.445195 0.448842 0.452492 0.456145 0.459797 0.463449 0.467097 0.470742 0.474380 0.478011 0.481633 0.485244 0.488843 0.492428 0.495998 0.499552 0.503086 0.506601 0.510094 0.513563 0.517008 0.520427 0.523818 0.527179 0.530510 0.533807 0.537071 0.540299 0.543489 0.546641 0.549752 0.552821 0.555846 0.558827 0.561760 0.564645 0.567481 0.570265 0.571429 0.574130 0.576764 0.579336 0.581845 0.584297 0.586692 0.589033 0.591324 0.593566 0.595762 0.597915 0.600027 0.602100 0.604138 0.606143 0.608117 0.610062 0.611982 0.613879 0.615756 0.617614 0.619457 0.621287 0.623107 0.624919 0.626725 0.628529 0.630333 0.632138 0.633949 0.635767 0.637596 0.639436 0.641292 0.643165 0.645059 0.646975 0.648916 0.650885 0.652884 0.654916 0.656983 0.659089 0.661234 0.663423 0.665657 0.667939 0.670272 0.672658 0.675100 0.677600 0.680161 0.682784 0.685474 0.688232 0.691062 0.693964 0.696943 0.700000 0.702703 0.705886 0.709100 0.712344 0.715617 0.718920 0.722251 0.725611 0.728999 0.732414 0.735856 0.739325 0.742820 0.746342 0.749888 0.753460 0.757057 0.760677 0.764322 0.767990 0.771681 0.775395 0.779131 0.782888 0.786667 0.790468 0.794288 0.798129 0.801990 0.805870 0.809769 0.813686 0.817622 0.821575 0.825546 0.829534 0.833538 0.837558 0.841594 0.845645 0.849711 0.853792 0.857886 0.861994 0.866116 0.870250 0.874397 0.878556 0.882726 0.886907 0.891100 0.895302 0.899515 0.903737 0.907969 0.912209 0.916457 0.920713 0.924977 0.929248 0.933526 0.937810 0.942100 0.946395 0.950696 0.955001 0.959310 0.963623 0.967940 0.972260 0.976582 0.980906 0.985233 0.989560 0.993889 1.000000))
(time 0)
(channel alpha)
(curve
    (curve-type smooth)
    (n-points 17)
    (points 34 0.000000 0.000000 -1.000000 -1.000000 -1.000000 -1.000000 -1.000000 -1.000000 -1.000000 -1.000000 -1.000000 -1.000000 -1.000000 -1.000000 -1.000000 -1.000000 -1.000000 -1.000000 -1.000000 -1.000000 -1.000000 -1.000000 -1.000000 -1.000000 -1.000000 -1.000000 -1.000000 -1.000000 -1.000000 -1.000000 -1.000000 -1.000000 1.000000 1.000000)
    (n-samples 256)
    (samples 256 0.000000 0.003922 0.007843 0.011765 0.015686 0.019608 0.023529 0.027451 0.031373 0.035294 0.039216 0.043137 0.047059 0.050980 0.054902 0.058824 0.062745 0.066667 0.070588 0.074510 0.078431 0.082353 0.086275 0.090196 0.094118 0.098039 0.101961 0.105882 0.109804 0.113725 0.117647 0.121569 0.125490 0.129412 0.133333 0.137255 0.141176 0.145098 0.149020 0.152941 0.156863 0.160784 0.164706 0.168627 0.172549 0.176471 0.180392 0.184314 0.188235 0.192157 0.196078 0.200000 0.203922 0.207843 0.211765 0.215686 0.219608 0.223529 0.227451 0.231373 0.235294 0.239216 0.243137 0.247059 0.250980 0.254902 0.258824 0.262745 0.266667 0.270588 0.274510 0.278431 0.282353 0.286275 0.290196 0.294118 0.298039 0.301961 0.305882 0.309804 0.313725 0.317647 0.321569 0.325490 0.329412 0.333333 0.337255 0.341176 0.345098 0.349020 0.352941 0.356863 0.360784 0.364706 0.368627 0.372549 0.376471 0.380392 0.384314 0.388235 0.392157 0.396078 0.400000 0.403922 0.407843 0.411765 0.415686 0.419608 0.423529 0.427451 0.431373 0.435294 0.439216 0.443137 0.447059 0.450980 0.454902 0.458824 0.462745 0.466667 0.470588 0.474510 0.478431 0.482353 0.486275 0.490196 0.494118 0.498039 0.501961 0.505882 0.509804 0.513725 0.517647 0.521569 0.525490 0.529412 0.533333 0.537255 0.541176 0.545098 0.549020 0.552941 0.556863 0.560784 0.564706 0.568627 0.572549 0.576471 0.580392 0.584314 0.588235 0.592157 0.596078 0.600000 0.603922 0.607843 0.611765 0.615686 0.619608 0.623529 0.627451 0.631373 0.635294 0.639216 0.643137 0.647059 0.650980 0.654902 0.658824 0.662745 0.666667 0.670588 0.674510 0.678431 0.682353 0.686275 0.690196 0.694118 0.698039 0.701961 0.705882 0.709804 0.713725 0.717647 0.721569 0.725490 0.729412 0.733333 0.737255 0.741176 0.745098 0.749020 0.752941 0.756863 0.760784 0.764706 0.768627 0.772549 0.776471 0.780392 0.784314 0.788235 0.792157 0.796078 0.800000 0.803922 0.807843 0.811765 0.815686 0.819608 0.823529 0.827451 0.831373 0.835294 0.839216 0.843137 0.847059 0.850980 0.854902 0.858824 0.862745 0.866667 0.870588 0.874510 0.878431 0.882353 0.886275 0.890196 0.894118 0.898039 0.901961 0.905882 0.909804 0.913725 0.917647 0.921569 0.925490 0.929412 0.933333 0.937255 0.941176 0.945098 0.949020 0.952941 0.956863 0.960784 0.964706 0.968627 0.972549 0.976471 0.980392 0.984314 0.988235 0.992157 0.996078 1.000000))

# end of curves tool settings
