# GIMP curves tool settings

(time 0)
(channel value)
(curve
    (curve-type smooth)
    (n-points 17)
    (points 34 0.000000 0.000000 -1.000000 -1.000000 -1.000000 -1.000000 -1.000000 -1.000000 -1.000000 -1.000000 -1.000000 -1.000000 0.347561 0.392453 -1.000000 -1.000000 0.521341 0.701887 -1.000000 -1.000000 -1.000000 -1.000000 -1.000000 -1.000000 -1.000000 -1.000000 -1.000000 -1.000000 -1.000000 -1.000000 -1.000000 -1.000000 1.000000 1.000000)
    (n-samples 256)
    (samples 256 0.000000 0.004002 0.008005 0.012008 0.016013 0.020018 0.024026 0.028035 0.032046 0.036060 0.040077 0.044098 0.048121 0.052149 0.056181 0.060218 0.064259 0.068306 0.072358 0.076416 0.080480 0.084551 0.088628 0.092713 0.096805 0.100905 0.105013 0.109129 0.113255 0.117389 0.121533 0.125686 0.129850 0.134024 0.138209 0.142405 0.146612 0.150831 0.155062 0.159306 0.163562 0.167831 0.172113 0.176409 0.180719 0.185043 0.189382 0.193736 0.198106 0.202490 0.206891 0.211308 0.215742 0.220192 0.224660 0.229145 0.233649 0.238170 0.242710 0.247269 0.251847 0.256444 0.261062 0.265699 0.270357 0.275036 0.279736 0.284458 0.289201 0.293966 0.298754 0.303565 0.308398 0.313255 0.318136 0.323041 0.327970 0.332924 0.337903 0.342908 0.347938 0.352994 0.358076 0.363186 0.368322 0.373485 0.378676 0.383895 0.389143 0.392453 0.397882 0.403600 0.409591 0.415840 0.422331 0.429050 0.435981 0.443108 0.450416 0.457889 0.465513 0.473272 0.481150 0.489132 0.497203 0.505348 0.513550 0.521795 0.530067 0.538351 0.546631 0.554893 0.563120 0.571297 0.579410 0.587442 0.595378 0.603202 0.610901 0.618457 0.625856 0.633082 0.640120 0.646954 0.653570 0.659951 0.666083 0.671949 0.677535 0.682826 0.687805 0.692458 0.696768 0.701887 0.705524 0.709131 0.712709 0.716259 0.719779 0.723271 0.726735 0.730170 0.733578 0.736959 0.740312 0.743638 0.746937 0.750210 0.753456 0.756676 0.759871 0.763040 0.766183 0.769302 0.772395 0.775464 0.778509 0.781529 0.784526 0.787499 0.790448 0.793375 0.796278 0.799159 0.802018 0.804854 0.807668 0.810461 0.813232 0.815982 0.818711 0.821419 0.824107 0.826775 0.829422 0.832050 0.834659 0.837248 0.839818 0.842369 0.844902 0.847417 0.849913 0.852392 0.854853 0.857297 0.859724 0.862134 0.864528 0.866905 0.869266 0.871611 0.873941 0.876255 0.878554 0.880838 0.883108 0.885363 0.887604 0.889832 0.892045 0.894245 0.896432 0.898606 0.900768 0.902917 0.905053 0.907178 0.909291 0.911393 0.913483 0.915563 0.917632 0.919690 0.921738 0.923776 0.925804 0.927823 0.929832 0.931833 0.933825 0.935808 0.937783 0.939749 0.941708 0.943660 0.945604 0.947541 0.949471 0.951395 0.953312 0.955223 0.957128 0.959028 0.960922 0.962812 0.964696 0.966576 0.968451 0.970322 0.972189 0.974053 0.975913 0.977770 0.979624 0.981475 0.983324 0.985171 0.987015 0.988858 0.990700 0.992540 0.994379 0.996218 0.998056 1.000000))
(channel red)
(curve
    (curve-type smooth)
    (n-points 17)
    (points 34 0.000000 0.000000 -1.000000 -1.000000 -1.000000 -1.000000 0.173780 0.101504 -1.000000 -1.000000 -1.000000 -1.000000 -1.000000 -1.000000 -1.000000 -1.000000 -1.000000 -1.000000 -1.000000 -1.000000 0.649390 0.740602 -1.000000 -1.000000 -1.000000 -1.000000 -1.000000 -1.000000 -1.000000 -1.000000 -1.000000 -1.000000 1.000000 1.000000)
    (n-samples 256)
    (samples 256 0.000000 0.001200 0.002404 0.003614 0.004834 0.006068 0.007318 0.008588 0.009882 0.011202 0.012552 0.013935 0.015356 0.016816 0.018319 0.019870 0.021470 0.023123 0.024833 0.026604 0.028437 0.030337 0.032307 0.034351 0.036471 0.038671 0.040955 0.043325 0.045785 0.048338 0.050989 0.053739 0.056592 0.059552 0.062622 0.065806 0.069106 0.072526 0.076070 0.079740 0.083540 0.087473 0.091543 0.095753 0.101504 0.105997 0.110533 0.115110 0.119728 0.124386 0.129083 0.133819 0.138592 0.143402 0.148248 0.153130 0.158047 0.162998 0.167982 0.172998 0.178047 0.183126 0.188236 0.193376 0.198544 0.203741 0.208965 0.214216 0.219492 0.224794 0.230121 0.235471 0.240844 0.246240 0.251657 0.257094 0.262552 0.268029 0.273525 0.279039 0.284570 0.290117 0.295680 0.301258 0.306850 0.312455 0.318074 0.323704 0.329345 0.334997 0.340659 0.346330 0.352009 0.357696 0.363389 0.369089 0.374794 0.380504 0.386217 0.391934 0.397653 0.403374 0.409096 0.414818 0.420540 0.426260 0.431978 0.437694 0.443406 0.449114 0.454817 0.460515 0.466206 0.471890 0.477566 0.483233 0.488891 0.494539 0.500177 0.505802 0.511416 0.517016 0.522603 0.528175 0.533732 0.539274 0.544798 0.550305 0.555794 0.561264 0.566714 0.572144 0.577553 0.582940 0.588305 0.593646 0.598963 0.604255 0.609522 0.614763 0.619977 0.625163 0.630320 0.635449 0.640547 0.645615 0.650652 0.655656 0.660627 0.665565 0.670469 0.675337 0.680170 0.684966 0.689725 0.694446 0.699128 0.703771 0.708373 0.712935 0.717455 0.721932 0.726367 0.730757 0.735103 0.739404 0.740602 0.744843 0.749040 0.753192 0.757300 0.761363 0.765384 0.769362 0.773298 0.777193 0.781046 0.784858 0.788631 0.792364 0.796057 0.799712 0.803330 0.806909 0.810452 0.813957 0.817427 0.820862 0.824261 0.827626 0.830957 0.834255 0.837519 0.840751 0.843951 0.847120 0.850258 0.853365 0.856443 0.859491 0.862510 0.865501 0.868464 0.871400 0.874309 0.877192 0.880049 0.882880 0.885687 0.888470 0.891229 0.893964 0.896677 0.899368 0.902037 0.904685 0.907312 0.909919 0.912506 0.915075 0.917624 0.920156 0.922669 0.925166 0.927646 0.930111 0.932559 0.934993 0.937412 0.939817 0.942208 0.944586 0.946952 0.949306 0.951649 0.953980 0.956302 0.958613 0.960915 0.963207 0.965492 0.967769 0.970038 0.972300 0.974556 0.976806 0.979051 0.981291 0.983527 0.985759 0.987988 0.990214 0.992437 0.994659 0.996880 1.000000))
(channel green)
(curve
    (curve-type smooth)
    (n-points 17)
    (points 34 0.000000 0.000000 -1.000000 -1.000000 0.112805 0.063910 -1.000000 -1.000000 0.250000 0.304511 -1.000000 -1.000000 -1.000000 -1.000000 -1.000000 -1.000000 -1.000000 -1.000000 -1.000000 -1.000000 -1.000000 -1.000000 0.704268 0.654135 -1.000000 -1.000000 -1.000000 -1.000000 -1.000000 -1.000000 -1.000000 -1.000000 1.000000 1.000000)
    (n-samples 256)
    (samples 256 0.000000 0.000946 0.001901 0.002875 0.003876 0.004915 0.005999 0.007140 0.008345 0.009624 0.010987 0.012443 0.014000 0.015668 0.017457 0.019375 0.021433 0.023639 0.026002 0.028532 0.031237 0.034129 0.037214 0.040504 0.044006 0.047731 0.051687 0.055884 0.060332 0.063910 0.068887 0.074249 0.079971 0.086029 0.092396 0.099049 0.105963 0.113112 0.120473 0.128019 0.135728 0.143572 0.151528 0.159571 0.167677 0.175819 0.183974 0.192116 0.200221 0.208264 0.216220 0.224064 0.231771 0.239318 0.246677 0.253826 0.260739 0.267391 0.273758 0.279814 0.285535 0.290896 0.295873 0.300439 0.304511 0.308404 0.312256 0.316067 0.319839 0.323572 0.327267 0.330925 0.334545 0.338130 0.341678 0.345192 0.348672 0.352119 0.355532 0.358914 0.362264 0.365583 0.368873 0.372132 0.375364 0.378567 0.381742 0.384891 0.388014 0.391112 0.394185 0.397234 0.400260 0.403263 0.406244 0.409203 0.412143 0.415062 0.417962 0.420843 0.423707 0.426553 0.429383 0.432197 0.434995 0.437779 0.440550 0.443307 0.446052 0.448784 0.451506 0.454217 0.456919 0.459611 0.462295 0.464971 0.467641 0.470303 0.472960 0.475612 0.478260 0.480904 0.483545 0.486183 0.488820 0.491456 0.494092 0.496728 0.499365 0.502004 0.504645 0.507289 0.509937 0.512590 0.515247 0.517911 0.520580 0.523257 0.525942 0.528635 0.531338 0.534050 0.536773 0.539507 0.542253 0.545011 0.547783 0.550569 0.553369 0.556184 0.559015 0.561863 0.564729 0.567612 0.570514 0.573435 0.576376 0.579338 0.582321 0.585326 0.588354 0.591406 0.594481 0.597581 0.600707 0.603858 0.607037 0.610243 0.613477 0.616739 0.620031 0.623354 0.626707 0.630092 0.633509 0.636958 0.640442 0.643959 0.647511 0.651099 0.654135 0.657791 0.661483 0.665213 0.668978 0.672780 0.676617 0.680488 0.684394 0.688334 0.692307 0.696312 0.700350 0.704420 0.708521 0.712652 0.716814 0.721006 0.725227 0.729477 0.733755 0.738061 0.742394 0.746754 0.751140 0.755552 0.759989 0.764451 0.768937 0.773447 0.777980 0.782536 0.787114 0.791714 0.796335 0.800977 0.805640 0.810321 0.815023 0.819743 0.824481 0.829237 0.834010 0.838800 0.843606 0.848428 0.853265 0.858117 0.862983 0.867862 0.872755 0.877661 0.882579 0.887509 0.892450 0.897402 0.902364 0.907335 0.912316 0.917306 0.922304 0.927309 0.932322 0.937341 0.942367 0.947398 0.952435 0.957476 0.962522 0.967571 0.972624 0.977679 0.982736 0.987795 0.992856 1.000000))
(channel blue)
(curve
    (curve-type smooth)
    (n-points 17)
    (points 34 0.000000 0.000000 0.064024 0.112782 -1.000000 -1.000000 0.192073 0.270677 -1.000000 -1.000000 0.335366 0.394737 -1.000000 -1.000000 -1.000000 -1.000000 -1.000000 -1.000000 0.551829 0.609023 -1.000000 -1.000000 -1.000000 -1.000000 -1.000000 -1.000000 0.795732 0.819549 -1.000000 -1.000000 -1.000000 -1.000000 1.000000 1.000000)
    (n-samples 256)
    (samples 256 0.000000 0.007596 0.015177 0.022727 0.030229 0.037670 0.045033 0.052303 0.059464 0.066500 0.073397 0.080138 0.086708 0.093091 0.099272 0.105235 0.112782 0.118289 0.123758 0.129188 0.134579 0.139930 0.145242 0.150513 0.155743 0.160932 0.166079 0.171184 0.176247 0.181268 0.186245 0.191178 0.196068 0.200913 0.205714 0.210469 0.215179 0.219844 0.224461 0.229033 0.233557 0.238033 0.242462 0.246842 0.251174 0.255457 0.259690 0.263874 0.268007 0.270677 0.274707 0.278652 0.282514 0.286300 0.290012 0.293656 0.297235 0.300755 0.304219 0.307633 0.310999 0.314323 0.317609 0.320861 0.324085 0.327283 0.330461 0.333622 0.336772 0.339915 0.343054 0.346195 0.349342 0.352498 0.355670 0.358860 0.362073 0.365313 0.368586 0.371895 0.375245 0.378640 0.382084 0.385582 0.389138 0.392757 0.394737 0.398437 0.402159 0.405904 0.409669 0.413454 0.417258 0.421081 0.424921 0.428777 0.432648 0.436535 0.440435 0.444347 0.448272 0.452208 0.456153 0.460108 0.464072 0.468042 0.472019 0.476002 0.479989 0.483980 0.487974 0.491970 0.495967 0.499965 0.503961 0.507956 0.511948 0.515937 0.519922 0.523902 0.527875 0.531841 0.535800 0.539749 0.543689 0.547618 0.551536 0.555441 0.559333 0.563210 0.567073 0.570920 0.574749 0.578561 0.582354 0.586127 0.589880 0.593612 0.597321 0.601007 0.604668 0.609023 0.612633 0.616228 0.619808 0.623372 0.626922 0.630458 0.633981 0.637490 0.640986 0.644469 0.647941 0.651401 0.654850 0.658289 0.661716 0.665134 0.668543 0.671942 0.675333 0.678715 0.682090 0.685457 0.688817 0.692171 0.695519 0.698860 0.702197 0.705529 0.708856 0.712179 0.715498 0.718814 0.722128 0.725439 0.728748 0.732055 0.735362 0.738668 0.741973 0.745279 0.748585 0.751892 0.755200 0.758510 0.761823 0.765138 0.768456 0.771778 0.775104 0.778433 0.781768 0.785108 0.788453 0.791805 0.795162 0.798527 0.801899 0.805278 0.808666 0.812062 0.815467 0.819549 0.822971 0.826396 0.829823 0.833253 0.836685 0.840119 0.843555 0.846993 0.850434 0.853877 0.857321 0.860768 0.864216 0.867667 0.871119 0.874573 0.878028 0.881486 0.884945 0.888405 0.891867 0.895331 0.898796 0.902262 0.905730 0.909199 0.912669 0.916141 0.919613 0.923087 0.926562 0.930038 0.933515 0.936992 0.940471 0.943950 0.947430 0.950911 0.954393 0.957875 0.961357 0.964841 0.968324 0.971809 0.975293 0.978778 0.982263 0.985749 0.989234 0.992720 0.996206 1.000000))
(channel alpha)
(curve
    (curve-type smooth)
    (n-points 17)
    (points 34 0.000000 0.000000 -1.000000 -1.000000 -1.000000 -1.000000 -1.000000 -1.000000 -1.000000 -1.000000 -1.000000 -1.000000 -1.000000 -1.000000 -1.000000 -1.000000 -1.000000 -1.000000 -1.000000 -1.000000 -1.000000 -1.000000 -1.000000 -1.000000 -1.000000 -1.000000 -1.000000 -1.000000 -1.000000 -1.000000 -1.000000 -1.000000 1.000000 1.000000)
    (n-samples 256)
    (samples 256 0.000000 0.003922 0.007843 0.011765 0.015686 0.019608 0.023529 0.027451 0.031373 0.035294 0.039216 0.043137 0.047059 0.050980 0.054902 0.058824 0.062745 0.066667 0.070588 0.074510 0.078431 0.082353 0.086275 0.090196 0.094118 0.098039 0.101961 0.105882 0.109804 0.113725 0.117647 0.121569 0.125490 0.129412 0.133333 0.137255 0.141176 0.145098 0.149020 0.152941 0.156863 0.160784 0.164706 0.168627 0.172549 0.176471 0.180392 0.184314 0.188235 0.192157 0.196078 0.200000 0.203922 0.207843 0.211765 0.215686 0.219608 0.223529 0.227451 0.231373 0.235294 0.239216 0.243137 0.247059 0.250980 0.254902 0.258824 0.262745 0.266667 0.270588 0.274510 0.278431 0.282353 0.286275 0.290196 0.294118 0.298039 0.301961 0.305882 0.309804 0.313725 0.317647 0.321569 0.325490 0.329412 0.333333 0.337255 0.341176 0.345098 0.349020 0.352941 0.356863 0.360784 0.364706 0.368627 0.372549 0.376471 0.380392 0.384314 0.388235 0.392157 0.396078 0.400000 0.403922 0.407843 0.411765 0.415686 0.419608 0.423529 0.427451 0.431373 0.435294 0.439216 0.443137 0.447059 0.450980 0.454902 0.458824 0.462745 0.466667 0.470588 0.474510 0.478431 0.482353 0.486275 0.490196 0.494118 0.498039 0.501961 0.505882 0.509804 0.513725 0.517647 0.521569 0.525490 0.529412 0.533333 0.537255 0.541176 0.545098 0.549020 0.552941 0.556863 0.560784 0.564706 0.568627 0.572549 0.576471 0.580392 0.584314 0.588235 0.592157 0.596078 0.600000 0.603922 0.607843 0.611765 0.615686 0.619608 0.623529 0.627451 0.631373 0.635294 0.639216 0.643137 0.647059 0.650980 0.654902 0.658824 0.662745 0.666667 0.670588 0.674510 0.678431 0.682353 0.686275 0.690196 0.694118 0.698039 0.701961 0.705882 0.709804 0.713725 0.717647 0.721569 0.725490 0.729412 0.733333 0.737255 0.741176 0.745098 0.749020 0.752941 0.756863 0.760784 0.764706 0.768627 0.772549 0.776471 0.780392 0.784314 0.788235 0.792157 0.796078 0.800000 0.803922 0.807843 0.811765 0.815686 0.819608 0.823529 0.827451 0.831373 0.835294 0.839216 0.843137 0.847059 0.850980 0.854902 0.858824 0.862745 0.866667 0.870588 0.874510 0.878431 0.882353 0.886275 0.890196 0.894118 0.898039 0.901961 0.905882 0.909804 0.913725 0.917647 0.921569 0.925490 0.929412 0.933333 0.937255 0.941176 0.945098 0.949020 0.952941 0.956863 0.960784 0.964706 0.968627 0.972549 0.976471 0.980392 0.984314 0.988235 0.992157 0.996078 1.000000))

# end of curves tool settings
