# GIMP curves tool settings

(time 0)
(channel value)
(curve
    (curve-type smooth)
    (n-points 17)
    (points 34 0.000000 0.000000 -1.000000 -1.000000 -1.000000 -1.000000 -1.000000 -1.000000 0.219512 0.177358 -1.000000 -1.000000 -1.000000 -1.000000 0.426829 0.520755 -1.000000 -1.000000 -1.000000 -1.000000 -1.000000 -1.000000 -1.000000 -1.000000 -1.000000 -1.000000 -1.000000 -1.000000 -1.000000 -1.000000 -1.000000 -1.000000 1.000000 1.000000)
    (n-samples 256)
    (samples 256 0.000000 0.002361 0.004723 0.007088 0.009458 0.011835 0.014219 0.016612 0.019016 0.021432 0.023863 0.026308 0.028771 0.031253 0.033754 0.036277 0.038824 0.041395 0.043992 0.046618 0.049272 0.051958 0.054676 0.057428 0.060216 0.063041 0.065905 0.068809 0.071754 0.074743 0.077777 0.080857 0.083985 0.087163 0.090392 0.093673 0.097009 0.100400 0.103848 0.107356 0.110923 0.114553 0.118246 0.122004 0.125828 0.129721 0.133683 0.137716 0.141823 0.146003 0.150259 0.154593 0.159005 0.163498 0.168073 0.172731 0.177358 0.182250 0.187353 0.192657 0.198154 0.203834 0.209689 0.215711 0.221891 0.228219 0.234688 0.241287 0.248010 0.254846 0.261788 0.268826 0.275952 0.283156 0.290431 0.297767 0.305156 0.312589 0.320057 0.327551 0.335063 0.342584 0.350106 0.357618 0.365114 0.372583 0.380018 0.387409 0.394748 0.402026 0.409234 0.416364 0.423406 0.430353 0.437195 0.443923 0.450529 0.457004 0.463339 0.469526 0.475556 0.481420 0.487109 0.492615 0.497928 0.503041 0.507944 0.512628 0.517086 0.520755 0.524880 0.528987 0.533077 0.537149 0.541205 0.545244 0.549266 0.553271 0.557260 0.561232 0.565188 0.569127 0.573051 0.576958 0.580850 0.584726 0.588586 0.592431 0.596261 0.600075 0.603874 0.607658 0.611427 0.615181 0.618921 0.622646 0.626357 0.630054 0.633736 0.637404 0.641058 0.644699 0.648326 0.651939 0.655539 0.659125 0.662698 0.666258 0.669805 0.673340 0.676861 0.680370 0.683866 0.687350 0.690822 0.694282 0.697729 0.701165 0.704589 0.708001 0.711402 0.714791 0.718169 0.721536 0.724892 0.728237 0.731571 0.734894 0.738207 0.741509 0.744801 0.748083 0.751354 0.754616 0.757868 0.761110 0.764342 0.767565 0.770779 0.773983 0.777178 0.780364 0.783541 0.786710 0.789870 0.793021 0.796164 0.799298 0.802425 0.805543 0.808653 0.811756 0.814851 0.817938 0.821018 0.824090 0.827156 0.830214 0.833265 0.836309 0.839347 0.842378 0.845402 0.848420 0.851432 0.854438 0.857438 0.860431 0.863419 0.866402 0.869379 0.872350 0.875316 0.878277 0.881233 0.884184 0.887130 0.890071 0.893008 0.895940 0.898868 0.901792 0.904712 0.907628 0.910539 0.913447 0.916352 0.919253 0.922151 0.925045 0.927936 0.930824 0.933710 0.936592 0.939472 0.942349 0.945224 0.948097 0.950967 0.953836 0.956702 0.959567 0.962430 0.965291 0.968151 0.971010 0.973867 0.976723 0.979578 0.982433 0.985286 0.988139 0.990992 0.993844 0.996696 1.000000))
(channel red)
(curve
    (curve-type smooth)
    (n-points 17)
    (points 34 0.000000 0.000000 -1.000000 -1.000000 -1.000000 -1.000000 -1.000000 -1.000000 0.231707 0.116981 -1.000000 -1.000000 -1.000000 -1.000000 -1.000000 -1.000000 -1.000000 -1.000000 0.588415 0.543396 -1.000000 -1.000000 -1.000000 -1.000000 -1.000000 -1.000000 -1.000000 -1.000000 -1.000000 -1.000000 -1.000000 -1.000000 1.000000 1.000000)
    (n-samples 256)
    (samples 256 0.000000 0.001159 0.002320 0.003483 0.004651 0.005825 0.007005 0.008194 0.009393 0.010603 0.011825 0.013062 0.014315 0.015584 0.016872 0.018179 0.019508 0.020859 0.022234 0.023634 0.025062 0.026517 0.028002 0.029519 0.031067 0.032650 0.034267 0.035922 0.037614 0.039346 0.041119 0.042935 0.044794 0.046698 0.048648 0.050647 0.052695 0.054794 0.056945 0.059150 0.061409 0.063725 0.066099 0.068532 0.071026 0.073582 0.076202 0.078886 0.081636 0.084455 0.087342 0.090300 0.093330 0.096433 0.099611 0.102866 0.106197 0.109608 0.113099 0.116981 0.120628 0.124325 0.128070 0.131864 0.135706 0.139593 0.143526 0.147504 0.151525 0.155589 0.159695 0.163841 0.168028 0.172254 0.176518 0.180819 0.185157 0.189530 0.193938 0.198379 0.202854 0.207360 0.211897 0.216464 0.221061 0.225685 0.230337 0.235015 0.239719 0.244448 0.249200 0.253976 0.258773 0.263591 0.268429 0.273286 0.278162 0.283055 0.287965 0.292890 0.297830 0.302784 0.307751 0.312729 0.317719 0.322719 0.327728 0.332745 0.337770 0.342802 0.347839 0.352881 0.357926 0.362975 0.368026 0.373078 0.378130 0.383181 0.388231 0.393278 0.398322 0.403361 0.408396 0.413424 0.418445 0.423459 0.428463 0.433458 0.438442 0.443415 0.448375 0.453322 0.458254 0.463172 0.468073 0.472958 0.477824 0.482672 0.487500 0.492308 0.497094 0.501857 0.506598 0.511314 0.516005 0.520670 0.525308 0.529919 0.534500 0.539052 0.543396 0.547901 0.552401 0.556898 0.561389 0.565877 0.570360 0.574839 0.579314 0.583784 0.588251 0.592713 0.597172 0.601626 0.606077 0.610524 0.614967 0.619406 0.623841 0.628273 0.632701 0.637125 0.641546 0.645963 0.650377 0.654787 0.659194 0.663597 0.667997 0.672394 0.676788 0.681178 0.685566 0.689950 0.694331 0.698709 0.703084 0.707456 0.711825 0.716192 0.720555 0.724916 0.729274 0.733630 0.737982 0.742332 0.746680 0.751025 0.755368 0.759708 0.764046 0.768381 0.772714 0.777045 0.781374 0.785700 0.790025 0.794347 0.798667 0.802985 0.807302 0.811616 0.815928 0.820239 0.824548 0.828855 0.833160 0.837464 0.841766 0.846067 0.850366 0.854663 0.858959 0.863254 0.867547 0.871839 0.876130 0.880419 0.884708 0.888995 0.893281 0.897566 0.901850 0.906133 0.910415 0.914696 0.918976 0.923255 0.927534 0.931812 0.936089 0.940366 0.944642 0.948917 0.953192 0.957467 0.961741 0.966015 0.970288 0.974561 0.978834 0.983107 0.987379 0.991651 0.995924 1.000000))
(channel green)
(curve
    (curve-type smooth)
    (n-points 17)
    (points 34 0.000000 0.000000 -1.000000 -1.000000 -1.000000 -1.000000 0.216463 0.105660 -1.000000 -1.000000 -1.000000 -1.000000 -1.000000 -1.000000 -1.000000 -1.000000 -1.000000 -1.000000 0.545732 0.520755 -1.000000 -1.000000 -1.000000 -1.000000 -1.000000 -1.000000 -1.000000 -1.000000 -1.000000 -1.000000 -1.000000 -1.000000 1.000000 1.000000)
    (n-samples 256)
    (samples 256 0.000000 0.001001 0.002003 0.003009 0.004020 0.005039 0.006066 0.007105 0.008156 0.009221 0.010302 0.011402 0.012521 0.013662 0.014827 0.016016 0.017233 0.018478 0.019754 0.021062 0.022405 0.023783 0.025200 0.026656 0.028153 0.029693 0.031279 0.032911 0.034592 0.036323 0.038107 0.039944 0.041837 0.043788 0.045798 0.047870 0.050004 0.052204 0.054469 0.056804 0.059208 0.061684 0.064235 0.066860 0.069563 0.072346 0.075209 0.078155 0.081186 0.084303 0.087508 0.090804 0.094191 0.097671 0.101248 0.105660 0.109436 0.113279 0.117188 0.121160 0.125196 0.129292 0.133449 0.137664 0.141936 0.146263 0.150645 0.155080 0.159565 0.164101 0.168686 0.173317 0.177994 0.182715 0.187479 0.192285 0.197130 0.202014 0.206935 0.211892 0.216883 0.221907 0.226962 0.232048 0.237162 0.242303 0.247470 0.252661 0.257876 0.263111 0.268367 0.273642 0.278933 0.284241 0.289563 0.294898 0.300244 0.305601 0.310966 0.316339 0.321717 0.327100 0.332486 0.337874 0.343262 0.348648 0.354032 0.359412 0.364787 0.370154 0.375513 0.380863 0.386201 0.391526 0.396838 0.402134 0.407414 0.412675 0.417916 0.423136 0.428334 0.433508 0.438656 0.443777 0.448871 0.453934 0.458967 0.463967 0.468933 0.473864 0.478758 0.483614 0.488431 0.493206 0.497939 0.502628 0.507272 0.511869 0.516418 0.520755 0.525227 0.529690 0.534144 0.538590 0.543028 0.547457 0.551877 0.556290 0.560694 0.565090 0.569478 0.573858 0.578231 0.582595 0.586952 0.591301 0.595643 0.599977 0.604304 0.608623 0.612935 0.617240 0.621538 0.625829 0.630113 0.634389 0.638660 0.642923 0.647180 0.651430 0.655674 0.659911 0.664142 0.668366 0.672585 0.676797 0.681003 0.685203 0.689398 0.693586 0.697769 0.701946 0.706118 0.710284 0.714444 0.718599 0.722749 0.726894 0.731033 0.735168 0.739297 0.743422 0.747542 0.751657 0.755767 0.759872 0.763974 0.768070 0.772163 0.776251 0.780334 0.784414 0.788489 0.792561 0.796628 0.800692 0.804752 0.808808 0.812861 0.816910 0.820956 0.824998 0.829037 0.833072 0.837105 0.841134 0.845161 0.849184 0.853205 0.857222 0.861237 0.865250 0.869260 0.873267 0.877272 0.881274 0.885275 0.889273 0.893269 0.897263 0.901255 0.905245 0.909234 0.913220 0.917205 0.921188 0.925170 0.929151 0.933130 0.937108 0.941084 0.945060 0.949034 0.953008 0.956980 0.960952 0.964923 0.968894 0.972863 0.976833 0.980801 0.984770 0.988738 0.992706 0.996674 1.000000))
(channel blue)
(curve
    (curve-type smooth)
    (n-points 17)
    (points 34 0.000000 0.000000 -1.000000 -1.000000 -1.000000 -1.000000 0.195122 0.245283 -1.000000 -1.000000 -1.000000 -1.000000 -1.000000 -1.000000 -1.000000 -1.000000 -1.000000 -1.000000 0.570122 0.641509 -1.000000 -1.000000 -1.000000 -1.000000 -1.000000 -1.000000 -1.000000 -1.000000 -1.000000 -1.000000 -1.000000 -1.000000 1.000000 1.000000)
    (n-samples 256)
    (samples 256 0.000000 0.005188 0.010376 0.015562 0.020746 0.025928 0.031107 0.036282 0.041453 0.046618 0.051778 0.056932 0.062079 0.067218 0.072349 0.077471 0.082584 0.087687 0.092780 0.097861 0.102930 0.107986 0.113030 0.118059 0.123074 0.128075 0.133059 0.138027 0.142979 0.147912 0.152828 0.157725 0.162602 0.167459 0.172296 0.177111 0.181905 0.186675 0.191423 0.196147 0.200846 0.205521 0.210169 0.214792 0.219387 0.223955 0.228494 0.233005 0.237486 0.241938 0.245283 0.249695 0.254105 0.258513 0.262920 0.267325 0.271727 0.276127 0.280525 0.284920 0.289312 0.293702 0.298089 0.302473 0.306853 0.311230 0.315604 0.319974 0.324341 0.328704 0.333062 0.337417 0.341767 0.346113 0.350455 0.354792 0.359124 0.363452 0.367774 0.372091 0.376403 0.380710 0.385011 0.389306 0.393596 0.397880 0.402157 0.406429 0.410694 0.414953 0.419206 0.423451 0.427690 0.431922 0.436147 0.440364 0.444575 0.448777 0.452973 0.457160 0.461340 0.465512 0.469675 0.473831 0.477978 0.482116 0.486246 0.490367 0.494480 0.498583 0.502677 0.506762 0.510837 0.514903 0.518960 0.523006 0.527043 0.531069 0.535086 0.539092 0.543087 0.547072 0.551047 0.555010 0.558963 0.562904 0.566835 0.570754 0.574661 0.578557 0.582441 0.586313 0.590174 0.594022 0.597858 0.601681 0.605493 0.609291 0.613077 0.616849 0.620609 0.624356 0.628089 0.631809 0.635515 0.641509 0.645181 0.648841 0.652491 0.656130 0.659758 0.663375 0.666982 0.670579 0.674165 0.677741 0.681307 0.684863 0.688409 0.691945 0.695471 0.698988 0.702495 0.705993 0.709482 0.712961 0.716431 0.719893 0.723345 0.726789 0.730223 0.733650 0.737067 0.740477 0.743878 0.747271 0.750656 0.754033 0.757402 0.760763 0.764116 0.767462 0.770801 0.774132 0.777455 0.780772 0.784082 0.787384 0.790680 0.793969 0.797251 0.800527 0.803796 0.807059 0.810316 0.813566 0.816811 0.820049 0.823282 0.826509 0.829730 0.832945 0.836156 0.839360 0.842560 0.845755 0.848944 0.852129 0.855308 0.858483 0.861654 0.864819 0.867981 0.871138 0.874290 0.877439 0.880584 0.883725 0.886861 0.889995 0.893124 0.896250 0.899373 0.902492 0.905608 0.908721 0.911831 0.914938 0.918043 0.921144 0.924243 0.927340 0.930434 0.933525 0.936615 0.939703 0.942788 0.945872 0.948953 0.952034 0.955112 0.958189 0.961265 0.964339 0.967412 0.970485 0.973556 0.976626 0.979695 0.982764 0.985833 0.988900 0.991968 0.995035 0.998102 1.000000))
(channel alpha)
(curve
    (curve-type smooth)
    (n-points 17)
    (points 34 0.000000 0.000000 -1.000000 -1.000000 -1.000000 -1.000000 -1.000000 -1.000000 -1.000000 -1.000000 -1.000000 -1.000000 -1.000000 -1.000000 -1.000000 -1.000000 -1.000000 -1.000000 -1.000000 -1.000000 -1.000000 -1.000000 -1.000000 -1.000000 -1.000000 -1.000000 -1.000000 -1.000000 -1.000000 -1.000000 -1.000000 -1.000000 1.000000 1.000000)
    (n-samples 256)
    (samples 256 0.000000 0.003922 0.007843 0.011765 0.015686 0.019608 0.023529 0.027451 0.031373 0.035294 0.039216 0.043137 0.047059 0.050980 0.054902 0.058824 0.062745 0.066667 0.070588 0.074510 0.078431 0.082353 0.086275 0.090196 0.094118 0.098039 0.101961 0.105882 0.109804 0.113725 0.117647 0.121569 0.125490 0.129412 0.133333 0.137255 0.141176 0.145098 0.149020 0.152941 0.156863 0.160784 0.164706 0.168627 0.172549 0.176471 0.180392 0.184314 0.188235 0.192157 0.196078 0.200000 0.203922 0.207843 0.211765 0.215686 0.219608 0.223529 0.227451 0.231373 0.235294 0.239216 0.243137 0.247059 0.250980 0.254902 0.258824 0.262745 0.266667 0.270588 0.274510 0.278431 0.282353 0.286275 0.290196 0.294118 0.298039 0.301961 0.305882 0.309804 0.313725 0.317647 0.321569 0.325490 0.329412 0.333333 0.337255 0.341176 0.345098 0.349020 0.352941 0.356863 0.360784 0.364706 0.368627 0.372549 0.376471 0.380392 0.384314 0.388235 0.392157 0.396078 0.400000 0.403922 0.407843 0.411765 0.415686 0.419608 0.423529 0.427451 0.431373 0.435294 0.439216 0.443137 0.447059 0.450980 0.454902 0.458824 0.462745 0.466667 0.470588 0.474510 0.478431 0.482353 0.486275 0.490196 0.494118 0.498039 0.501961 0.505882 0.509804 0.513725 0.517647 0.521569 0.525490 0.529412 0.533333 0.537255 0.541176 0.545098 0.549020 0.552941 0.556863 0.560784 0.564706 0.568627 0.572549 0.576471 0.580392 0.584314 0.588235 0.592157 0.596078 0.600000 0.603922 0.607843 0.611765 0.615686 0.619608 0.623529 0.627451 0.631373 0.635294 0.639216 0.643137 0.647059 0.650980 0.654902 0.658824 0.662745 0.666667 0.670588 0.674510 0.678431 0.682353 0.686275 0.690196 0.694118 0.698039 0.701961 0.705882 0.709804 0.713725 0.717647 0.721569 0.725490 0.729412 0.733333 0.737255 0.741176 0.745098 0.749020 0.752941 0.756863 0.760784 0.764706 0.768627 0.772549 0.776471 0.780392 0.784314 0.788235 0.792157 0.796078 0.800000 0.803922 0.807843 0.811765 0.815686 0.819608 0.823529 0.827451 0.831373 0.835294 0.839216 0.843137 0.847059 0.850980 0.854902 0.858824 0.862745 0.866667 0.870588 0.874510 0.878431 0.882353 0.886275 0.890196 0.894118 0.898039 0.901961 0.905882 0.909804 0.913725 0.917647 0.921569 0.925490 0.929412 0.933333 0.937255 0.941176 0.945098 0.949020 0.952941 0.956863 0.960784 0.964706 0.968627 0.972549 0.976471 0.980392 0.984314 0.988235 0.992157 0.996078 1.000000))

# end of curves tool settings
