# GIMP curves tool settings

(time 0)
(channel value)
(curve
    (curve-type smooth)
    (n-points 17)
    (points 34 0.000000 0.000000 -1.000000 -1.000000 -1.000000 -1.000000 0.195122 0.052239 -1.000000 -1.000000 -1.000000 -1.000000 -1.000000 -1.000000 -1.000000 -1.000000 -1.000000 -1.000000 0.560976 0.757463 -1.000000 -1.000000 -1.000000 -1.000000 -1.000000 -1.000000 -1.000000 -1.000000 -1.000000 -1.000000 -1.000000 -1.000000 1.000000 1.000000)
    (n-samples 256)
    (samples 256 0.000000 0.000000 0.000000 0.000000 0.000000 0.000000 0.000000 0.000000 0.000000 0.000000 0.000000 0.000000 0.000000 0.000000 0.000000 0.000000 0.000000 0.000000 0.000000 0.000000 0.000000 0.000000 0.000000 0.000000 0.000000 0.000000 0.000000 0.000000 0.000000 0.000000 0.000000 0.000000 0.000000 0.000000 0.000000 0.000000 0.001385 0.003739 0.006283 0.009024 0.011964 0.015111 0.018468 0.022042 0.025836 0.029857 0.034110 0.038599 0.043330 0.048308 0.052239 0.057613 0.063145 0.068829 0.074662 0.080641 0.086763 0.093023 0.099418 0.105945 0.112599 0.119377 0.126277 0.133293 0.140423 0.147663 0.155009 0.162457 0.170005 0.177649 0.185384 0.193208 0.201116 0.209106 0.217173 0.225314 0.233526 0.241805 0.250146 0.258548 0.267005 0.275515 0.284074 0.292678 0.301324 0.310008 0.318727 0.327476 0.336253 0.345054 0.353874 0.362712 0.371562 0.380422 0.389288 0.398155 0.407022 0.415884 0.424737 0.433577 0.442403 0.451209 0.459992 0.468748 0.477475 0.486167 0.494823 0.503438 0.512008 0.520530 0.529001 0.537417 0.545774 0.554068 0.562296 0.570455 0.578541 0.586550 0.594479 0.602324 0.610081 0.617748 0.625319 0.632793 0.640165 0.647431 0.654588 0.661633 0.668561 0.675370 0.682055 0.688613 0.695041 0.701334 0.707490 0.713505 0.719375 0.725096 0.730665 0.736078 0.741333 0.746424 0.751349 0.757463 0.762048 0.766568 0.771023 0.775414 0.779742 0.784008 0.788211 0.792353 0.796433 0.800453 0.804414 0.808315 0.812157 0.815942 0.819669 0.823339 0.826953 0.830511 0.834014 0.837462 0.840857 0.844198 0.847486 0.850722 0.853907 0.857040 0.860123 0.863156 0.866140 0.869076 0.871963 0.874802 0.877595 0.880342 0.883042 0.885698 0.888309 0.890876 0.893400 0.895880 0.898319 0.900716 0.903072 0.905387 0.907663 0.909899 0.912097 0.914257 0.916378 0.918464 0.920512 0.922525 0.924503 0.926446 0.928355 0.930231 0.932074 0.933885 0.935664 0.937412 0.939129 0.940817 0.942475 0.944105 0.945706 0.947280 0.948827 0.950347 0.951842 0.953312 0.954756 0.956177 0.957575 0.958949 0.960302 0.961632 0.962942 0.964231 0.965500 0.966750 0.967981 0.969194 0.970389 0.971567 0.972729 0.973876 0.975006 0.976123 0.977225 0.978314 0.979389 0.980453 0.981505 0.982545 0.983576 0.984596 0.985607 0.986609 0.987603 0.988589 0.989568 0.990541 0.991508 0.992470 0.993427 0.994380 0.995330 0.996277 0.997221 0.998164 0.999105 1.000000))
(channel red)
(curve
    (curve-type smooth)
    (n-points 17)
    (points 34 0.000000 0.000000 -1.000000 -1.000000 0.125000 0.000000 -1.000000 -1.000000 0.234756 0.171642 -1.000000 -1.000000 -1.000000 -1.000000 -1.000000 -1.000000 -1.000000 -1.000000 0.560976 0.641791 -1.000000 -1.000000 -1.000000 -1.000000 -1.000000 -1.000000 -1.000000 -1.000000 -1.000000 -1.000000 -1.000000 -1.000000 1.000000 1.000000)
    (n-samples 256)
    (samples 256 0.000000 0.000000 0.000000 0.000000 0.000000 0.000000 0.000000 0.000000 0.000000 0.000000 0.000000 0.000000 0.000000 0.000000 0.000000 0.000000 0.000000 0.000000 0.000000 0.000000 0.000000 0.000000 0.000000 0.000000 0.000000 0.000000 0.000000 0.000000 0.000000 0.000000 0.000000 0.000000 0.000000 0.003109 0.006682 0.010693 0.015112 0.019913 0.025067 0.030548 0.036326 0.042374 0.048665 0.055171 0.061864 0.068715 0.075699 0.082786 0.089948 0.097159 0.104390 0.111614 0.118803 0.125928 0.132963 0.139880 0.146650 0.153246 0.159640 0.165805 0.171642 0.177428 0.183242 0.189081 0.194945 0.200833 0.206743 0.212674 0.218626 0.224596 0.230585 0.236590 0.242611 0.248647 0.254696 0.260758 0.266831 0.272914 0.279006 0.285106 0.291213 0.297325 0.303443 0.309563 0.315686 0.321810 0.327935 0.334058 0.340180 0.346298 0.352411 0.358520 0.364621 0.370716 0.376801 0.382876 0.388941 0.394993 0.401032 0.407057 0.413066 0.419058 0.425033 0.430989 0.436925 0.442840 0.448733 0.454603 0.460448 0.466268 0.472061 0.477826 0.483563 0.489269 0.494945 0.500588 0.506198 0.511773 0.517313 0.522817 0.528282 0.533709 0.539095 0.544441 0.549744 0.555004 0.560220 0.565390 0.570513 0.575588 0.580615 0.585591 0.590517 0.595390 0.600209 0.604975 0.609684 0.614337 0.618932 0.623468 0.627944 0.632359 0.636711 0.641791 0.646022 0.650225 0.654401 0.658550 0.662671 0.666766 0.670834 0.674876 0.678892 0.682882 0.686847 0.690786 0.694701 0.698590 0.702456 0.706296 0.710113 0.713906 0.717676 0.721422 0.725146 0.728846 0.732524 0.736180 0.739814 0.743426 0.747017 0.750586 0.754134 0.757662 0.761169 0.764656 0.768122 0.771569 0.774997 0.778405 0.781795 0.785165 0.788517 0.791851 0.795167 0.798465 0.801745 0.805008 0.808254 0.811484 0.814697 0.817894 0.821074 0.824239 0.827389 0.830523 0.833642 0.836747 0.839837 0.842912 0.845974 0.849022 0.852057 0.855078 0.858086 0.861082 0.864065 0.867035 0.869994 0.872941 0.875876 0.878801 0.881714 0.884616 0.887508 0.890390 0.893262 0.896124 0.898976 0.901820 0.904654 0.907480 0.910297 0.913105 0.915906 0.918699 0.921485 0.924263 0.927034 0.929799 0.932557 0.935309 0.938055 0.940795 0.943529 0.946259 0.948983 0.951703 0.954418 0.957129 0.959836 0.962539 0.965239 0.967935 0.970628 0.973319 0.976007 0.978693 0.981377 0.984060 0.986740 0.989420 0.992098 0.994776 0.997454 1.000000))
(channel green)
(curve
    (curve-type smooth)
    (n-points 17)
    (points 34 0.000000 0.000000 -1.000000 -1.000000 0.134146 0.000000 -1.000000 -1.000000 -1.000000 -1.000000 0.317073 0.253731 0.381098 0.421642 -1.000000 -1.000000 -1.000000 -1.000000 -1.000000 -1.000000 0.621951 0.708955 -1.000000 -1.000000 -1.000000 -1.000000 0.783537 0.865672 -1.000000 -1.000000 -1.000000 -1.000000 1.000000 1.000000)
    (n-samples 256)
    (samples 256 0.000000 0.000000 0.000000 0.000000 0.000000 0.000000 0.000000 0.000000 0.000000 0.000000 0.000000 0.000000 0.000000 0.000000 0.000000 0.000000 0.000000 0.000000 0.000000 0.000000 0.000000 0.000000 0.000000 0.000000 0.000000 0.000000 0.000000 0.000000 0.000000 0.000000 0.000000 0.000000 0.000000 0.000000 0.000000 0.003209 0.006559 0.010047 0.013670 0.017424 0.021308 0.025318 0.029451 0.033704 0.038075 0.042561 0.047159 0.051865 0.056677 0.061593 0.066609 0.071722 0.076930 0.082229 0.087617 0.093091 0.098648 0.104284 0.109998 0.115787 0.121647 0.127575 0.133569 0.139626 0.145743 0.151916 0.158144 0.164423 0.170751 0.177124 0.183540 0.189995 0.196487 0.203013 0.209571 0.216156 0.222767 0.229400 0.236053 0.242722 0.249406 0.253731 0.261108 0.269726 0.279405 0.289964 0.301223 0.313002 0.325120 0.337396 0.349650 0.361702 0.373371 0.384476 0.394837 0.404274 0.412605 0.421642 0.427465 0.433224 0.438920 0.444556 0.450131 0.455647 0.461106 0.466509 0.471858 0.477153 0.482396 0.487588 0.492730 0.497825 0.502872 0.507874 0.512832 0.517747 0.522620 0.527453 0.532248 0.537004 0.541724 0.546409 0.551061 0.555679 0.560267 0.564826 0.569355 0.573858 0.578335 0.582787 0.587216 0.591623 0.596010 0.600377 0.604726 0.609059 0.613377 0.617680 0.621971 0.626251 0.630520 0.634781 0.639034 0.643281 0.647523 0.651762 0.655999 0.660235 0.664471 0.668709 0.672951 0.677196 0.681448 0.685706 0.689973 0.694249 0.698536 0.702836 0.707149 0.708955 0.713276 0.717582 0.721874 0.726151 0.730411 0.734654 0.738878 0.743084 0.747269 0.751433 0.755575 0.759694 0.763790 0.767861 0.771906 0.775924 0.779915 0.783878 0.787811 0.791714 0.795586 0.799426 0.803232 0.807005 0.810743 0.814445 0.818110 0.821738 0.825327 0.828877 0.832386 0.835854 0.839280 0.842662 0.846001 0.849294 0.852542 0.855742 0.858895 0.861999 0.865672 0.868675 0.871647 0.874588 0.877499 0.880381 0.883234 0.886058 0.888855 0.891624 0.894367 0.897084 0.899775 0.902442 0.905084 0.907702 0.910297 0.912870 0.915420 0.917949 0.920457 0.922945 0.925413 0.927862 0.930293 0.932705 0.935100 0.937479 0.939841 0.942187 0.944518 0.946835 0.949137 0.951427 0.953703 0.955968 0.958220 0.960462 0.962693 0.964914 0.967126 0.969329 0.971524 0.973712 0.975892 0.978066 0.980234 0.982396 0.984554 0.986708 0.988858 0.991005 0.993150 0.995293 0.997435 1.000000))
(channel blue)
(curve
    (curve-type smooth)
    (n-points 17)
    (points 34 0.000000 0.000000 0.082317 0.000000 -1.000000 -1.000000 0.213415 0.238806 -1.000000 -1.000000 -1.000000 -1.000000 -1.000000 -1.000000 -1.000000 -1.000000 0.493902 0.522388 -1.000000 -1.000000 -1.000000 -1.000000 0.679878 0.798507 -1.000000 -1.000000 -1.000000 -1.000000 -1.000000 -1.000000 -1.000000 -1.000000 1.000000 1.000000)
    (n-samples 256)
    (samples 256 0.000000 0.000000 0.000000 0.000000 0.000000 0.000000 0.000000 0.000000 0.000000 0.000000 0.000000 0.000000 0.000000 0.000000 0.000000 0.000000 0.000000 0.000000 0.000000 0.000000 0.000000 0.000000 0.004613 0.009660 0.015112 0.020945 0.027131 0.033645 0.040459 0.047547 0.054884 0.062442 0.070195 0.078116 0.086180 0.094360 0.102629 0.110960 0.119329 0.127707 0.136069 0.144389 0.152639 0.160794 0.168826 0.176710 0.184420 0.191927 0.199208 0.206234 0.212979 0.219418 0.225523 0.231268 0.238806 0.243745 0.248609 0.253399 0.258118 0.262769 0.267352 0.271870 0.276325 0.280720 0.285055 0.289334 0.293558 0.297729 0.301850 0.305922 0.309948 0.313929 0.317868 0.321767 0.325627 0.329451 0.333241 0.336999 0.340727 0.344427 0.348101 0.351751 0.355379 0.358987 0.362578 0.366153 0.369715 0.373265 0.376805 0.380338 0.383866 0.387391 0.390914 0.394438 0.397965 0.401496 0.405035 0.408583 0.412141 0.415713 0.419300 0.422905 0.426529 0.430174 0.433842 0.437536 0.441257 0.445008 0.448791 0.452608 0.456460 0.460350 0.464279 0.468251 0.472267 0.476329 0.480438 0.484598 0.488811 0.493077 0.497400 0.501781 0.506222 0.510726 0.515295 0.519930 0.522388 0.527184 0.532155 0.537292 0.542587 0.548031 0.553616 0.559332 0.565172 0.571126 0.577186 0.583344 0.589590 0.595916 0.602314 0.608774 0.615288 0.621848 0.628444 0.635069 0.641713 0.648368 0.655026 0.661677 0.668313 0.674925 0.681505 0.688044 0.694533 0.700965 0.707329 0.713618 0.719822 0.725934 0.731945 0.737845 0.743627 0.749281 0.754799 0.760173 0.765393 0.770452 0.775340 0.780049 0.784569 0.788894 0.793013 0.798507 0.802186 0.805819 0.809409 0.812954 0.816457 0.819917 0.823335 0.826712 0.830048 0.833344 0.836599 0.839816 0.842994 0.846134 0.849236 0.852302 0.855331 0.858324 0.861282 0.864205 0.867094 0.869949 0.872771 0.875561 0.878319 0.881045 0.883740 0.886405 0.889041 0.891647 0.894224 0.896773 0.899295 0.901790 0.904258 0.906701 0.909118 0.911511 0.913879 0.916223 0.918545 0.920844 0.923121 0.925376 0.927611 0.929825 0.932020 0.934195 0.936352 0.938490 0.940611 0.942715 0.944803 0.946874 0.948931 0.950972 0.952999 0.955013 0.957014 0.959002 0.960978 0.962942 0.964896 0.966839 0.968773 0.970697 0.972612 0.974520 0.976420 0.978313 0.980199 0.982080 0.983955 0.985826 0.987692 0.989554 0.991414 0.993271 0.995125 0.996979 0.998831 1.000000))
(channel alpha)
(curve
    (curve-type smooth)
    (n-points 17)
    (points 34 0.000000 0.000000 -1.000000 -1.000000 -1.000000 -1.000000 -1.000000 -1.000000 -1.000000 -1.000000 -1.000000 -1.000000 -1.000000 -1.000000 -1.000000 -1.000000 -1.000000 -1.000000 -1.000000 -1.000000 -1.000000 -1.000000 -1.000000 -1.000000 -1.000000 -1.000000 -1.000000 -1.000000 -1.000000 -1.000000 -1.000000 -1.000000 1.000000 1.000000)
    (n-samples 256)
    (samples 256 0.000000 0.003922 0.007843 0.011765 0.015686 0.019608 0.023529 0.027451 0.031373 0.035294 0.039216 0.043137 0.047059 0.050980 0.054902 0.058824 0.062745 0.066667 0.070588 0.074510 0.078431 0.082353 0.086275 0.090196 0.094118 0.098039 0.101961 0.105882 0.109804 0.113725 0.117647 0.121569 0.125490 0.129412 0.133333 0.137255 0.141176 0.145098 0.149020 0.152941 0.156863 0.160784 0.164706 0.168627 0.172549 0.176471 0.180392 0.184314 0.188235 0.192157 0.196078 0.200000 0.203922 0.207843 0.211765 0.215686 0.219608 0.223529 0.227451 0.231373 0.235294 0.239216 0.243137 0.247059 0.250980 0.254902 0.258824 0.262745 0.266667 0.270588 0.274510 0.278431 0.282353 0.286275 0.290196 0.294118 0.298039 0.301961 0.305882 0.309804 0.313725 0.317647 0.321569 0.325490 0.329412 0.333333 0.337255 0.341176 0.345098 0.349020 0.352941 0.356863 0.360784 0.364706 0.368627 0.372549 0.376471 0.380392 0.384314 0.388235 0.392157 0.396078 0.400000 0.403922 0.407843 0.411765 0.415686 0.419608 0.423529 0.427451 0.431373 0.435294 0.439216 0.443137 0.447059 0.450980 0.454902 0.458824 0.462745 0.466667 0.470588 0.474510 0.478431 0.482353 0.486275 0.490196 0.494118 0.498039 0.501961 0.505882 0.509804 0.513725 0.517647 0.521569 0.525490 0.529412 0.533333 0.537255 0.541176 0.545098 0.549020 0.552941 0.556863 0.560784 0.564706 0.568627 0.572549 0.576471 0.580392 0.584314 0.588235 0.592157 0.596078 0.600000 0.603922 0.607843 0.611765 0.615686 0.619608 0.623529 0.627451 0.631373 0.635294 0.639216 0.643137 0.647059 0.650980 0.654902 0.658824 0.662745 0.666667 0.670588 0.674510 0.678431 0.682353 0.686275 0.690196 0.694118 0.698039 0.701961 0.705882 0.709804 0.713725 0.717647 0.721569 0.725490 0.729412 0.733333 0.737255 0.741176 0.745098 0.749020 0.752941 0.756863 0.760784 0.764706 0.768627 0.772549 0.776471 0.780392 0.784314 0.788235 0.792157 0.796078 0.800000 0.803922 0.807843 0.811765 0.815686 0.819608 0.823529 0.827451 0.831373 0.835294 0.839216 0.843137 0.847059 0.850980 0.854902 0.858824 0.862745 0.866667 0.870588 0.874510 0.878431 0.882353 0.886275 0.890196 0.894118 0.898039 0.901961 0.905882 0.909804 0.913725 0.917647 0.921569 0.925490 0.929412 0.933333 0.937255 0.941176 0.945098 0.949020 0.952941 0.956863 0.960784 0.964706 0.968627 0.972549 0.976471 0.980392 0.984314 0.988235 0.992157 0.996078 1.000000))

# end of curves tool settings
