# GIMP curves tool settings

(time 0)
(channel value)
(curve
    (curve-type smooth)
    (n-points 17)
    (points 34 0.000000 0.000000 -1.000000 -1.000000 -1.000000 -1.000000 0.158537 0.119403 -1.000000 -1.000000 -1.000000 -1.000000 -1.000000 -1.000000 0.408537 0.475472 -1.000000 -1.000000 -1.000000 -1.000000 -1.000000 -1.000000 -1.000000 -1.000000 -1.000000 -1.000000 -1.000000 -1.000000 -1.000000 -1.000000 -1.000000 -1.000000 1.000000 1.000000)
    (n-samples 256)
    (samples 256 0.000000 0.002149 0.004301 0.006458 0.008625 0.010803 0.012996 0.015207 0.017439 0.019694 0.021976 0.024287 0.026631 0.029010 0.031428 0.033887 0.036391 0.038942 0.041543 0.044197 0.046907 0.049677 0.052509 0.055405 0.058370 0.061406 0.064515 0.067702 0.070968 0.074317 0.077752 0.081275 0.084890 0.088600 0.092407 0.096315 0.100326 0.104444 0.108671 0.113011 0.119403 0.124022 0.128747 0.133576 0.138504 0.143528 0.148645 0.153849 0.159138 0.164508 0.169956 0.175477 0.181068 0.186725 0.192445 0.198224 0.204057 0.209943 0.215876 0.221853 0.227870 0.233924 0.240011 0.246127 0.252269 0.258432 0.264614 0.270811 0.277018 0.283232 0.289450 0.295667 0.301881 0.308086 0.314281 0.320460 0.326620 0.332758 0.338870 0.344952 0.351001 0.357012 0.362982 0.368908 0.374785 0.380611 0.386380 0.392090 0.397738 0.403318 0.408828 0.414263 0.419621 0.424897 0.430088 0.435190 0.440199 0.445112 0.449925 0.454634 0.459236 0.463726 0.468102 0.472359 0.475472 0.479570 0.483655 0.487728 0.491789 0.495838 0.499874 0.503899 0.507912 0.511913 0.515902 0.519880 0.523846 0.527801 0.531744 0.535676 0.539597 0.543507 0.547406 0.551293 0.555170 0.559036 0.562891 0.566736 0.570570 0.574394 0.578207 0.582010 0.585802 0.589585 0.593357 0.597120 0.600872 0.604615 0.608348 0.612072 0.615785 0.619490 0.623185 0.626870 0.630547 0.634214 0.637872 0.641521 0.645162 0.648793 0.652416 0.656030 0.659635 0.663232 0.666821 0.670401 0.673973 0.677537 0.681093 0.684641 0.688180 0.691713 0.695237 0.698753 0.702262 0.705764 0.709258 0.712745 0.716224 0.719697 0.723162 0.726620 0.730072 0.733516 0.736954 0.740385 0.743810 0.747228 0.750639 0.754044 0.757443 0.760836 0.764223 0.767603 0.770978 0.774347 0.777710 0.781068 0.784419 0.787766 0.791107 0.794442 0.797772 0.801097 0.804417 0.807732 0.811042 0.814347 0.817648 0.820944 0.824235 0.827521 0.830803 0.834081 0.837354 0.840624 0.843889 0.847150 0.850407 0.853660 0.856910 0.860156 0.863398 0.866636 0.869872 0.873103 0.876332 0.879557 0.882780 0.885999 0.889215 0.892428 0.895639 0.898847 0.902052 0.905254 0.908455 0.911652 0.914848 0.918041 0.921232 0.924422 0.927609 0.930794 0.933977 0.937159 0.940339 0.943518 0.946695 0.949871 0.953045 0.956218 0.959390 0.962561 0.965731 0.968900 0.972068 0.975236 0.978403 0.981569 0.984735 0.987900 0.991066 0.994230 0.997395 1.000000))
(time 0)
(channel red)
(curve
    (curve-type smooth)
    (n-points 17)
    (points 34 0.000000 0.000000 -1.000000 -1.000000 -1.000000 -1.000000 -1.000000 -1.000000 -1.000000 -1.000000 -1.000000 -1.000000 -1.000000 -1.000000 0.445122 0.177358 -1.000000 -1.000000 -1.000000 -1.000000 -1.000000 -1.000000 -1.000000 -1.000000 0.750000 0.713208 -1.000000 -1.000000 -1.000000 -1.000000 -1.000000 -1.000000 1.000000 1.000000)
    (n-samples 256)
    (samples 256 0.000000 0.000479 0.000959 0.001440 0.001922 0.002407 0.002893 0.003383 0.003877 0.004374 0.004876 0.005383 0.005896 0.006415 0.006940 0.007472 0.008012 0.008560 0.009116 0.009682 0.010257 0.010842 0.011438 0.012045 0.012664 0.013294 0.013938 0.014594 0.015264 0.015948 0.016647 0.017361 0.018090 0.018836 0.019598 0.020378 0.021175 0.021990 0.022824 0.023677 0.024550 0.025443 0.026357 0.027292 0.028248 0.029227 0.030228 0.031253 0.032302 0.033374 0.034471 0.035594 0.036742 0.037917 0.039118 0.040347 0.041603 0.042887 0.044201 0.045543 0.046915 0.048318 0.049751 0.051216 0.052712 0.054241 0.055802 0.057397 0.059026 0.060689 0.062386 0.064119 0.065888 0.067693 0.069535 0.071415 0.073332 0.075287 0.077282 0.079315 0.081389 0.083503 0.085658 0.087854 0.090092 0.092372 0.094696 0.097062 0.099473 0.101928 0.104428 0.106973 0.109564 0.112202 0.114886 0.117618 0.120398 0.123226 0.126104 0.129030 0.132007 0.135034 0.138112 0.141242 0.144423 0.147657 0.150944 0.154284 0.157679 0.161128 0.164631 0.168191 0.171806 0.175478 0.177358 0.181182 0.185192 0.189384 0.193754 0.198297 0.203011 0.207889 0.212928 0.218124 0.223473 0.228970 0.234612 0.240393 0.246310 0.252359 0.258535 0.264834 0.271252 0.277784 0.284428 0.291177 0.298029 0.304978 0.312021 0.319154 0.326371 0.333670 0.341046 0.348494 0.356010 0.363591 0.371232 0.378928 0.386676 0.394471 0.402310 0.410187 0.418099 0.426042 0.434011 0.442001 0.450010 0.458032 0.466064 0.474101 0.482139 0.490174 0.498202 0.506217 0.514217 0.522197 0.530153 0.538080 0.545975 0.553832 0.561649 0.569420 0.577142 0.584810 0.592420 0.599968 0.607449 0.614860 0.622196 0.629454 0.636628 0.643714 0.650709 0.657608 0.664407 0.671102 0.677688 0.684162 0.690519 0.696754 0.702865 0.713208 0.718991 0.724713 0.730376 0.735979 0.741524 0.747013 0.752445 0.757822 0.763145 0.768415 0.773632 0.778799 0.783915 0.788982 0.794001 0.798972 0.803897 0.808776 0.813611 0.818403 0.823152 0.827860 0.832527 0.837155 0.841743 0.846295 0.850810 0.855289 0.859733 0.864143 0.868521 0.872867 0.877182 0.881468 0.885724 0.889953 0.894154 0.898330 0.902480 0.906607 0.910711 0.914792 0.918852 0.922892 0.926913 0.930916 0.934902 0.938871 0.942825 0.946765 0.950691 0.954605 0.958508 0.962400 0.966282 0.970156 0.974023 0.977883 0.981738 0.985587 0.989434 0.993277 0.997119 1.000000))
(time 0)
(channel green)
(curve
    (curve-type smooth)
    (n-points 17)
    (points 34 0.000000 0.000000 0.076220 0.049057 -1.000000 -1.000000 -1.000000 -1.000000 -1.000000 -1.000000 -1.000000 -1.000000 -1.000000 -1.000000 0.463415 0.505660 -1.000000 -1.000000 -1.000000 -1.000000 -1.000000 -1.000000 -1.000000 -1.000000 -1.000000 -1.000000 -1.000000 -1.000000 -1.000000 -1.000000 -1.000000 -1.000000 1.000000 1.000000)
    (n-samples 256)
    (samples 256 0.000000 0.001649 0.003312 0.005002 0.006735 0.008523 0.010381 0.012322 0.014361 0.016512 0.018788 0.021203 0.023772 0.026508 0.029425 0.032537 0.035859 0.039403 0.043184 0.049057 0.053349 0.057666 0.062008 0.066374 0.070764 0.075177 0.079612 0.084069 0.088548 0.093047 0.097566 0.102105 0.106663 0.111239 0.115834 0.120445 0.125073 0.129718 0.134378 0.139052 0.143742 0.148445 0.153161 0.157890 0.162632 0.167384 0.172148 0.176922 0.181706 0.186499 0.191301 0.196111 0.200929 0.205753 0.210584 0.215421 0.220262 0.225109 0.229959 0.234813 0.239670 0.244530 0.249391 0.254253 0.259116 0.263979 0.268842 0.273703 0.278563 0.283420 0.288275 0.293126 0.297973 0.302816 0.307654 0.312486 0.317311 0.322130 0.326942 0.331745 0.336540 0.341326 0.346102 0.350868 0.355623 0.360366 0.365098 0.369817 0.374522 0.379214 0.383892 0.388555 0.393202 0.397834 0.402449 0.407046 0.411626 0.416188 0.420730 0.425253 0.429756 0.434239 0.438700 0.443140 0.447557 0.451951 0.456322 0.460669 0.464991 0.469288 0.473559 0.477803 0.482021 0.486211 0.490374 0.494507 0.498611 0.502686 0.505660 0.509692 0.513715 0.517729 0.521734 0.525730 0.529716 0.533694 0.537663 0.541624 0.545575 0.549518 0.553453 0.557379 0.561296 0.565205 0.569106 0.572999 0.576884 0.580760 0.584629 0.588489 0.592342 0.596187 0.600024 0.603853 0.607675 0.611490 0.615297 0.619096 0.622888 0.626673 0.630451 0.634222 0.637985 0.641742 0.645491 0.649234 0.652970 0.656699 0.660422 0.664138 0.667848 0.671551 0.675247 0.678938 0.682622 0.686300 0.689972 0.693638 0.697298 0.700952 0.704600 0.708242 0.711879 0.715510 0.719136 0.722756 0.726370 0.729980 0.733584 0.737182 0.740776 0.744364 0.747948 0.751526 0.755100 0.758669 0.762233 0.765792 0.769347 0.772898 0.776443 0.779985 0.783522 0.787055 0.790583 0.794108 0.797628 0.801144 0.804657 0.808165 0.811670 0.815171 0.818669 0.822163 0.825653 0.829140 0.832623 0.836103 0.839580 0.843054 0.846525 0.849992 0.853457 0.856919 0.860377 0.863833 0.867287 0.870737 0.874186 0.877631 0.881074 0.884515 0.887954 0.891390 0.894824 0.898256 0.901686 0.905114 0.908541 0.911965 0.915388 0.918809 0.922228 0.925646 0.929062 0.932477 0.935890 0.939302 0.942713 0.946123 0.949532 0.952940 0.956347 0.959753 0.963158 0.966562 0.969966 0.973369 0.976772 0.980174 0.983576 0.986977 0.990378 0.993779 0.997180 1.000000))
(time 0)
(channel blue)
(curve
    (curve-type smooth)
    (n-points 17)
    (points 34 0.000000 0.000000 -1.000000 -1.000000 0.128049 0.192453 -1.000000 -1.000000 -1.000000 -1.000000 -1.000000 -1.000000 0.371951 0.456604 -1.000000 -1.000000 -1.000000 -1.000000 -1.000000 -1.000000 -1.000000 -1.000000 -1.000000 -1.000000 -1.000000 -1.000000 0.801829 0.811321 -1.000000 -1.000000 -1.000000 -1.000000 1.000000 1.000000)
    (n-samples 256)
    (samples 256 0.000000 0.006433 0.012864 0.019288 0.025703 0.032106 0.038494 0.044864 0.051212 0.057536 0.063833 0.070099 0.076332 0.082528 0.088685 0.094800 0.100868 0.106889 0.112857 0.118771 0.124627 0.130422 0.136154 0.141818 0.147413 0.152935 0.158381 0.163748 0.169033 0.174232 0.179344 0.184365 0.189291 0.192453 0.197259 0.202050 0.206824 0.211582 0.216324 0.221050 0.225760 0.230452 0.235129 0.239788 0.244430 0.249056 0.253664 0.258255 0.262828 0.267384 0.271922 0.276443 0.280945 0.285430 0.289896 0.294344 0.298774 0.303185 0.307578 0.311952 0.316307 0.320643 0.324960 0.329258 0.333536 0.337795 0.342034 0.346253 0.350453 0.354633 0.358792 0.362932 0.367051 0.371150 0.375228 0.379285 0.383322 0.387337 0.391332 0.395305 0.399258 0.403188 0.407097 0.410985 0.414851 0.418694 0.422516 0.426316 0.430093 0.433848 0.437581 0.441291 0.444978 0.448642 0.452283 0.456604 0.460198 0.463776 0.467338 0.470885 0.474416 0.477933 0.481435 0.484923 0.488396 0.491856 0.495302 0.498735 0.502154 0.505561 0.508955 0.512337 0.515707 0.519065 0.522412 0.525747 0.529071 0.532385 0.535688 0.538981 0.542264 0.545537 0.548801 0.552055 0.555301 0.558538 0.561767 0.564987 0.568200 0.571405 0.574603 0.577793 0.580977 0.584154 0.587325 0.590490 0.593649 0.596803 0.599951 0.603095 0.606234 0.609368 0.612498 0.615624 0.618746 0.621865 0.624981 0.628094 0.631204 0.634312 0.637418 0.640522 0.643624 0.646725 0.649825 0.652924 0.656022 0.659120 0.662219 0.665317 0.668416 0.671516 0.674616 0.677718 0.680822 0.683927 0.687035 0.690144 0.693257 0.696372 0.699490 0.702612 0.705737 0.708866 0.711999 0.715137 0.718279 0.721427 0.724579 0.727737 0.730901 0.734070 0.737246 0.740429 0.743618 0.746814 0.750017 0.753228 0.756447 0.759674 0.762909 0.766153 0.769406 0.772668 0.775939 0.779220 0.782510 0.785811 0.789122 0.792444 0.795777 0.799121 0.802477 0.805844 0.811321 0.814724 0.818147 0.821589 0.825051 0.828530 0.832029 0.835545 0.839078 0.842629 0.846196 0.849779 0.853378 0.856993 0.860622 0.864266 0.867925 0.871597 0.875283 0.878981 0.882693 0.886416 0.890152 0.893899 0.897656 0.901425 0.905203 0.908992 0.912790 0.916597 0.920412 0.924236 0.928068 0.931907 0.935753 0.939605 0.943464 0.947329 0.951199 0.955074 0.958954 0.962838 0.966725 0.970617 0.974511 0.978408 0.982307 0.986207 0.990110 0.994013 0.997917 1.000000))
(time 0)
(channel alpha)
(curve
    (curve-type smooth)
    (n-points 17)
    (points 34 0.000000 0.000000 -1.000000 -1.000000 -1.000000 -1.000000 -1.000000 -1.000000 -1.000000 -1.000000 -1.000000 -1.000000 -1.000000 -1.000000 -1.000000 -1.000000 -1.000000 -1.000000 -1.000000 -1.000000 -1.000000 -1.000000 -1.000000 -1.000000 -1.000000 -1.000000 -1.000000 -1.000000 -1.000000 -1.000000 -1.000000 -1.000000 1.000000 1.000000)
    (n-samples 256)
    (samples 256 0.000000 0.003922 0.007843 0.011765 0.015686 0.019608 0.023529 0.027451 0.031373 0.035294 0.039216 0.043137 0.047059 0.050980 0.054902 0.058824 0.062745 0.066667 0.070588 0.074510 0.078431 0.082353 0.086275 0.090196 0.094118 0.098039 0.101961 0.105882 0.109804 0.113725 0.117647 0.121569 0.125490 0.129412 0.133333 0.137255 0.141176 0.145098 0.149020 0.152941 0.156863 0.160784 0.164706 0.168627 0.172549 0.176471 0.180392 0.184314 0.188235 0.192157 0.196078 0.200000 0.203922 0.207843 0.211765 0.215686 0.219608 0.223529 0.227451 0.231373 0.235294 0.239216 0.243137 0.247059 0.250980 0.254902 0.258824 0.262745 0.266667 0.270588 0.274510 0.278431 0.282353 0.286275 0.290196 0.294118 0.298039 0.301961 0.305882 0.309804 0.313725 0.317647 0.321569 0.325490 0.329412 0.333333 0.337255 0.341176 0.345098 0.349020 0.352941 0.356863 0.360784 0.364706 0.368627 0.372549 0.376471 0.380392 0.384314 0.388235 0.392157 0.396078 0.400000 0.403922 0.407843 0.411765 0.415686 0.419608 0.423529 0.427451 0.431373 0.435294 0.439216 0.443137 0.447059 0.450980 0.454902 0.458824 0.462745 0.466667 0.470588 0.474510 0.478431 0.482353 0.486275 0.490196 0.494118 0.498039 0.501961 0.505882 0.509804 0.513725 0.517647 0.521569 0.525490 0.529412 0.533333 0.537255 0.541176 0.545098 0.549020 0.552941 0.556863 0.560784 0.564706 0.568627 0.572549 0.576471 0.580392 0.584314 0.588235 0.592157 0.596078 0.600000 0.603922 0.607843 0.611765 0.615686 0.619608 0.623529 0.627451 0.631373 0.635294 0.639216 0.643137 0.647059 0.650980 0.654902 0.658824 0.662745 0.666667 0.670588 0.674510 0.678431 0.682353 0.686275 0.690196 0.694118 0.698039 0.701961 0.705882 0.709804 0.713725 0.717647 0.721569 0.725490 0.729412 0.733333 0.737255 0.741176 0.745098 0.749020 0.752941 0.756863 0.760784 0.764706 0.768627 0.772549 0.776471 0.780392 0.784314 0.788235 0.792157 0.796078 0.800000 0.803922 0.807843 0.811765 0.815686 0.819608 0.823529 0.827451 0.831373 0.835294 0.839216 0.843137 0.847059 0.850980 0.854902 0.858824 0.862745 0.866667 0.870588 0.874510 0.878431 0.882353 0.886275 0.890196 0.894118 0.898039 0.901961 0.905882 0.909804 0.913725 0.917647 0.921569 0.925490 0.929412 0.933333 0.937255 0.941176 0.945098 0.949020 0.952941 0.956863 0.960784 0.964706 0.968627 0.972549 0.976471 0.980392 0.984314 0.988235 0.992157 0.996078 1.000000))

# end of curves tool settings
