# GIMP curves tool settings

(time 0)
(channel value)
(curve
    (curve-type smooth)
    (n-points 17)
    (points 34 -1.000000 -1.000000 0.051829 0.000000 -1.000000 -1.000000 -1.000000 -1.000000 -1.000000 -1.000000 0.317073 0.441509 -1.000000 -1.000000 -1.000000 -1.000000 -1.000000 -1.000000 -1.000000 -1.000000 -1.000000 -1.000000 -1.000000 -1.000000 -1.000000 -1.000000 -1.000000 -1.000000 -1.000000 -1.000000 -1.000000 -1.000000 1.000000 0.962264)
    (n-samples 256)
    (samples 256 0.000000 0.000000 0.000000 0.000000 0.000000 0.000000 0.000000 0.000000 0.000000 0.000000 0.000000 0.000000 0.000000 0.000000 0.007801 0.015601 0.023397 0.031188 0.038973 0.046749 0.054515 0.062269 0.070010 0.077736 0.085446 0.093137 0.100808 0.108457 0.116083 0.123683 0.131257 0.138803 0.146318 0.153802 0.161252 0.168668 0.176046 0.183386 0.190686 0.197945 0.205159 0.212329 0.219452 0.226526 0.233551 0.240523 0.247442 0.254306 0.261113 0.267862 0.274550 0.281177 0.287740 0.294238 0.300670 0.307032 0.313325 0.319545 0.325693 0.331765 0.337760 0.343676 0.349513 0.355267 0.360938 0.366524 0.372023 0.377434 0.382754 0.387982 0.393117 0.398156 0.403099 0.407943 0.412686 0.417328 0.421867 0.426300 0.430626 0.434843 0.438950 0.441509 0.445480 0.449435 0.453372 0.457293 0.461197 0.465085 0.468956 0.472811 0.476649 0.480472 0.484278 0.488068 0.491843 0.495601 0.499344 0.503072 0.506784 0.510480 0.514161 0.517827 0.521478 0.525114 0.528735 0.532342 0.535933 0.539510 0.543073 0.546621 0.550155 0.553674 0.557180 0.560671 0.564149 0.567612 0.571063 0.574499 0.577922 0.581331 0.584727 0.588110 0.591480 0.594837 0.598180 0.601511 0.604830 0.608135 0.611428 0.614709 0.617977 0.621233 0.624477 0.627709 0.630928 0.634136 0.637333 0.640517 0.643690 0.646852 0.650002 0.653141 0.656268 0.659385 0.662491 0.665585 0.668669 0.671743 0.674805 0.677858 0.680899 0.683931 0.686952 0.689964 0.692965 0.695956 0.698938 0.701909 0.704872 0.707824 0.710768 0.713702 0.716627 0.719542 0.722449 0.725347 0.728235 0.731116 0.733987 0.736850 0.739705 0.742551 0.745389 0.748219 0.751041 0.753855 0.756661 0.759459 0.762250 0.765033 0.767808 0.770577 0.773338 0.776092 0.778838 0.781578 0.784311 0.787037 0.789757 0.792470 0.795176 0.797876 0.800570 0.803258 0.805939 0.808615 0.811285 0.813949 0.816607 0.819259 0.821907 0.824548 0.827185 0.829816 0.832442 0.835063 0.837679 0.840291 0.842897 0.845500 0.848097 0.850690 0.853279 0.855864 0.858444 0.861020 0.863593 0.866162 0.868727 0.871288 0.873846 0.876400 0.878951 0.881499 0.884043 0.886585 0.889123 0.891659 0.894192 0.896722 0.899250 0.901775 0.904298 0.906819 0.909338 0.911854 0.914368 0.916881 0.919392 0.921901 0.924409 0.926915 0.929419 0.931923 0.934425 0.936926 0.939426 0.941925 0.944424 0.946922 0.949419 0.951915 0.954411 0.956907 0.959403 0.962264))
(time 0)
(channel red)
(curve
    (curve-type smooth)
    (n-points 17)
    (points 34 0.000000 0.000000 -1.000000 -1.000000 -1.000000 -1.000000 0.185976 0.108209 -1.000000 -1.000000 -1.000000 -1.000000 -1.000000 -1.000000 -1.000000 -1.000000 -1.000000 -1.000000 -1.000000 -1.000000 -1.000000 -1.000000 -1.000000 -1.000000 0.728659 0.824627 -1.000000 -1.000000 -1.000000 -1.000000 -1.000000 -1.000000 1.000000 1.000000)
    (n-samples 256)
    (samples 256 0.000000 0.001204 0.002411 0.003624 0.004845 0.006078 0.007325 0.008590 0.009874 0.011182 0.012515 0.013878 0.015271 0.016700 0.018166 0.019672 0.021221 0.022816 0.024460 0.026156 0.027907 0.029715 0.031583 0.033515 0.035513 0.037580 0.039719 0.041933 0.044224 0.046596 0.049051 0.051593 0.054223 0.056946 0.059764 0.062679 0.065696 0.068815 0.072041 0.075377 0.078825 0.082387 0.086068 0.089869 0.093794 0.097846 0.102027 0.108209 0.112664 0.117153 0.121674 0.126229 0.130815 0.135433 0.140082 0.144761 0.149470 0.154209 0.158977 0.163774 0.168598 0.173451 0.178329 0.183235 0.188166 0.193123 0.198105 0.203111 0.208142 0.213195 0.218272 0.223371 0.228492 0.233634 0.238797 0.243981 0.249185 0.254407 0.259649 0.264909 0.270187 0.275482 0.280795 0.286123 0.291467 0.296827 0.302201 0.307590 0.312992 0.318408 0.323837 0.329277 0.334730 0.340194 0.345668 0.351153 0.356648 0.362151 0.367664 0.373184 0.378713 0.384248 0.389791 0.395339 0.400893 0.406452 0.412016 0.417584 0.423156 0.428731 0.434308 0.439888 0.445469 0.451051 0.456634 0.462217 0.467799 0.473381 0.478961 0.484539 0.490115 0.495688 0.501257 0.506823 0.512384 0.517940 0.523490 0.529034 0.534572 0.540103 0.545627 0.551142 0.556649 0.562147 0.567635 0.573113 0.578580 0.584037 0.589482 0.594915 0.600335 0.605742 0.611135 0.616515 0.621879 0.627229 0.632563 0.637881 0.643182 0.648466 0.653732 0.658980 0.664210 0.669420 0.674610 0.679781 0.684930 0.690059 0.695165 0.700250 0.705311 0.710350 0.715364 0.720355 0.725320 0.730260 0.735175 0.740063 0.744924 0.749758 0.754565 0.759343 0.764092 0.768811 0.773501 0.778161 0.782789 0.787386 0.791952 0.796485 0.800985 0.805451 0.809884 0.814283 0.818646 0.822974 0.824627 0.828885 0.833068 0.837177 0.841212 0.845176 0.849069 0.852892 0.856647 0.860333 0.863954 0.867509 0.871000 0.874428 0.877793 0.881098 0.884343 0.887529 0.890658 0.893730 0.896747 0.899709 0.902619 0.905476 0.908282 0.911038 0.913746 0.916405 0.919019 0.921586 0.924110 0.926590 0.929028 0.931425 0.933782 0.936100 0.938380 0.940624 0.942832 0.945006 0.947146 0.949254 0.951331 0.953378 0.955397 0.957387 0.959351 0.961289 0.963202 0.965092 0.966960 0.968807 0.970633 0.972441 0.974231 0.976004 0.977761 0.979504 0.981233 0.982950 0.984656 0.986351 0.988038 0.989716 0.991388 0.993054 0.994715 0.996373 0.998028 1.000000))
(time 0)
(channel green)
(curve
    (curve-type smooth)
    (n-points 17)
    (points 34 0.000000 0.000000 -1.000000 -1.000000 -1.000000 -1.000000 -1.000000 -1.000000 -1.000000 -1.000000 -1.000000 -1.000000 -1.000000 -1.000000 0.460366 0.410448 -1.000000 -1.000000 -1.000000 -1.000000 -1.000000 -1.000000 -1.000000 -1.000000 -1.000000 -1.000000 -1.000000 -1.000000 -1.000000 -1.000000 -1.000000 -1.000000 1.000000 1.000000)
    (n-samples 256)
    (samples 256 0.000000 0.003284 0.006568 0.009852 0.013136 0.016421 0.019706 0.022991 0.026278 0.029565 0.032853 0.036142 0.039432 0.042722 0.046015 0.049308 0.052603 0.055899 0.059197 0.062497 0.065798 0.069101 0.072406 0.075714 0.079023 0.082334 0.085648 0.088965 0.092283 0.095605 0.098929 0.102255 0.105585 0.108918 0.112253 0.115592 0.118934 0.122280 0.125629 0.128981 0.132337 0.135697 0.139060 0.142427 0.145799 0.149174 0.152554 0.155937 0.159326 0.162718 0.166115 0.169517 0.172924 0.176335 0.179751 0.183172 0.186599 0.190030 0.193467 0.196909 0.200357 0.203810 0.207269 0.210733 0.214203 0.217680 0.221162 0.224650 0.228145 0.231646 0.235153 0.238667 0.242187 0.245714 0.249248 0.252789 0.256336 0.259891 0.263453 0.267022 0.270598 0.274182 0.277773 0.281371 0.284978 0.288592 0.292214 0.295844 0.299482 0.303129 0.306783 0.310446 0.314117 0.317797 0.321485 0.325182 0.328888 0.332603 0.336327 0.340059 0.343801 0.347553 0.351313 0.355083 0.358863 0.362652 0.366451 0.370259 0.374078 0.377907 0.381745 0.385594 0.389453 0.393323 0.397203 0.401093 0.404994 0.410448 0.414373 0.418307 0.422248 0.426197 0.430153 0.434117 0.438089 0.442068 0.446055 0.450049 0.454051 0.458059 0.462075 0.466098 0.470129 0.474166 0.478210 0.482261 0.486319 0.490384 0.494456 0.498534 0.502619 0.506711 0.510809 0.514913 0.519024 0.523142 0.527265 0.531395 0.535531 0.539673 0.543822 0.547976 0.552136 0.556302 0.560474 0.564652 0.568835 0.573024 0.577219 0.581419 0.585625 0.589836 0.594053 0.598275 0.602502 0.606734 0.610972 0.615215 0.619462 0.623715 0.627972 0.632235 0.636502 0.640774 0.645051 0.649332 0.653618 0.657908 0.662203 0.666502 0.670806 0.675114 0.679426 0.683742 0.688063 0.692387 0.696716 0.701048 0.705384 0.709725 0.714068 0.718416 0.722767 0.727122 0.731481 0.735842 0.740208 0.744576 0.748948 0.753324 0.757702 0.762084 0.766468 0.770856 0.775247 0.779640 0.784037 0.788436 0.792838 0.797242 0.801650 0.806059 0.810472 0.814887 0.819304 0.823723 0.828145 0.832569 0.836995 0.841423 0.845854 0.850286 0.854720 0.859156 0.863594 0.868034 0.872475 0.876918 0.881363 0.885809 0.890256 0.894705 0.899156 0.903607 0.908060 0.912514 0.916970 0.921426 0.925883 0.930341 0.934801 0.939261 0.943721 0.948183 0.952645 0.957108 0.961571 0.966035 0.970499 0.974964 0.979429 0.983894 0.988359 0.992825 0.997291 1.000000))
(time 0)
(channel blue)
(curve
    (curve-type smooth)
    (n-points 17)
    (points 34 0.000000 0.000000 -1.000000 -1.000000 0.131098 0.182836 -1.000000 -1.000000 -1.000000 -1.000000 -1.000000 -1.000000 -1.000000 -1.000000 -1.000000 -1.000000 -1.000000 -1.000000 -1.000000 -1.000000 -1.000000 -1.000000 -1.000000 -1.000000 0.759146 0.608209 -1.000000 -1.000000 -1.000000 -1.000000 -1.000000 -1.000000 1.000000 1.000000)
    (n-samples 256)
    (samples 256 0.000000 0.006632 0.013258 0.019871 0.026465 0.033034 0.039573 0.046073 0.052530 0.058937 0.065288 0.071576 0.077796 0.083940 0.090004 0.095979 0.101862 0.107644 0.113320 0.118883 0.124328 0.129648 0.134837 0.139888 0.144795 0.149553 0.154154 0.158593 0.162864 0.166959 0.170873 0.174600 0.178133 0.182836 0.185965 0.189070 0.192150 0.195207 0.198240 0.201249 0.204236 0.207200 0.210142 0.213063 0.215961 0.218839 0.221696 0.224532 0.227349 0.230145 0.232923 0.235681 0.238421 0.241142 0.243846 0.246532 0.249200 0.251852 0.254488 0.257107 0.259711 0.262299 0.264872 0.267430 0.269974 0.272503 0.275020 0.277523 0.280013 0.282490 0.284955 0.287408 0.289850 0.292280 0.294700 0.297109 0.299508 0.301898 0.304278 0.306649 0.309011 0.311365 0.313711 0.316049 0.318380 0.320704 0.323022 0.325333 0.327639 0.329939 0.332234 0.334524 0.336809 0.339091 0.341369 0.343643 0.345915 0.348184 0.350450 0.352715 0.354978 0.357240 0.359501 0.361761 0.364021 0.366282 0.368543 0.370805 0.373068 0.375332 0.377599 0.379868 0.382140 0.384414 0.386693 0.388974 0.391260 0.393551 0.395846 0.398146 0.400452 0.402764 0.405082 0.407406 0.409738 0.412076 0.414423 0.416777 0.419140 0.421511 0.423892 0.426282 0.428682 0.431091 0.433512 0.435943 0.438385 0.440839 0.443305 0.445783 0.448274 0.450777 0.453294 0.455825 0.458370 0.460929 0.463503 0.466091 0.468696 0.471316 0.473952 0.476605 0.479275 0.481962 0.484667 0.487389 0.490130 0.492889 0.495668 0.498466 0.501283 0.504121 0.506979 0.509858 0.512758 0.515679 0.518623 0.521588 0.524576 0.527587 0.530621 0.533679 0.536761 0.539867 0.542998 0.546154 0.549335 0.552542 0.555775 0.559035 0.562321 0.565635 0.568976 0.572345 0.575743 0.579168 0.582623 0.586107 0.589621 0.593165 0.596739 0.600344 0.603980 0.607647 0.608209 0.611962 0.615845 0.619855 0.623990 0.628248 0.632626 0.637123 0.641737 0.646465 0.651305 0.656255 0.661314 0.666477 0.671745 0.677114 0.682582 0.688148 0.693808 0.699562 0.705406 0.711339 0.717358 0.723462 0.729648 0.735914 0.742258 0.748678 0.755172 0.761737 0.768371 0.775073 0.781839 0.788669 0.795560 0.802509 0.809515 0.816575 0.823687 0.830850 0.838060 0.845317 0.852617 0.859958 0.867339 0.874758 0.882211 0.889697 0.897215 0.904761 0.912333 0.919930 0.927550 0.935189 0.942847 0.950520 0.958207 0.965906 0.973614 0.981329 0.989050 1.000000))
(time 0)
(channel alpha)
(curve
    (curve-type smooth)
    (n-points 17)
    (points 34 0.000000 0.000000 -1.000000 -1.000000 -1.000000 -1.000000 -1.000000 -1.000000 -1.000000 -1.000000 -1.000000 -1.000000 -1.000000 -1.000000 -1.000000 -1.000000 -1.000000 -1.000000 -1.000000 -1.000000 -1.000000 -1.000000 -1.000000 -1.000000 -1.000000 -1.000000 -1.000000 -1.000000 -1.000000 -1.000000 -1.000000 -1.000000 1.000000 1.000000)
    (n-samples 256)
    (samples 256 0.000000 0.003922 0.007843 0.011765 0.015686 0.019608 0.023529 0.027451 0.031373 0.035294 0.039216 0.043137 0.047059 0.050980 0.054902 0.058824 0.062745 0.066667 0.070588 0.074510 0.078431 0.082353 0.086275 0.090196 0.094118 0.098039 0.101961 0.105882 0.109804 0.113725 0.117647 0.121569 0.125490 0.129412 0.133333 0.137255 0.141176 0.145098 0.149020 0.152941 0.156863 0.160784 0.164706 0.168627 0.172549 0.176471 0.180392 0.184314 0.188235 0.192157 0.196078 0.200000 0.203922 0.207843 0.211765 0.215686 0.219608 0.223529 0.227451 0.231373 0.235294 0.239216 0.243137 0.247059 0.250980 0.254902 0.258824 0.262745 0.266667 0.270588 0.274510 0.278431 0.282353 0.286275 0.290196 0.294118 0.298039 0.301961 0.305882 0.309804 0.313725 0.317647 0.321569 0.325490 0.329412 0.333333 0.337255 0.341176 0.345098 0.349020 0.352941 0.356863 0.360784 0.364706 0.368627 0.372549 0.376471 0.380392 0.384314 0.388235 0.392157 0.396078 0.400000 0.403922 0.407843 0.411765 0.415686 0.419608 0.423529 0.427451 0.431373 0.435294 0.439216 0.443137 0.447059 0.450980 0.454902 0.458824 0.462745 0.466667 0.470588 0.474510 0.478431 0.482353 0.486275 0.490196 0.494118 0.498039 0.501961 0.505882 0.509804 0.513725 0.517647 0.521569 0.525490 0.529412 0.533333 0.537255 0.541176 0.545098 0.549020 0.552941 0.556863 0.560784 0.564706 0.568627 0.572549 0.576471 0.580392 0.584314 0.588235 0.592157 0.596078 0.600000 0.603922 0.607843 0.611765 0.615686 0.619608 0.623529 0.627451 0.631373 0.635294 0.639216 0.643137 0.647059 0.650980 0.654902 0.658824 0.662745 0.666667 0.670588 0.674510 0.678431 0.682353 0.686275 0.690196 0.694118 0.698039 0.701961 0.705882 0.709804 0.713725 0.717647 0.721569 0.725490 0.729412 0.733333 0.737255 0.741176 0.745098 0.749020 0.752941 0.756863 0.760784 0.764706 0.768627 0.772549 0.776471 0.780392 0.784314 0.788235 0.792157 0.796078 0.800000 0.803922 0.807843 0.811765 0.815686 0.819608 0.823529 0.827451 0.831373 0.835294 0.839216 0.843137 0.847059 0.850980 0.854902 0.858824 0.862745 0.866667 0.870588 0.874510 0.878431 0.882353 0.886275 0.890196 0.894118 0.898039 0.901961 0.905882 0.909804 0.913725 0.917647 0.921569 0.925490 0.929412 0.933333 0.937255 0.941176 0.945098 0.949020 0.952941 0.956863 0.960784 0.964706 0.968627 0.972549 0.976471 0.980392 0.984314 0.988235 0.992157 0.996078 1.000000))

# end of curves tool settings
