# GIMP curves tool settings

(time 0)
(channel value)
(curve
    (curve-type smooth)
    (n-points 17)
    (points 34 0.000000 0.000000 -1.000000 -1.000000 -1.000000 -1.000000 -1.000000 -1.000000 -1.000000 -1.000000 -1.000000 -1.000000 -1.000000 -1.000000 -1.000000 -1.000000 0.496951 0.611940 -1.000000 -1.000000 -1.000000 -1.000000 -1.000000 -1.000000 -1.000000 -1.000000 -1.000000 -1.000000 -1.000000 -1.000000 -1.000000 -1.000000 1.000000 0.932836)
    (n-samples 256)
    (samples 256 0.000000 0.005414 0.010828 0.016242 0.021655 0.027067 0.032478 0.037888 0.043296 0.048703 0.054107 0.059510 0.064910 0.070307 0.075701 0.081093 0.086481 0.091865 0.097246 0.102623 0.107996 0.113364 0.118728 0.124087 0.129441 0.134790 0.140133 0.145471 0.150802 0.156128 0.161447 0.166760 0.172065 0.177364 0.182656 0.187940 0.193217 0.198485 0.203746 0.208998 0.214242 0.219477 0.224703 0.229920 0.235127 0.240325 0.245513 0.250691 0.255859 0.261016 0.266162 0.271297 0.276422 0.281535 0.286636 0.291726 0.296803 0.301868 0.306921 0.311961 0.316988 0.322003 0.327003 0.331990 0.336964 0.341923 0.346868 0.351799 0.356715 0.361616 0.366503 0.371373 0.376229 0.381068 0.385892 0.390699 0.395490 0.400264 0.405022 0.409762 0.414486 0.419191 0.423879 0.428549 0.433201 0.437835 0.442450 0.447046 0.451623 0.456181 0.460719 0.465238 0.469736 0.474215 0.478673 0.483111 0.487528 0.491924 0.496299 0.500652 0.504984 0.509293 0.513581 0.517847 0.522089 0.526309 0.530507 0.534681 0.538831 0.542958 0.547061 0.551140 0.555195 0.559225 0.563231 0.567211 0.571167 0.575097 0.579001 0.582880 0.586733 0.590559 0.594359 0.598132 0.601879 0.605598 0.609290 0.611940 0.615585 0.619203 0.622794 0.626359 0.629897 0.633410 0.636897 0.640358 0.643794 0.647205 0.650591 0.653952 0.657288 0.660600 0.663889 0.667153 0.670393 0.673611 0.676804 0.679975 0.683123 0.686249 0.689351 0.692432 0.695491 0.698528 0.701543 0.704537 0.707510 0.710462 0.713394 0.716304 0.719195 0.722065 0.724916 0.727747 0.730558 0.733350 0.736123 0.738877 0.741613 0.744330 0.747029 0.749710 0.752373 0.755019 0.757648 0.760259 0.762853 0.765431 0.767992 0.770537 0.773065 0.775578 0.778075 0.780557 0.783023 0.785475 0.787911 0.790333 0.792741 0.795135 0.797514 0.799880 0.802232 0.804571 0.806896 0.809209 0.811509 0.813797 0.816072 0.818335 0.820586 0.822826 0.825054 0.827271 0.829477 0.831672 0.833857 0.836031 0.838195 0.840349 0.842493 0.844628 0.846753 0.848869 0.850976 0.853075 0.855165 0.857247 0.859321 0.861387 0.863445 0.865496 0.867539 0.869576 0.871605 0.873629 0.875645 0.877656 0.879661 0.881659 0.883653 0.885641 0.887624 0.889602 0.891575 0.893544 0.895508 0.897469 0.899425 0.901378 0.903328 0.905274 0.907217 0.909158 0.911096 0.913031 0.914965 0.916896 0.918826 0.920754 0.922681 0.924606 0.926531 0.928455 0.930379 0.932836))
(time 0)
(channel red)
(curve
    (curve-type smooth)
    (n-points 17)
    (points 34 0.000000 0.000000 -1.000000 -1.000000 -1.000000 -1.000000 -1.000000 -1.000000 -1.000000 -1.000000 -1.000000 -1.000000 -1.000000 -1.000000 -1.000000 -1.000000 0.469512 0.537313 -1.000000 -1.000000 -1.000000 -1.000000 -1.000000 -1.000000 -1.000000 -1.000000 -1.000000 -1.000000 -1.000000 -1.000000 -1.000000 -1.000000 1.000000 1.000000)
    (n-samples 256)
    (samples 256 0.000000 0.004771 0.009542 0.014313 0.019083 0.023853 0.028622 0.033390 0.038158 0.042925 0.047691 0.052455 0.057218 0.061980 0.066740 0.071499 0.076256 0.081010 0.085763 0.090514 0.095263 0.100009 0.104752 0.109493 0.114232 0.118967 0.123699 0.128429 0.133155 0.137878 0.142597 0.147313 0.152026 0.156734 0.161439 0.166139 0.170835 0.175527 0.180215 0.184898 0.189577 0.194251 0.198920 0.203584 0.208242 0.212896 0.217544 0.222187 0.226825 0.231456 0.236082 0.240702 0.245316 0.249924 0.254525 0.259120 0.263708 0.268290 0.272865 0.277434 0.281995 0.286549 0.291096 0.295635 0.300167 0.304692 0.309209 0.313718 0.318219 0.322712 0.327196 0.331673 0.336141 0.340600 0.345051 0.349493 0.353927 0.358351 0.362766 0.367172 0.371568 0.375955 0.380333 0.384700 0.389058 0.393406 0.397744 0.402071 0.406389 0.410696 0.414992 0.419278 0.423553 0.427817 0.432069 0.436311 0.440542 0.444761 0.448969 0.453165 0.457349 0.461522 0.465682 0.469830 0.473967 0.478091 0.482202 0.486301 0.490387 0.494460 0.498521 0.502568 0.506603 0.510624 0.514631 0.518625 0.522606 0.526572 0.530525 0.534464 0.537313 0.541229 0.545134 0.549028 0.552912 0.556784 0.560646 0.564497 0.568337 0.572167 0.575987 0.579796 0.583596 0.587385 0.591164 0.594933 0.598692 0.602441 0.606181 0.609911 0.613631 0.617342 0.621044 0.624736 0.628419 0.632093 0.635758 0.639414 0.643061 0.646699 0.650328 0.653949 0.657561 0.661165 0.664760 0.668347 0.671926 0.675497 0.679059 0.682614 0.686160 0.689699 0.693230 0.696753 0.700269 0.703778 0.707278 0.710772 0.714258 0.717737 0.721209 0.724674 0.728133 0.731584 0.735028 0.738466 0.741897 0.745322 0.748740 0.752152 0.755558 0.758957 0.762351 0.765738 0.769119 0.772495 0.775865 0.779229 0.782587 0.785940 0.789288 0.792630 0.795967 0.799298 0.802625 0.805946 0.809263 0.812575 0.815882 0.819184 0.822481 0.825774 0.829063 0.832347 0.835627 0.838903 0.842174 0.845442 0.848705 0.851965 0.855221 0.858473 0.861721 0.864966 0.868208 0.871446 0.874680 0.877912 0.881140 0.884366 0.887588 0.890807 0.894024 0.897238 0.900449 0.903658 0.906864 0.910068 0.913269 0.916468 0.919665 0.922860 0.926053 0.929244 0.932434 0.935621 0.938807 0.941991 0.945174 0.948355 0.951535 0.954714 0.957891 0.961068 0.964243 0.967418 0.970592 0.973764 0.976937 0.980108 0.983279 0.986450 0.989621 0.992791 0.995960 1.000000))
(time 0)
(channel green)
(curve
    (curve-type smooth)
    (n-points 17)
    (points 34 0.000000 0.000000 -1.000000 -1.000000 -1.000000 -1.000000 -1.000000 -1.000000 -1.000000 -1.000000 -1.000000 -1.000000 -1.000000 -1.000000 -1.000000 -1.000000 -1.000000 -1.000000 -1.000000 -1.000000 -1.000000 -1.000000 -1.000000 -1.000000 -1.000000 -1.000000 -1.000000 -1.000000 -1.000000 -1.000000 -1.000000 -1.000000 1.000000 1.000000)
    (n-samples 256)
    (samples 256 0.000000 0.003922 0.007843 0.011765 0.015686 0.019608 0.023529 0.027451 0.031373 0.035294 0.039216 0.043137 0.047059 0.050980 0.054902 0.058824 0.062745 0.066667 0.070588 0.074510 0.078431 0.082353 0.086275 0.090196 0.094118 0.098039 0.101961 0.105882 0.109804 0.113725 0.117647 0.121569 0.125490 0.129412 0.133333 0.137255 0.141176 0.145098 0.149020 0.152941 0.156863 0.160784 0.164706 0.168627 0.172549 0.176471 0.180392 0.184314 0.188235 0.192157 0.196078 0.200000 0.203922 0.207843 0.211765 0.215686 0.219608 0.223529 0.227451 0.231373 0.235294 0.239216 0.243137 0.247059 0.250980 0.254902 0.258824 0.262745 0.266667 0.270588 0.274510 0.278431 0.282353 0.286275 0.290196 0.294118 0.298039 0.301961 0.305882 0.309804 0.313725 0.317647 0.321569 0.325490 0.329412 0.333333 0.337255 0.341176 0.345098 0.349020 0.352941 0.356863 0.360784 0.364706 0.368627 0.372549 0.376471 0.380392 0.384314 0.388235 0.392157 0.396078 0.400000 0.403922 0.407843 0.411765 0.415686 0.419608 0.423529 0.427451 0.431373 0.435294 0.439216 0.443137 0.447059 0.450980 0.454902 0.458824 0.462745 0.466667 0.470588 0.474510 0.478431 0.482353 0.486275 0.490196 0.494118 0.498039 0.501961 0.505882 0.509804 0.513725 0.517647 0.521569 0.525490 0.529412 0.533333 0.537255 0.541176 0.545098 0.549020 0.552941 0.556863 0.560784 0.564706 0.568627 0.572549 0.576471 0.580392 0.584314 0.588235 0.592157 0.596078 0.600000 0.603922 0.607843 0.611765 0.615686 0.619608 0.623529 0.627451 0.631373 0.635294 0.639216 0.643137 0.647059 0.650980 0.654902 0.658824 0.662745 0.666667 0.670588 0.674510 0.678431 0.682353 0.686275 0.690196 0.694118 0.698039 0.701961 0.705882 0.709804 0.713725 0.717647 0.721569 0.725490 0.729412 0.733333 0.737255 0.741176 0.745098 0.749020 0.752941 0.756863 0.760784 0.764706 0.768627 0.772549 0.776471 0.780392 0.784314 0.788235 0.792157 0.796078 0.800000 0.803922 0.807843 0.811765 0.815686 0.819608 0.823529 0.827451 0.831373 0.835294 0.839216 0.843137 0.847059 0.850980 0.854902 0.858824 0.862745 0.866667 0.870588 0.874510 0.878431 0.882353 0.886275 0.890196 0.894118 0.898039 0.901961 0.905882 0.909804 0.913725 0.917647 0.921569 0.925490 0.929412 0.933333 0.937255 0.941176 0.945098 0.949020 0.952941 0.956863 0.960784 0.964706 0.968627 0.972549 0.976471 0.980392 0.984314 0.988235 0.992157 0.996078 1.000000))
(time 0)
(channel blue)
(curve
    (curve-type smooth)
    (n-points 17)
    (points 34 0.000000 0.000000 -1.000000 -1.000000 -1.000000 -1.000000 0.173780 0.190299 -1.000000 -1.000000 -1.000000 -1.000000 -1.000000 -1.000000 -1.000000 -1.000000 -1.000000 -1.000000 -1.000000 -1.000000 0.652439 0.533582 -1.000000 -1.000000 -1.000000 -1.000000 -1.000000 -1.000000 -1.000000 -1.000000 -1.000000 -1.000000 1.000000 1.000000)
    (n-samples 256)
    (samples 256 0.000000 0.004838 0.009674 0.014506 0.019334 0.024155 0.028968 0.033770 0.038561 0.043339 0.048102 0.052848 0.057576 0.062284 0.066971 0.071634 0.076273 0.080884 0.085468 0.090021 0.094543 0.099032 0.103486 0.107904 0.112283 0.116622 0.120920 0.125175 0.129385 0.133548 0.137663 0.141728 0.145742 0.149703 0.153609 0.157458 0.161249 0.164981 0.168651 0.172258 0.175800 0.179276 0.182683 0.186021 0.190299 0.193491 0.196654 0.199788 0.202895 0.205973 0.209025 0.212051 0.215050 0.218025 0.220975 0.223900 0.226803 0.229682 0.232539 0.235374 0.238188 0.240981 0.243754 0.246508 0.249242 0.251959 0.254658 0.257339 0.260004 0.262653 0.265286 0.267904 0.270509 0.273099 0.275676 0.278241 0.280793 0.283334 0.285865 0.288384 0.290895 0.293396 0.295888 0.298373 0.300849 0.303320 0.305783 0.308242 0.310695 0.313143 0.315587 0.318028 0.320467 0.322903 0.325337 0.327770 0.330202 0.332635 0.335068 0.337503 0.339939 0.342377 0.344818 0.347263 0.349712 0.352166 0.354624 0.357089 0.359559 0.362037 0.364522 0.367015 0.369517 0.372028 0.374549 0.377081 0.379623 0.382176 0.384742 0.387321 0.389912 0.392518 0.395137 0.397772 0.400423 0.403089 0.405772 0.408472 0.411191 0.413927 0.416683 0.419458 0.422253 0.425069 0.427906 0.430765 0.433646 0.436551 0.439479 0.442431 0.445408 0.448410 0.451438 0.454492 0.457574 0.460683 0.463820 0.466986 0.470181 0.473406 0.476661 0.479948 0.483266 0.486616 0.489999 0.493416 0.496866 0.500351 0.503871 0.507426 0.511018 0.514646 0.518312 0.522015 0.525758 0.529539 0.533582 0.537449 0.541364 0.545325 0.549333 0.553387 0.557486 0.561630 0.565819 0.570051 0.574326 0.578644 0.583003 0.587405 0.591847 0.596330 0.600853 0.605415 0.610016 0.614655 0.619332 0.624046 0.628797 0.633584 0.638407 0.643265 0.648157 0.653083 0.658042 0.663035 0.668059 0.673116 0.678203 0.683322 0.688470 0.693649 0.698856 0.704092 0.709355 0.714647 0.719965 0.725309 0.730679 0.736075 0.741495 0.746940 0.752408 0.757899 0.763413 0.768949 0.774506 0.780085 0.785683 0.791302 0.796940 0.802596 0.808271 0.813964 0.819674 0.825400 0.831142 0.836900 0.842673 0.848460 0.854262 0.860076 0.865904 0.871743 0.877594 0.883457 0.889330 0.895214 0.901106 0.907008 0.912919 0.918837 0.924762 0.930695 0.936634 0.942578 0.948528 0.954482 0.960441 0.966403 0.972368 0.978336 0.984306 0.990277 0.996249 1.000000))
(time 0)
(channel alpha)
(curve
    (curve-type smooth)
    (n-points 17)
    (points 34 0.000000 0.000000 -1.000000 -1.000000 -1.000000 -1.000000 -1.000000 -1.000000 -1.000000 -1.000000 -1.000000 -1.000000 -1.000000 -1.000000 -1.000000 -1.000000 -1.000000 -1.000000 -1.000000 -1.000000 -1.000000 -1.000000 -1.000000 -1.000000 -1.000000 -1.000000 -1.000000 -1.000000 -1.000000 -1.000000 -1.000000 -1.000000 1.000000 1.000000)
    (n-samples 256)
    (samples 256 0.000000 0.003922 0.007843 0.011765 0.015686 0.019608 0.023529 0.027451 0.031373 0.035294 0.039216 0.043137 0.047059 0.050980 0.054902 0.058824 0.062745 0.066667 0.070588 0.074510 0.078431 0.082353 0.086275 0.090196 0.094118 0.098039 0.101961 0.105882 0.109804 0.113725 0.117647 0.121569 0.125490 0.129412 0.133333 0.137255 0.141176 0.145098 0.149020 0.152941 0.156863 0.160784 0.164706 0.168627 0.172549 0.176471 0.180392 0.184314 0.188235 0.192157 0.196078 0.200000 0.203922 0.207843 0.211765 0.215686 0.219608 0.223529 0.227451 0.231373 0.235294 0.239216 0.243137 0.247059 0.250980 0.254902 0.258824 0.262745 0.266667 0.270588 0.274510 0.278431 0.282353 0.286275 0.290196 0.294118 0.298039 0.301961 0.305882 0.309804 0.313725 0.317647 0.321569 0.325490 0.329412 0.333333 0.337255 0.341176 0.345098 0.349020 0.352941 0.356863 0.360784 0.364706 0.368627 0.372549 0.376471 0.380392 0.384314 0.388235 0.392157 0.396078 0.400000 0.403922 0.407843 0.411765 0.415686 0.419608 0.423529 0.427451 0.431373 0.435294 0.439216 0.443137 0.447059 0.450980 0.454902 0.458824 0.462745 0.466667 0.470588 0.474510 0.478431 0.482353 0.486275 0.490196 0.494118 0.498039 0.501961 0.505882 0.509804 0.513725 0.517647 0.521569 0.525490 0.529412 0.533333 0.537255 0.541176 0.545098 0.549020 0.552941 0.556863 0.560784 0.564706 0.568627 0.572549 0.576471 0.580392 0.584314 0.588235 0.592157 0.596078 0.600000 0.603922 0.607843 0.611765 0.615686 0.619608 0.623529 0.627451 0.631373 0.635294 0.639216 0.643137 0.647059 0.650980 0.654902 0.658824 0.662745 0.666667 0.670588 0.674510 0.678431 0.682353 0.686275 0.690196 0.694118 0.698039 0.701961 0.705882 0.709804 0.713725 0.717647 0.721569 0.725490 0.729412 0.733333 0.737255 0.741176 0.745098 0.749020 0.752941 0.756863 0.760784 0.764706 0.768627 0.772549 0.776471 0.780392 0.784314 0.788235 0.792157 0.796078 0.800000 0.803922 0.807843 0.811765 0.815686 0.819608 0.823529 0.827451 0.831373 0.835294 0.839216 0.843137 0.847059 0.850980 0.854902 0.858824 0.862745 0.866667 0.870588 0.874510 0.878431 0.882353 0.886275 0.890196 0.894118 0.898039 0.901961 0.905882 0.909804 0.913725 0.917647 0.921569 0.925490 0.929412 0.933333 0.937255 0.941176 0.945098 0.949020 0.952941 0.956863 0.960784 0.964706 0.968627 0.972549 0.976471 0.980392 0.984314 0.988235 0.992157 0.996078 1.000000))

# end of curves tool settings
