# GIMP curves tool settings

(time 0)
(channel value)
(curve
    (curve-type smooth)
    (n-points 17)
    (points 34 0.000000 0.000000 -1.000000 -1.000000 -1.000000 -1.000000 -1.000000 -1.000000 -1.000000 -1.000000 0.283537 0.203774 -1.000000 -1.000000 -1.000000 -1.000000 -1.000000 -1.000000 -1.000000 -1.000000 -1.000000 -1.000000 0.664634 0.732075 -1.000000 -1.000000 -1.000000 -1.000000 -1.000000 -1.000000 -1.000000 -1.000000 1.000000 1.000000)
    (n-samples 256)
    (samples 256 0.000000 0.002068 0.004137 0.006207 0.008280 0.010357 0.012438 0.014524 0.016616 0.018715 0.020822 0.022937 0.025062 0.027197 0.029343 0.031502 0.033673 0.035858 0.038058 0.040273 0.042505 0.044754 0.047021 0.049307 0.051612 0.053939 0.056287 0.058657 0.061051 0.063468 0.065911 0.068380 0.070875 0.073398 0.075949 0.078529 0.081140 0.083782 0.086455 0.089162 0.091902 0.094676 0.097486 0.100331 0.103214 0.106135 0.109095 0.112094 0.115134 0.118215 0.121338 0.124504 0.127715 0.130970 0.134270 0.137618 0.141012 0.144455 0.147947 0.151489 0.155082 0.158726 0.162423 0.166173 0.169978 0.173838 0.177754 0.181726 0.185757 0.189846 0.193994 0.198203 0.203774 0.208127 0.212547 0.217033 0.221582 0.226194 0.230868 0.235601 0.240392 0.245240 0.250144 0.255103 0.260114 0.265176 0.270289 0.275450 0.280658 0.285912 0.291211 0.296553 0.301936 0.307360 0.312823 0.318323 0.323859 0.329429 0.335034 0.340670 0.346336 0.352032 0.357755 0.363505 0.369279 0.375077 0.380898 0.386739 0.392599 0.398477 0.404372 0.410282 0.416206 0.422142 0.428089 0.434046 0.440011 0.445983 0.451960 0.457941 0.463925 0.469910 0.475894 0.481878 0.487858 0.493834 0.499804 0.505767 0.511721 0.517666 0.523599 0.529520 0.535426 0.541317 0.547191 0.553047 0.558882 0.564697 0.570490 0.576258 0.582001 0.587718 0.593406 0.599065 0.604694 0.610289 0.615852 0.621379 0.626870 0.632323 0.637736 0.643110 0.648441 0.653728 0.658971 0.664168 0.669317 0.674417 0.679467 0.684465 0.689410 0.694300 0.699134 0.703911 0.708630 0.713288 0.717884 0.722418 0.726887 0.732075 0.736412 0.740706 0.744958 0.749169 0.753339 0.757468 0.761558 0.765608 0.769619 0.773591 0.777526 0.781423 0.785283 0.789107 0.792895 0.796647 0.800364 0.804047 0.807697 0.811312 0.814895 0.818445 0.821963 0.825450 0.828906 0.832332 0.835728 0.839094 0.842431 0.845740 0.849021 0.852275 0.855502 0.858702 0.861876 0.865025 0.868150 0.871249 0.874325 0.877378 0.880407 0.883415 0.886400 0.889364 0.892307 0.895230 0.898133 0.901017 0.903881 0.906728 0.909556 0.912368 0.915162 0.917940 0.920702 0.923449 0.926181 0.928899 0.931602 0.934293 0.936970 0.939636 0.942289 0.944932 0.947563 0.950184 0.952795 0.955397 0.957990 0.960575 0.963152 0.965722 0.968285 0.970842 0.973393 0.975938 0.978479 0.981016 0.983548 0.986078 0.988604 0.991129 0.993652 0.996173 0.998694 1.000000))
(time 0)
(channel red)
(curve
    (curve-type smooth)
    (n-points 17)
    (points 34 0.000000 0.000000 -1.000000 -1.000000 -1.000000 -1.000000 -1.000000 -1.000000 0.225610 0.201493 -1.000000 -1.000000 -1.000000 -1.000000 -1.000000 -1.000000 -1.000000 -1.000000 0.573171 0.772388 -1.000000 -1.000000 -1.000000 -1.000000 -1.000000 -1.000000 -1.000000 -1.000000 -1.000000 -1.000000 -1.000000 -1.000000 1.000000 1.000000)
    (n-samples 256)
    (samples 256 0.000000 0.002612 0.005225 0.007841 0.010462 0.013090 0.015726 0.018371 0.021028 0.023698 0.026382 0.029082 0.031800 0.034538 0.037296 0.040077 0.042883 0.045714 0.048573 0.051461 0.054379 0.057330 0.060314 0.063335 0.066392 0.069488 0.072625 0.075803 0.079025 0.082293 0.085607 0.088970 0.092382 0.095847 0.099365 0.102937 0.106567 0.110254 0.114001 0.117810 0.121681 0.125618 0.129620 0.133690 0.137830 0.142041 0.146324 0.150682 0.155116 0.159627 0.164217 0.168889 0.173642 0.178480 0.183403 0.188413 0.193513 0.198702 0.201493 0.206830 0.212271 0.217813 0.223453 0.229188 0.235017 0.240935 0.246940 0.253030 0.259202 0.265454 0.271781 0.278183 0.284655 0.291196 0.297802 0.304471 0.311200 0.317987 0.324829 0.331722 0.338665 0.345655 0.352688 0.359762 0.366875 0.374024 0.381205 0.388417 0.395657 0.402921 0.410208 0.417514 0.424836 0.432173 0.439521 0.446877 0.454240 0.461605 0.468971 0.476335 0.483694 0.491045 0.498385 0.505713 0.513024 0.520317 0.527589 0.534836 0.542057 0.549249 0.556408 0.563532 0.570619 0.577666 0.584669 0.591627 0.598536 0.605395 0.612199 0.618947 0.625635 0.632261 0.638823 0.645317 0.651741 0.658092 0.664368 0.670565 0.676682 0.682714 0.688660 0.694517 0.700282 0.705952 0.711525 0.716998 0.722368 0.727633 0.732790 0.737835 0.742767 0.747583 0.752280 0.756855 0.761305 0.765629 0.772388 0.776405 0.780368 0.784279 0.788138 0.791944 0.795699 0.799404 0.803058 0.806662 0.810217 0.813722 0.817180 0.820590 0.823952 0.827267 0.830536 0.833759 0.836937 0.840070 0.843158 0.846202 0.849203 0.852161 0.855077 0.857951 0.860783 0.863574 0.866325 0.869035 0.871707 0.874339 0.876933 0.879489 0.882007 0.884488 0.886933 0.889342 0.891715 0.894053 0.896357 0.898627 0.900863 0.903066 0.905237 0.907375 0.909482 0.911558 0.913603 0.915618 0.917604 0.919560 0.921488 0.923388 0.925260 0.927105 0.928924 0.930716 0.932483 0.934224 0.935941 0.937634 0.939303 0.940949 0.942572 0.944173 0.945753 0.947311 0.948848 0.950366 0.951863 0.953342 0.954801 0.956243 0.957667 0.959073 0.960463 0.961837 0.963195 0.964537 0.965865 0.967179 0.968478 0.969765 0.971039 0.972300 0.973550 0.974788 0.976016 0.977233 0.978441 0.979639 0.980828 0.982009 0.983183 0.984348 0.985507 0.986660 0.987807 0.988948 0.990085 0.991217 0.992346 0.993470 0.994593 0.995712 0.996830 0.997946 0.999062 1.000000))
(time 0)
(channel green)
(curve
    (curve-type smooth)
    (n-points 17)
    (points 34 0.000000 0.000000 -1.000000 -1.000000 -1.000000 -1.000000 -1.000000 -1.000000 0.231707 0.242537 -1.000000 -1.000000 -1.000000 -1.000000 -1.000000 -1.000000 -1.000000 -1.000000 -1.000000 -1.000000 -1.000000 -1.000000 -1.000000 -1.000000 0.719512 0.809701 -1.000000 -1.000000 -1.000000 -1.000000 -1.000000 -1.000000 1.000000 1.000000)
    (n-samples 256)
    (samples 256 0.000000 0.003951 0.007902 0.011853 0.015806 0.019759 0.023714 0.027670 0.031628 0.035589 0.039551 0.043517 0.047485 0.051456 0.055431 0.059410 0.063393 0.067379 0.071371 0.075367 0.079368 0.083374 0.087386 0.091404 0.095428 0.099458 0.103495 0.107539 0.111590 0.115648 0.119714 0.123788 0.127870 0.131961 0.136060 0.140169 0.144286 0.148413 0.152550 0.156697 0.160855 0.165023 0.169202 0.173392 0.177593 0.181806 0.186031 0.190268 0.194518 0.198780 0.203055 0.207344 0.211646 0.215962 0.220292 0.224636 0.228994 0.233368 0.237757 0.242537 0.246958 0.251395 0.255846 0.260313 0.264794 0.269289 0.273799 0.278322 0.282858 0.287407 0.291968 0.296542 0.301128 0.305726 0.310334 0.314954 0.319585 0.324225 0.328876 0.333536 0.338206 0.342885 0.347572 0.352268 0.356972 0.361684 0.366402 0.371128 0.375861 0.380600 0.385346 0.390097 0.394853 0.399615 0.404381 0.409152 0.413927 0.418705 0.423488 0.428273 0.433061 0.437852 0.442645 0.447440 0.452236 0.457033 0.461832 0.466631 0.471430 0.476229 0.481027 0.485825 0.490622 0.495417 0.500211 0.505003 0.509792 0.514578 0.519362 0.524142 0.528918 0.533691 0.538459 0.543222 0.547981 0.552734 0.557482 0.562223 0.566958 0.571687 0.576409 0.581123 0.585830 0.590529 0.595220 0.599902 0.604575 0.609239 0.613894 0.618538 0.623173 0.627797 0.632410 0.637012 0.641602 0.646181 0.650747 0.655301 0.659842 0.664370 0.668885 0.673386 0.677872 0.682345 0.686802 0.691245 0.695672 0.700083 0.704478 0.708857 0.713220 0.717565 0.721892 0.726203 0.730495 0.734768 0.739024 0.743260 0.747477 0.751674 0.755851 0.760008 0.764144 0.768260 0.772354 0.776426 0.780477 0.784505 0.788511 0.792494 0.796454 0.800390 0.804302 0.809701 0.813542 0.817333 0.821075 0.824769 0.828415 0.832014 0.835566 0.839073 0.842535 0.845953 0.849328 0.852659 0.855948 0.859196 0.862404 0.865571 0.868699 0.871789 0.874841 0.877855 0.880834 0.883776 0.886684 0.889557 0.892396 0.895203 0.897977 0.900720 0.903433 0.906115 0.908767 0.911392 0.913988 0.916557 0.919099 0.921616 0.924107 0.926574 0.929018 0.931438 0.933836 0.936213 0.938568 0.940904 0.943220 0.945517 0.947796 0.950058 0.952303 0.954532 0.956746 0.958946 0.961132 0.963304 0.965465 0.967613 0.969751 0.971878 0.973996 0.976105 0.978206 0.980299 0.982386 0.984466 0.986541 0.988612 0.990679 0.992742 0.994803 0.996863 0.998921 1.000000))
(time 0)
(channel blue)
(curve
    (curve-type smooth)
    (n-points 17)
    (points 34 0.000000 0.000000 -1.000000 -1.000000 -1.000000 -1.000000 0.179878 0.286792 -1.000000 -1.000000 -1.000000 -1.000000 -1.000000 -1.000000 -1.000000 -1.000000 -1.000000 -1.000000 -1.000000 -1.000000 -1.000000 -1.000000 -1.000000 -1.000000 0.746951 0.622642 -1.000000 -1.000000 -1.000000 -1.000000 -1.000000 -1.000000 1.000000 1.000000)
    (n-samples 256)
    (samples 256 0.000000 0.007743 0.015483 0.023213 0.030931 0.038632 0.046312 0.053966 0.061590 0.069181 0.076733 0.084242 0.091705 0.099117 0.106473 0.113770 0.121003 0.128168 0.135260 0.142276 0.149211 0.156061 0.162822 0.169489 0.176059 0.182526 0.188887 0.195137 0.201273 0.207289 0.213182 0.218947 0.224580 0.230078 0.235435 0.240647 0.245710 0.250621 0.255373 0.259965 0.264390 0.268645 0.272726 0.276628 0.280347 0.283878 0.286792 0.290040 0.293248 0.296416 0.299544 0.302634 0.305685 0.308698 0.311674 0.314614 0.317517 0.320386 0.323219 0.326018 0.328784 0.331517 0.334217 0.336885 0.339522 0.342128 0.344704 0.347251 0.349768 0.352257 0.354719 0.357153 0.359561 0.361942 0.364298 0.366629 0.368936 0.371219 0.373479 0.375717 0.377932 0.380126 0.382299 0.384453 0.386586 0.388700 0.390796 0.392875 0.394935 0.396979 0.399007 0.401020 0.403017 0.405000 0.406970 0.408926 0.410869 0.412801 0.414721 0.416630 0.418529 0.420418 0.422298 0.424169 0.426033 0.427889 0.429738 0.431581 0.433419 0.435251 0.437079 0.438904 0.440725 0.442543 0.444359 0.446173 0.447987 0.449800 0.451614 0.453428 0.455243 0.457061 0.458881 0.460705 0.462532 0.464363 0.466199 0.468041 0.469888 0.471743 0.473604 0.475474 0.477352 0.479238 0.481135 0.483041 0.484958 0.486887 0.488827 0.490780 0.492746 0.494725 0.496719 0.498728 0.500752 0.502792 0.504848 0.506922 0.509013 0.511123 0.513252 0.515400 0.517568 0.519757 0.521967 0.524199 0.526453 0.528730 0.531031 0.533356 0.535705 0.538080 0.540481 0.542909 0.545363 0.547845 0.550356 0.552895 0.555463 0.558062 0.560691 0.563351 0.566043 0.568767 0.571525 0.574315 0.577140 0.580000 0.582894 0.585825 0.588792 0.591795 0.594837 0.597917 0.601035 0.604193 0.607390 0.610628 0.613907 0.617228 0.622642 0.626109 0.629687 0.633375 0.637171 0.641074 0.645081 0.649191 0.653401 0.657712 0.662119 0.666623 0.671220 0.675910 0.680690 0.685559 0.690515 0.695556 0.700681 0.705887 0.711173 0.716538 0.721979 0.727495 0.733083 0.738743 0.744472 0.750269 0.756132 0.762059 0.768048 0.774098 0.780207 0.786373 0.792594 0.798869 0.805196 0.811573 0.817998 0.824470 0.830987 0.837547 0.844148 0.850789 0.857467 0.864182 0.870931 0.877712 0.884524 0.891365 0.898234 0.905128 0.912045 0.918985 0.925945 0.932924 0.939919 0.946929 0.953953 0.960987 0.968032 0.975085 0.982143 0.989206 0.996272 1.000000))
(time 0)
(channel alpha)
(curve
    (curve-type smooth)
    (n-points 17)
    (points 34 0.000000 0.000000 -1.000000 -1.000000 -1.000000 -1.000000 -1.000000 -1.000000 -1.000000 -1.000000 -1.000000 -1.000000 -1.000000 -1.000000 -1.000000 -1.000000 -1.000000 -1.000000 -1.000000 -1.000000 -1.000000 -1.000000 -1.000000 -1.000000 -1.000000 -1.000000 -1.000000 -1.000000 -1.000000 -1.000000 -1.000000 -1.000000 1.000000 1.000000)
    (n-samples 256)
    (samples 256 0.000000 0.003922 0.007843 0.011765 0.015686 0.019608 0.023529 0.027451 0.031373 0.035294 0.039216 0.043137 0.047059 0.050980 0.054902 0.058824 0.062745 0.066667 0.070588 0.074510 0.078431 0.082353 0.086275 0.090196 0.094118 0.098039 0.101961 0.105882 0.109804 0.113725 0.117647 0.121569 0.125490 0.129412 0.133333 0.137255 0.141176 0.145098 0.149020 0.152941 0.156863 0.160784 0.164706 0.168627 0.172549 0.176471 0.180392 0.184314 0.188235 0.192157 0.196078 0.200000 0.203922 0.207843 0.211765 0.215686 0.219608 0.223529 0.227451 0.231373 0.235294 0.239216 0.243137 0.247059 0.250980 0.254902 0.258824 0.262745 0.266667 0.270588 0.274510 0.278431 0.282353 0.286275 0.290196 0.294118 0.298039 0.301961 0.305882 0.309804 0.313725 0.317647 0.321569 0.325490 0.329412 0.333333 0.337255 0.341176 0.345098 0.349020 0.352941 0.356863 0.360784 0.364706 0.368627 0.372549 0.376471 0.380392 0.384314 0.388235 0.392157 0.396078 0.400000 0.403922 0.407843 0.411765 0.415686 0.419608 0.423529 0.427451 0.431373 0.435294 0.439216 0.443137 0.447059 0.450980 0.454902 0.458824 0.462745 0.466667 0.470588 0.474510 0.478431 0.482353 0.486275 0.490196 0.494118 0.498039 0.501961 0.505882 0.509804 0.513725 0.517647 0.521569 0.525490 0.529412 0.533333 0.537255 0.541176 0.545098 0.549020 0.552941 0.556863 0.560784 0.564706 0.568627 0.572549 0.576471 0.580392 0.584314 0.588235 0.592157 0.596078 0.600000 0.603922 0.607843 0.611765 0.615686 0.619608 0.623529 0.627451 0.631373 0.635294 0.639216 0.643137 0.647059 0.650980 0.654902 0.658824 0.662745 0.666667 0.670588 0.674510 0.678431 0.682353 0.686275 0.690196 0.694118 0.698039 0.701961 0.705882 0.709804 0.713725 0.717647 0.721569 0.725490 0.729412 0.733333 0.737255 0.741176 0.745098 0.749020 0.752941 0.756863 0.760784 0.764706 0.768627 0.772549 0.776471 0.780392 0.784314 0.788235 0.792157 0.796078 0.800000 0.803922 0.807843 0.811765 0.815686 0.819608 0.823529 0.827451 0.831373 0.835294 0.839216 0.843137 0.847059 0.850980 0.854902 0.858824 0.862745 0.866667 0.870588 0.874510 0.878431 0.882353 0.886275 0.890196 0.894118 0.898039 0.901961 0.905882 0.909804 0.913725 0.917647 0.921569 0.925490 0.929412 0.933333 0.937255 0.941176 0.945098 0.949020 0.952941 0.956863 0.960784 0.964706 0.968627 0.972549 0.976471 0.980392 0.984314 0.988235 0.992157 0.996078 1.000000))

# end of curves tool settings
