# GIMP curves tool settings

(time 0)
(channel value)
(curve
    (curve-type smooth)
    (n-points 17)
    (points 34 0.000000 0.000000 -1.000000 -1.000000 -1.000000 -1.000000 0.198171 0.182836 -1.000000 -1.000000 -1.000000 -1.000000 -1.000000 -1.000000 -1.000000 -1.000000 -1.000000 -1.000000 0.560976 0.675373 -1.000000 -1.000000 -1.000000 -1.000000 -1.000000 -1.000000 -1.000000 -1.000000 -1.000000 -1.000000 -1.000000 -1.000000 1.000000 1.000000)
    (n-samples 256)
    (samples 256 0.000000 0.003067 0.006135 0.009205 0.012280 0.015360 0.018446 0.021540 0.024643 0.027756 0.030881 0.034019 0.037172 0.040339 0.043524 0.046727 0.049949 0.053192 0.056457 0.059745 0.063058 0.066397 0.069763 0.073158 0.076583 0.080038 0.083526 0.087048 0.090604 0.094197 0.097828 0.101497 0.105207 0.108958 0.112751 0.116589 0.120472 0.124402 0.128380 0.132407 0.136485 0.140614 0.144797 0.149034 0.153327 0.157676 0.162085 0.166552 0.171081 0.175672 0.180326 0.182836 0.187584 0.192386 0.197240 0.202145 0.207099 0.212100 0.217149 0.222243 0.227380 0.232561 0.237782 0.243043 0.248343 0.253680 0.259053 0.264460 0.269901 0.275373 0.280875 0.286407 0.291966 0.297552 0.303162 0.308796 0.314453 0.320130 0.325827 0.331542 0.337275 0.343022 0.348784 0.354558 0.360344 0.366140 0.371945 0.377758 0.383576 0.389399 0.395225 0.401053 0.406882 0.412711 0.418537 0.424359 0.430177 0.435989 0.441793 0.447589 0.453374 0.459148 0.464909 0.470655 0.476386 0.482100 0.487796 0.493472 0.499127 0.504760 0.510369 0.515953 0.521510 0.527040 0.532541 0.538011 0.543449 0.548854 0.554224 0.559559 0.564856 0.570115 0.575334 0.580512 0.585646 0.590737 0.595783 0.600782 0.605732 0.610634 0.615484 0.620282 0.625027 0.629717 0.634351 0.638928 0.643445 0.647902 0.652298 0.656630 0.660899 0.665101 0.669237 0.675373 0.679355 0.683308 0.687232 0.691127 0.694994 0.698833 0.702644 0.706427 0.710184 0.713913 0.717615 0.721291 0.724941 0.728565 0.732163 0.735735 0.739282 0.742805 0.746303 0.749776 0.753225 0.756650 0.760052 0.763430 0.766786 0.770118 0.773428 0.776716 0.779981 0.783225 0.786447 0.789648 0.792828 0.795987 0.799126 0.802245 0.805343 0.808422 0.811482 0.814522 0.817544 0.820546 0.823531 0.826497 0.829446 0.832377 0.835291 0.838187 0.841067 0.843930 0.846777 0.849608 0.852424 0.855224 0.858008 0.860778 0.863533 0.866273 0.869000 0.871712 0.874411 0.877096 0.879769 0.882428 0.885075 0.887710 0.890332 0.892943 0.895542 0.898130 0.900707 0.903273 0.905828 0.908374 0.910909 0.913435 0.915951 0.918458 0.920957 0.923446 0.925927 0.928400 0.930865 0.933323 0.935773 0.938216 0.940653 0.943083 0.945506 0.947924 0.950335 0.952741 0.955142 0.957538 0.959930 0.962317 0.964699 0.967078 0.969453 0.971825 0.974193 0.976559 0.978922 0.981283 0.983641 0.985998 0.988353 0.990707 0.993060 0.995412 0.997764 1.000000))
(time 0)
(channel red)
(curve
    (curve-type smooth)
    (n-points 17)
    (points 34 0.000000 0.000000 -1.000000 -1.000000 -1.000000 -1.000000 -1.000000 -1.000000 -1.000000 -1.000000 0.292683 0.194030 -1.000000 -1.000000 -1.000000 -1.000000 -1.000000 -1.000000 -1.000000 -1.000000 0.652439 0.578358 -1.000000 -1.000000 -1.000000 -1.000000 -1.000000 -1.000000 -1.000000 -1.000000 -1.000000 -1.000000 1.000000 1.000000)
    (n-samples 256)
    (samples 256 0.000000 0.002162 0.004324 0.006487 0.008651 0.010817 0.012986 0.015157 0.017332 0.019511 0.021693 0.023881 0.026074 0.028272 0.030477 0.032688 0.034906 0.037132 0.039365 0.041608 0.043859 0.046120 0.048390 0.050671 0.052963 0.055266 0.057581 0.059908 0.062248 0.064602 0.066969 0.069350 0.071745 0.074156 0.076583 0.079025 0.081484 0.083960 0.086453 0.088965 0.091495 0.094043 0.096611 0.099199 0.101807 0.104436 0.107086 0.109758 0.112452 0.115169 0.117909 0.120672 0.123460 0.126272 0.129109 0.131972 0.134860 0.137775 0.140717 0.143686 0.146684 0.149709 0.152763 0.155847 0.158960 0.162104 0.165278 0.168483 0.171720 0.174989 0.178291 0.181625 0.184994 0.188396 0.191833 0.194030 0.197519 0.201032 0.204570 0.208132 0.211718 0.215327 0.218959 0.222614 0.226292 0.229992 0.233714 0.237457 0.241222 0.245008 0.248814 0.252641 0.256487 0.260354 0.264240 0.268145 0.272069 0.276012 0.279972 0.283951 0.287947 0.291960 0.295991 0.300038 0.304101 0.308181 0.312276 0.316386 0.320512 0.324652 0.328807 0.332976 0.337159 0.341356 0.345566 0.349788 0.354024 0.358272 0.362531 0.366803 0.371086 0.375379 0.379684 0.383999 0.388325 0.392660 0.397004 0.401358 0.405721 0.410093 0.414472 0.418860 0.423255 0.427658 0.432068 0.436485 0.440908 0.445337 0.449772 0.454212 0.458658 0.463109 0.467564 0.472023 0.476487 0.480954 0.485424 0.489898 0.494374 0.498853 0.503334 0.507816 0.512300 0.516785 0.521271 0.525758 0.530245 0.534732 0.539218 0.543704 0.548189 0.552673 0.557155 0.561635 0.566113 0.570588 0.578358 0.582831 0.587314 0.591807 0.596309 0.600821 0.605341 0.609871 0.614410 0.618957 0.623514 0.628079 0.632653 0.637235 0.641825 0.646424 0.651031 0.655646 0.660269 0.664899 0.669537 0.674183 0.678836 0.683497 0.688165 0.692840 0.697522 0.702211 0.706907 0.711609 0.716318 0.721033 0.725755 0.730483 0.735218 0.739958 0.744704 0.749456 0.754214 0.758977 0.763746 0.768520 0.773299 0.778083 0.782873 0.787667 0.792467 0.797271 0.802079 0.806892 0.811710 0.816531 0.821357 0.826187 0.831021 0.835858 0.840700 0.845545 0.850393 0.855245 0.860100 0.864958 0.869820 0.874684 0.879551 0.884421 0.889293 0.894168 0.899045 0.903925 0.908806 0.913690 0.918576 0.923463 0.928353 0.933243 0.938136 0.943030 0.947925 0.952821 0.957718 0.962616 0.967515 0.972415 0.977316 0.982217 0.987118 0.992020 0.996921 1.000000))
(time 0)
(channel green)
(curve
    (curve-type smooth)
    (n-points 17)
    (points 34 0.000000 0.000000 -1.000000 -1.000000 -1.000000 -1.000000 0.201220 0.126866 -1.000000 -1.000000 -1.000000 -1.000000 -1.000000 -1.000000 -1.000000 -1.000000 -1.000000 -1.000000 -1.000000 -1.000000 0.637195 0.701493 -1.000000 -1.000000 -1.000000 -1.000000 -1.000000 -1.000000 -1.000000 -1.000000 -1.000000 -1.000000 1.000000 1.000000)
    (n-samples 256)
    (samples 256 0.000000 0.001550 0.003103 0.004660 0.006223 0.007794 0.009376 0.010971 0.012580 0.014206 0.015851 0.017517 0.019206 0.020921 0.022663 0.024434 0.026236 0.028073 0.029945 0.031855 0.033804 0.035796 0.037832 0.039915 0.042045 0.044226 0.046460 0.048748 0.051093 0.053497 0.055962 0.058490 0.061083 0.063743 0.066473 0.069274 0.072149 0.075099 0.078127 0.081236 0.084426 0.087700 0.091060 0.094509 0.098048 0.101679 0.105405 0.109228 0.113150 0.117172 0.121298 0.126866 0.131206 0.135592 0.140023 0.144498 0.149016 0.153576 0.158178 0.162821 0.167503 0.172224 0.176983 0.181779 0.186612 0.191481 0.196384 0.201321 0.206291 0.211293 0.216326 0.221390 0.226484 0.231607 0.236757 0.241935 0.247139 0.252369 0.257623 0.262901 0.268202 0.273524 0.278869 0.284233 0.289617 0.295020 0.300441 0.305879 0.311333 0.316803 0.322286 0.327784 0.333295 0.338817 0.344351 0.349895 0.355448 0.361010 0.366580 0.372157 0.377740 0.383328 0.388921 0.394517 0.400116 0.405717 0.411318 0.416921 0.422522 0.428122 0.433720 0.439314 0.444905 0.450491 0.456071 0.461644 0.467211 0.472769 0.478318 0.483857 0.489385 0.494902 0.500406 0.505897 0.511374 0.516836 0.522283 0.527713 0.533125 0.538519 0.543894 0.549249 0.554583 0.559895 0.565185 0.570451 0.575694 0.580911 0.586103 0.591267 0.596404 0.601513 0.606593 0.611642 0.616661 0.621648 0.626602 0.631523 0.636409 0.641260 0.646076 0.650854 0.655595 0.660298 0.664961 0.669583 0.674165 0.678705 0.683203 0.687656 0.692066 0.696430 0.701493 0.705762 0.709998 0.714200 0.718368 0.722504 0.726607 0.730678 0.734718 0.738725 0.742702 0.746648 0.750564 0.754450 0.758307 0.762134 0.765932 0.769703 0.773444 0.777159 0.780846 0.784506 0.788139 0.791746 0.795328 0.798884 0.802415 0.805921 0.809403 0.812861 0.816295 0.819706 0.823094 0.826460 0.829803 0.833125 0.836426 0.839705 0.842964 0.846203 0.849421 0.852621 0.855801 0.858962 0.862105 0.865230 0.868337 0.871427 0.874500 0.877556 0.880597 0.883621 0.886630 0.889624 0.892604 0.895569 0.898520 0.901457 0.904382 0.907293 0.910192 0.913079 0.915954 0.918818 0.921671 0.924514 0.927346 0.930168 0.932981 0.935785 0.938580 0.941366 0.944145 0.946916 0.949680 0.952436 0.955187 0.957931 0.960669 0.963402 0.966131 0.968854 0.971573 0.974288 0.977000 0.979708 0.982414 0.985117 0.987819 0.990518 0.993216 0.995914 0.998611 1.000000))
(time 0)
(channel blue)
(curve
    (curve-type smooth)
    (n-points 17)
    (points 34 0.000000 0.000000 0.088415 0.160448 -1.000000 -1.000000 -1.000000 -1.000000 -1.000000 -1.000000 -1.000000 -1.000000 -1.000000 -1.000000 -1.000000 -1.000000 0.512195 0.462687 -1.000000 -1.000000 -1.000000 -1.000000 0.704268 0.805970 -1.000000 -1.000000 -1.000000 -1.000000 -1.000000 -1.000000 -1.000000 -1.000000 1.000000 1.000000)
    (n-samples 256)
    (samples 256 0.000000 0.008900 0.017779 0.026616 0.035389 0.044078 0.052662 0.061119 0.069428 0.077569 0.085520 0.093260 0.100768 0.108022 0.115003 0.121688 0.128057 0.134088 0.139761 0.145054 0.149946 0.154417 0.158444 0.160448 0.163965 0.167431 0.170847 0.174214 0.177534 0.180807 0.184034 0.187217 0.190357 0.193454 0.196510 0.199525 0.202501 0.205440 0.208341 0.211206 0.214036 0.216832 0.219595 0.222326 0.225027 0.227698 0.230340 0.232955 0.235543 0.238106 0.240645 0.243160 0.245652 0.248124 0.250575 0.253007 0.255422 0.257819 0.260200 0.262566 0.264919 0.267259 0.269587 0.271904 0.274212 0.276511 0.278803 0.281089 0.283369 0.285644 0.287917 0.290187 0.292456 0.294725 0.296996 0.299268 0.301543 0.303822 0.306107 0.308398 0.310696 0.313003 0.315319 0.317646 0.319984 0.322335 0.324699 0.327078 0.329474 0.331885 0.334315 0.336764 0.339233 0.341723 0.344235 0.346770 0.349330 0.351915 0.354526 0.357165 0.359832 0.362529 0.365256 0.368015 0.370807 0.373633 0.376493 0.379389 0.382323 0.385294 0.388305 0.391355 0.394447 0.397581 0.400758 0.403980 0.407247 0.410561 0.413922 0.417331 0.420791 0.424301 0.427863 0.431478 0.435146 0.438870 0.442649 0.446486 0.450381 0.454335 0.458349 0.462687 0.466968 0.471582 0.476515 0.481752 0.487280 0.493084 0.499151 0.505467 0.512017 0.518789 0.525766 0.532937 0.540287 0.547801 0.555466 0.563268 0.571193 0.579227 0.587356 0.595566 0.603843 0.612173 0.620542 0.628936 0.637341 0.645744 0.654129 0.662484 0.670794 0.679045 0.687223 0.695315 0.703306 0.711182 0.718930 0.726535 0.733983 0.741261 0.748354 0.755249 0.761931 0.768387 0.774602 0.780563 0.786256 0.791666 0.796780 0.801583 0.805970 0.810255 0.814471 0.818620 0.822702 0.826719 0.830670 0.834557 0.838382 0.842144 0.845845 0.849486 0.853067 0.856590 0.860056 0.863465 0.866818 0.870117 0.873362 0.876553 0.879693 0.882782 0.885821 0.888810 0.891751 0.894645 0.897492 0.900294 0.903051 0.905765 0.908436 0.911065 0.913653 0.916201 0.918710 0.921180 0.923614 0.926011 0.928373 0.930700 0.932994 0.935255 0.937485 0.939683 0.941852 0.943992 0.946104 0.948189 0.950247 0.952281 0.954290 0.956275 0.958238 0.960180 0.962101 0.964002 0.965884 0.967749 0.969596 0.971427 0.973244 0.975046 0.976835 0.978611 0.980376 0.982131 0.983876 0.985612 0.987340 0.989062 0.990778 0.992489 0.994195 0.995899 0.997600 1.000000))
(time 0)
(channel alpha)
(curve
    (curve-type smooth)
    (n-points 17)
    (points 34 0.000000 0.000000 -1.000000 -1.000000 -1.000000 -1.000000 -1.000000 -1.000000 -1.000000 -1.000000 -1.000000 -1.000000 -1.000000 -1.000000 -1.000000 -1.000000 -1.000000 -1.000000 -1.000000 -1.000000 -1.000000 -1.000000 -1.000000 -1.000000 -1.000000 -1.000000 -1.000000 -1.000000 -1.000000 -1.000000 -1.000000 -1.000000 1.000000 1.000000)
    (n-samples 256)
    (samples 256 0.000000 0.003922 0.007843 0.011765 0.015686 0.019608 0.023529 0.027451 0.031373 0.035294 0.039216 0.043137 0.047059 0.050980 0.054902 0.058824 0.062745 0.066667 0.070588 0.074510 0.078431 0.082353 0.086275 0.090196 0.094118 0.098039 0.101961 0.105882 0.109804 0.113725 0.117647 0.121569 0.125490 0.129412 0.133333 0.137255 0.141176 0.145098 0.149020 0.152941 0.156863 0.160784 0.164706 0.168627 0.172549 0.176471 0.180392 0.184314 0.188235 0.192157 0.196078 0.200000 0.203922 0.207843 0.211765 0.215686 0.219608 0.223529 0.227451 0.231373 0.235294 0.239216 0.243137 0.247059 0.250980 0.254902 0.258824 0.262745 0.266667 0.270588 0.274510 0.278431 0.282353 0.286275 0.290196 0.294118 0.298039 0.301961 0.305882 0.309804 0.313725 0.317647 0.321569 0.325490 0.329412 0.333333 0.337255 0.341176 0.345098 0.349020 0.352941 0.356863 0.360784 0.364706 0.368627 0.372549 0.376471 0.380392 0.384314 0.388235 0.392157 0.396078 0.400000 0.403922 0.407843 0.411765 0.415686 0.419608 0.423529 0.427451 0.431373 0.435294 0.439216 0.443137 0.447059 0.450980 0.454902 0.458824 0.462745 0.466667 0.470588 0.474510 0.478431 0.482353 0.486275 0.490196 0.494118 0.498039 0.501961 0.505882 0.509804 0.513725 0.517647 0.521569 0.525490 0.529412 0.533333 0.537255 0.541176 0.545098 0.549020 0.552941 0.556863 0.560784 0.564706 0.568627 0.572549 0.576471 0.580392 0.584314 0.588235 0.592157 0.596078 0.600000 0.603922 0.607843 0.611765 0.615686 0.619608 0.623529 0.627451 0.631373 0.635294 0.639216 0.643137 0.647059 0.650980 0.654902 0.658824 0.662745 0.666667 0.670588 0.674510 0.678431 0.682353 0.686275 0.690196 0.694118 0.698039 0.701961 0.705882 0.709804 0.713725 0.717647 0.721569 0.725490 0.729412 0.733333 0.737255 0.741176 0.745098 0.749020 0.752941 0.756863 0.760784 0.764706 0.768627 0.772549 0.776471 0.780392 0.784314 0.788235 0.792157 0.796078 0.800000 0.803922 0.807843 0.811765 0.815686 0.819608 0.823529 0.827451 0.831373 0.835294 0.839216 0.843137 0.847059 0.850980 0.854902 0.858824 0.862745 0.866667 0.870588 0.874510 0.878431 0.882353 0.886275 0.890196 0.894118 0.898039 0.901961 0.905882 0.909804 0.913725 0.917647 0.921569 0.925490 0.929412 0.933333 0.937255 0.941176 0.945098 0.949020 0.952941 0.956863 0.960784 0.964706 0.968627 0.972549 0.976471 0.980392 0.984314 0.988235 0.992157 0.996078 1.000000))

# end of curves tool settings
