# GIMP curves tool settings

(time 0)
(channel value)
(curve
    (curve-type smooth)
    (n-points 17)
    (points 34 -1.000000 -1.000000 0.064024 0.000000 -1.000000 -1.000000 -1.000000 -1.000000 -1.000000 -1.000000 0.317073 0.441509 -1.000000 -1.000000 -1.000000 -1.000000 -1.000000 -1.000000 -1.000000 -1.000000 -1.000000 -1.000000 -1.000000 -1.000000 -1.000000 -1.000000 -1.000000 -1.000000 -1.000000 -1.000000 -1.000000 -1.000000 1.000000 0.962264)
    (n-samples 256)
    (samples 256 0.000000 0.000000 0.000000 0.000000 0.000000 0.000000 0.000000 0.000000 0.000000 0.000000 0.000000 0.000000 0.000000 0.000000 0.000000 0.000000 0.000000 0.008247 0.016492 0.024733 0.032968 0.041195 0.049412 0.057616 0.065807 0.073981 0.082137 0.090272 0.098386 0.106475 0.114538 0.122572 0.130576 0.138548 0.146485 0.154386 0.162249 0.170070 0.177850 0.185585 0.193273 0.200912 0.208501 0.216038 0.223519 0.230944 0.238311 0.245616 0.252859 0.260037 0.267148 0.274190 0.281161 0.288060 0.294883 0.301630 0.308298 0.314884 0.321388 0.327806 0.334138 0.340380 0.346532 0.352590 0.358553 0.364419 0.370185 0.375850 0.381412 0.386869 0.392219 0.397459 0.402587 0.407603 0.412502 0.417285 0.421948 0.426489 0.430907 0.435200 0.439364 0.441509 0.445532 0.449537 0.453524 0.457494 0.461446 0.465380 0.469298 0.473198 0.477081 0.480947 0.484796 0.488628 0.492443 0.496242 0.500025 0.503791 0.507541 0.511274 0.514992 0.518693 0.522379 0.526048 0.529703 0.533341 0.536964 0.540572 0.544165 0.547742 0.551304 0.554851 0.558384 0.561902 0.565405 0.568893 0.572367 0.575827 0.579273 0.582704 0.586121 0.589525 0.592915 0.596290 0.599653 0.603002 0.606337 0.609659 0.612968 0.616264 0.619547 0.622816 0.626074 0.629318 0.632550 0.635769 0.638976 0.642171 0.645353 0.648524 0.651682 0.654829 0.657964 0.661087 0.664199 0.667299 0.670388 0.673466 0.676532 0.679588 0.682632 0.685666 0.688689 0.691701 0.694703 0.697694 0.700675 0.703646 0.706607 0.709558 0.712499 0.715430 0.718351 0.721263 0.724165 0.727058 0.729941 0.732816 0.735681 0.738538 0.741385 0.744224 0.747054 0.749875 0.752688 0.755493 0.758289 0.761077 0.763858 0.766630 0.769394 0.772151 0.774900 0.777641 0.780375 0.783102 0.785822 0.788534 0.791239 0.793938 0.796629 0.799314 0.801993 0.804664 0.807330 0.809989 0.812642 0.815288 0.817929 0.820564 0.823193 0.825817 0.828435 0.831047 0.833654 0.836256 0.838852 0.841444 0.844031 0.846612 0.849189 0.851762 0.854329 0.856893 0.859452 0.862006 0.864557 0.867104 0.869646 0.872185 0.874720 0.877252 0.879779 0.882304 0.884825 0.887343 0.889858 0.892370 0.894879 0.897385 0.899889 0.902390 0.904888 0.907384 0.909878 0.912370 0.914859 0.917347 0.919832 0.922316 0.924799 0.927279 0.929758 0.932236 0.934713 0.937188 0.939663 0.942136 0.944609 0.947081 0.949552 0.952023 0.954493 0.956963 0.959433 0.962264))
(time 0)
(channel red)
(curve
    (curve-type smooth)
    (n-points 17)
    (points 34 0.000000 0.000000 -1.000000 -1.000000 -1.000000 -1.000000 -1.000000 -1.000000 -1.000000 -1.000000 -1.000000 -1.000000 -1.000000 -1.000000 -1.000000 -1.000000 0.481707 0.396226 -1.000000 -1.000000 -1.000000 -1.000000 -1.000000 -1.000000 -1.000000 -1.000000 -1.000000 -1.000000 -1.000000 -1.000000 -1.000000 -1.000000 1.000000 1.000000)
    (n-samples 256)
    (samples 256 0.000000 0.002878 0.005756 0.008634 0.011512 0.014391 0.017271 0.020152 0.023034 0.025916 0.028800 0.031686 0.034573 0.037461 0.040351 0.043244 0.046138 0.049035 0.051933 0.054835 0.057739 0.060646 0.063555 0.066468 0.069384 0.072303 0.075226 0.078152 0.081082 0.084016 0.086954 0.089896 0.092843 0.095794 0.098749 0.101709 0.104674 0.107644 0.110619 0.113599 0.116585 0.119576 0.122573 0.125575 0.128584 0.131599 0.134620 0.137647 0.140681 0.143721 0.146769 0.149823 0.152884 0.155952 0.159028 0.162111 0.165202 0.168301 0.171407 0.174522 0.177644 0.180775 0.183915 0.187063 0.190219 0.193385 0.196559 0.199743 0.202936 0.206138 0.209350 0.212572 0.215803 0.219045 0.222296 0.225558 0.228830 0.232112 0.235406 0.238710 0.242025 0.245351 0.248688 0.252037 0.255397 0.258768 0.262152 0.265547 0.268955 0.272374 0.275806 0.279250 0.282707 0.286177 0.289660 0.293155 0.296664 0.300186 0.303721 0.307270 0.310833 0.314409 0.318000 0.321604 0.325223 0.328856 0.332504 0.336166 0.339844 0.343536 0.347243 0.350965 0.354703 0.358456 0.362225 0.366010 0.369811 0.373627 0.377460 0.381309 0.385175 0.389057 0.392956 0.396226 0.400155 0.404099 0.408057 0.412029 0.416015 0.420016 0.424031 0.428059 0.432102 0.436158 0.440227 0.444310 0.448407 0.452516 0.456639 0.460775 0.464924 0.469085 0.473259 0.477446 0.481645 0.485857 0.490080 0.494316 0.498564 0.502824 0.507096 0.511379 0.515674 0.519980 0.524298 0.528627 0.532967 0.537318 0.541680 0.546052 0.550436 0.554830 0.559234 0.563649 0.568074 0.572509 0.576955 0.581410 0.585875 0.590349 0.594833 0.599327 0.603830 0.608342 0.612863 0.617394 0.621933 0.626481 0.631038 0.635603 0.640177 0.644759 0.649349 0.653948 0.658554 0.663168 0.667791 0.672421 0.677058 0.681703 0.686355 0.691015 0.695681 0.700355 0.705035 0.709723 0.714417 0.719117 0.723824 0.728538 0.733257 0.737983 0.742715 0.747453 0.752196 0.756945 0.761700 0.766460 0.771226 0.775996 0.780772 0.785553 0.790339 0.795130 0.799925 0.804725 0.809529 0.814338 0.819151 0.823968 0.828789 0.833614 0.838443 0.843275 0.848111 0.852951 0.857794 0.862640 0.867489 0.872341 0.877196 0.882054 0.886915 0.891778 0.896644 0.901512 0.906382 0.911254 0.916129 0.921005 0.925883 0.930763 0.935644 0.940527 0.945411 0.950297 0.955183 0.960071 0.964959 0.969849 0.974739 0.979629 0.984520 0.989411 0.994303 1.000000))
(time 0)
(channel green)
(curve
    (curve-type smooth)
    (n-points 17)
    (points 34 0.000000 0.000000 -1.000000 -1.000000 -1.000000 -1.000000 -1.000000 -1.000000 -1.000000 -1.000000 -1.000000 -1.000000 0.399390 0.373585 -1.000000 -1.000000 -1.000000 -1.000000 -1.000000 -1.000000 -1.000000 -1.000000 -1.000000 -1.000000 -1.000000 -1.000000 -1.000000 -1.000000 -1.000000 -1.000000 -1.000000 -1.000000 1.000000 1.000000)
    (n-samples 256)
    (samples 256 0.000000 0.003542 0.007083 0.010625 0.014167 0.017709 0.021252 0.024795 0.028338 0.031882 0.035427 0.038973 0.042519 0.046066 0.049615 0.053164 0.056714 0.060265 0.063818 0.067372 0.070928 0.074485 0.078043 0.081603 0.085165 0.088728 0.092294 0.095861 0.099430 0.103001 0.106575 0.110150 0.113728 0.117308 0.120891 0.124476 0.128064 0.131654 0.135247 0.138843 0.142442 0.146043 0.149648 0.153256 0.156866 0.160480 0.164098 0.167719 0.171343 0.174970 0.178602 0.182237 0.185875 0.189518 0.193164 0.196815 0.200469 0.204127 0.207790 0.211457 0.215128 0.218804 0.222484 0.226169 0.229858 0.233552 0.237250 0.240954 0.244662 0.248376 0.252094 0.255818 0.259547 0.263281 0.267020 0.270765 0.274516 0.278272 0.282033 0.285801 0.289574 0.293353 0.297137 0.300928 0.304725 0.308528 0.312338 0.316154 0.319976 0.323804 0.327639 0.331481 0.335329 0.339184 0.343046 0.346915 0.350790 0.354673 0.358563 0.362460 0.366364 0.370276 0.373585 0.377508 0.381435 0.385364 0.389297 0.393234 0.397173 0.401116 0.405061 0.409010 0.412962 0.416917 0.420875 0.424836 0.428800 0.432768 0.436738 0.440711 0.444687 0.448666 0.452648 0.456632 0.460620 0.464610 0.468603 0.472599 0.476598 0.480600 0.484604 0.488611 0.492620 0.496632 0.500647 0.504665 0.508685 0.512707 0.516732 0.520760 0.524790 0.528823 0.532858 0.536896 0.540936 0.544978 0.549023 0.553070 0.557119 0.561171 0.565225 0.569281 0.573340 0.577401 0.581464 0.585529 0.589596 0.593665 0.597737 0.601811 0.605886 0.609964 0.614044 0.618126 0.622210 0.626295 0.630383 0.634473 0.638564 0.642658 0.646753 0.650850 0.654949 0.659049 0.663152 0.667256 0.671362 0.675470 0.679579 0.683690 0.687803 0.691917 0.696033 0.700150 0.704269 0.708390 0.712512 0.716635 0.720760 0.724887 0.729015 0.733144 0.737274 0.741406 0.745540 0.749674 0.753810 0.757948 0.762086 0.766226 0.770367 0.774509 0.778652 0.782797 0.786942 0.791089 0.795237 0.799385 0.803535 0.807686 0.811838 0.815991 0.820144 0.824299 0.828455 0.832611 0.836769 0.840927 0.845086 0.849246 0.853406 0.857568 0.861730 0.865893 0.870056 0.874220 0.878385 0.882551 0.886717 0.890883 0.895050 0.899218 0.903387 0.907555 0.911725 0.915894 0.920064 0.924235 0.928406 0.932577 0.936749 0.940921 0.945093 0.949266 0.953439 0.957612 0.961785 0.965958 0.970132 0.974306 0.978480 0.982654 0.986828 0.991002 0.995177 1.000000))
(time 0)
(channel blue)
(curve
    (curve-type smooth)
    (n-points 17)
    (points 34 0.000000 0.000000 -1.000000 -1.000000 -1.000000 -1.000000 -1.000000 -1.000000 -1.000000 -1.000000 -1.000000 -1.000000 0.402439 0.449057 -1.000000 -1.000000 -1.000000 -1.000000 -1.000000 -1.000000 -1.000000 -1.000000 -1.000000 -1.000000 -1.000000 -1.000000 -1.000000 -1.000000 -1.000000 -1.000000 -1.000000 -1.000000 1.000000 1.000000)
    (n-samples 256)
    (samples 256 0.000000 0.004603 0.009206 0.013808 0.018410 0.023012 0.027613 0.032213 0.036813 0.041411 0.046008 0.050604 0.055198 0.059791 0.064382 0.068972 0.073559 0.078144 0.082728 0.087308 0.091887 0.096463 0.101036 0.105606 0.110173 0.114737 0.119298 0.123856 0.128410 0.132960 0.137507 0.142049 0.146588 0.151123 0.155653 0.160179 0.164701 0.169217 0.173729 0.178236 0.182738 0.187235 0.191727 0.196213 0.200693 0.205168 0.209637 0.214100 0.218557 0.223008 0.227452 0.231890 0.236322 0.240746 0.245164 0.249575 0.253979 0.258375 0.262764 0.267146 0.271519 0.275886 0.280244 0.284594 0.288936 0.293270 0.297595 0.301912 0.306220 0.310520 0.314810 0.319091 0.323364 0.327626 0.331880 0.336124 0.340358 0.344582 0.348796 0.353001 0.357195 0.361378 0.365552 0.369714 0.373866 0.378007 0.382137 0.386256 0.390363 0.394460 0.398544 0.402617 0.406679 0.410728 0.414765 0.418790 0.422803 0.426804 0.430792 0.434767 0.438729 0.442679 0.446615 0.449057 0.452975 0.456888 0.460794 0.464695 0.468590 0.472479 0.476362 0.480240 0.484112 0.487978 0.491838 0.495693 0.499543 0.503386 0.507225 0.511058 0.514885 0.518708 0.522524 0.526336 0.530142 0.533944 0.537740 0.541531 0.545317 0.549097 0.552873 0.556644 0.560410 0.564171 0.567927 0.571679 0.575425 0.579167 0.582905 0.586637 0.590365 0.594089 0.597808 0.601522 0.605232 0.608938 0.612639 0.616336 0.620029 0.623717 0.627402 0.631082 0.634758 0.638430 0.642097 0.645761 0.649421 0.653077 0.656729 0.660377 0.664021 0.667662 0.671299 0.674932 0.678562 0.682187 0.685810 0.689429 0.693044 0.696656 0.700264 0.703869 0.707471 0.711069 0.714664 0.718256 0.721845 0.725431 0.729013 0.732593 0.736169 0.739743 0.743313 0.746881 0.750446 0.754008 0.757567 0.761123 0.764677 0.768228 0.771777 0.775322 0.778866 0.782407 0.785945 0.789481 0.793014 0.796545 0.800074 0.803601 0.807125 0.810648 0.814168 0.817686 0.821201 0.824715 0.828227 0.831737 0.835245 0.838751 0.842255 0.845758 0.849258 0.852757 0.856255 0.859751 0.863245 0.866737 0.870228 0.873718 0.877206 0.880693 0.884178 0.887662 0.891145 0.894626 0.898107 0.901586 0.905064 0.908541 0.912017 0.915491 0.918965 0.922438 0.925911 0.929382 0.932852 0.936322 0.939791 0.943259 0.946727 0.950194 0.953660 0.957126 0.960592 0.964057 0.967521 0.970986 0.974450 0.977913 0.981377 0.984840 0.988303 0.991766 0.995228 1.000000))
(time 0)
(channel alpha)
(curve
    (curve-type smooth)
    (n-points 17)
    (points 34 0.000000 0.000000 -1.000000 -1.000000 -1.000000 -1.000000 -1.000000 -1.000000 -1.000000 -1.000000 -1.000000 -1.000000 -1.000000 -1.000000 -1.000000 -1.000000 -1.000000 -1.000000 -1.000000 -1.000000 -1.000000 -1.000000 -1.000000 -1.000000 -1.000000 -1.000000 -1.000000 -1.000000 -1.000000 -1.000000 -1.000000 -1.000000 1.000000 1.000000)
    (n-samples 256)
    (samples 256 0.000000 0.003922 0.007843 0.011765 0.015686 0.019608 0.023529 0.027451 0.031373 0.035294 0.039216 0.043137 0.047059 0.050980 0.054902 0.058824 0.062745 0.066667 0.070588 0.074510 0.078431 0.082353 0.086275 0.090196 0.094118 0.098039 0.101961 0.105882 0.109804 0.113725 0.117647 0.121569 0.125490 0.129412 0.133333 0.137255 0.141176 0.145098 0.149020 0.152941 0.156863 0.160784 0.164706 0.168627 0.172549 0.176471 0.180392 0.184314 0.188235 0.192157 0.196078 0.200000 0.203922 0.207843 0.211765 0.215686 0.219608 0.223529 0.227451 0.231373 0.235294 0.239216 0.243137 0.247059 0.250980 0.254902 0.258824 0.262745 0.266667 0.270588 0.274510 0.278431 0.282353 0.286275 0.290196 0.294118 0.298039 0.301961 0.305882 0.309804 0.313725 0.317647 0.321569 0.325490 0.329412 0.333333 0.337255 0.341176 0.345098 0.349020 0.352941 0.356863 0.360784 0.364706 0.368627 0.372549 0.376471 0.380392 0.384314 0.388235 0.392157 0.396078 0.400000 0.403922 0.407843 0.411765 0.415686 0.419608 0.423529 0.427451 0.431373 0.435294 0.439216 0.443137 0.447059 0.450980 0.454902 0.458824 0.462745 0.466667 0.470588 0.474510 0.478431 0.482353 0.486275 0.490196 0.494118 0.498039 0.501961 0.505882 0.509804 0.513725 0.517647 0.521569 0.525490 0.529412 0.533333 0.537255 0.541176 0.545098 0.549020 0.552941 0.556863 0.560784 0.564706 0.568627 0.572549 0.576471 0.580392 0.584314 0.588235 0.592157 0.596078 0.600000 0.603922 0.607843 0.611765 0.615686 0.619608 0.623529 0.627451 0.631373 0.635294 0.639216 0.643137 0.647059 0.650980 0.654902 0.658824 0.662745 0.666667 0.670588 0.674510 0.678431 0.682353 0.686275 0.690196 0.694118 0.698039 0.701961 0.705882 0.709804 0.713725 0.717647 0.721569 0.725490 0.729412 0.733333 0.737255 0.741176 0.745098 0.749020 0.752941 0.756863 0.760784 0.764706 0.768627 0.772549 0.776471 0.780392 0.784314 0.788235 0.792157 0.796078 0.800000 0.803922 0.807843 0.811765 0.815686 0.819608 0.823529 0.827451 0.831373 0.835294 0.839216 0.843137 0.847059 0.850980 0.854902 0.858824 0.862745 0.866667 0.870588 0.874510 0.878431 0.882353 0.886275 0.890196 0.894118 0.898039 0.901961 0.905882 0.909804 0.913725 0.917647 0.921569 0.925490 0.929412 0.933333 0.937255 0.941176 0.945098 0.949020 0.952941 0.956863 0.960784 0.964706 0.968627 0.972549 0.976471 0.980392 0.984314 0.988235 0.992157 0.996078 1.000000))

# end of curves tool settings
