# GIMP curves tool settings

(time 0)
(channel value)
(curve
    (curve-type smooth)
    (n-points 17)
    (points 34 0.000000 0.000000 -1.000000 -1.000000 0.100610 0.070896 -1.000000 -1.000000 -1.000000 -1.000000 -1.000000 -1.000000 -1.000000 -1.000000 0.432927 0.555970 -1.000000 -1.000000 -1.000000 -1.000000 -1.000000 -1.000000 -1.000000 -1.000000 -1.000000 -1.000000 -1.000000 -1.000000 -1.000000 -1.000000 -1.000000 -1.000000 1.000000 1.000000)
    (n-samples 256)
    (samples 256 0.000000 0.001629 0.003268 0.004928 0.006618 0.008351 0.010135 0.011981 0.013900 0.015901 0.017996 0.020195 0.022507 0.024944 0.027515 0.030232 0.033103 0.036141 0.039355 0.042755 0.046352 0.050156 0.054177 0.058427 0.062915 0.067651 0.070896 0.075967 0.081109 0.086319 0.091595 0.096935 0.102337 0.107799 0.113319 0.118896 0.124526 0.130209 0.135942 0.141724 0.147552 0.153424 0.159338 0.165293 0.171287 0.177317 0.183381 0.189478 0.195605 0.201761 0.207944 0.214151 0.220380 0.226631 0.232900 0.239186 0.245486 0.251800 0.258124 0.264457 0.270797 0.277142 0.283490 0.289838 0.296186 0.302531 0.308870 0.315203 0.321527 0.327840 0.334140 0.340425 0.346693 0.352943 0.359172 0.365378 0.371559 0.377714 0.383840 0.389935 0.395998 0.402027 0.408018 0.413972 0.419884 0.425755 0.431581 0.437360 0.443091 0.448772 0.454400 0.459974 0.465492 0.470952 0.476351 0.481689 0.486962 0.492169 0.497307 0.502376 0.507373 0.512295 0.517142 0.521911 0.526600 0.531206 0.535729 0.540166 0.544516 0.548775 0.555970 0.560011 0.564032 0.568033 0.572013 0.575974 0.579916 0.583838 0.587740 0.591624 0.595488 0.599333 0.603160 0.606968 0.610757 0.614528 0.618281 0.622015 0.625732 0.629431 0.633112 0.636776 0.640422 0.644051 0.647663 0.651258 0.654836 0.658398 0.661943 0.665471 0.668984 0.672480 0.675960 0.679424 0.682873 0.686306 0.689724 0.693126 0.696513 0.699886 0.703243 0.706586 0.709914 0.713227 0.716527 0.719812 0.723083 0.726341 0.729584 0.732814 0.736031 0.739234 0.742424 0.745601 0.748766 0.751917 0.755056 0.758182 0.761296 0.764398 0.767488 0.770566 0.773632 0.776687 0.779730 0.782762 0.785782 0.788792 0.791790 0.794778 0.797755 0.800722 0.803678 0.806624 0.809560 0.812486 0.815403 0.818309 0.821207 0.824094 0.826973 0.829842 0.832703 0.835555 0.838398 0.841232 0.844058 0.846876 0.849686 0.852488 0.855282 0.858068 0.860847 0.863618 0.866382 0.869139 0.871889 0.874633 0.877369 0.880099 0.882823 0.885540 0.888251 0.890956 0.893655 0.896349 0.899037 0.901720 0.904397 0.907069 0.909736 0.912398 0.915056 0.917709 0.920357 0.923001 0.925641 0.928277 0.930909 0.933538 0.936163 0.938784 0.941402 0.944017 0.946628 0.949237 0.951843 0.954447 0.957048 0.959647 0.962243 0.964838 0.967430 0.970021 0.972610 0.975198 0.977784 0.980369 0.982953 0.985536 0.988118 0.990700 0.993281 0.995862 0.998442 1.000000))
(time 0)
(channel red)
(curve
    (curve-type smooth)
    (n-points 17)
    (points 34 0.000000 0.000000 -1.000000 -1.000000 -1.000000 -1.000000 -1.000000 -1.000000 -1.000000 -1.000000 -1.000000 -1.000000 -1.000000 -1.000000 0.466463 0.541045 -1.000000 -1.000000 -1.000000 -1.000000 -1.000000 -1.000000 -1.000000 -1.000000 -1.000000 -1.000000 -1.000000 -1.000000 -1.000000 -1.000000 -1.000000 -1.000000 1.000000 1.000000)
    (n-samples 256)
    (samples 256 0.000000 0.004862 0.009724 0.014586 0.019447 0.024308 0.029168 0.034027 0.038885 0.043743 0.048599 0.053453 0.058307 0.063158 0.068008 0.072856 0.077703 0.082546 0.087388 0.092228 0.097064 0.101898 0.106730 0.111558 0.116384 0.121206 0.126025 0.130840 0.135652 0.140460 0.145264 0.150064 0.154860 0.159652 0.164440 0.169223 0.174001 0.178775 0.183543 0.188307 0.193065 0.197818 0.202566 0.207308 0.212044 0.216774 0.221499 0.226217 0.230929 0.235635 0.240334 0.245027 0.249713 0.254391 0.259063 0.263728 0.268385 0.273035 0.277677 0.282312 0.286939 0.291557 0.296168 0.300771 0.305365 0.309950 0.314527 0.319095 0.323654 0.328204 0.332745 0.337277 0.341799 0.346312 0.350815 0.355308 0.359791 0.364264 0.368727 0.373180 0.377622 0.382053 0.386473 0.390883 0.395282 0.399669 0.404045 0.408410 0.412763 0.417104 0.421434 0.425752 0.430057 0.434351 0.438632 0.442900 0.447156 0.451399 0.455629 0.459846 0.464050 0.468241 0.472418 0.476582 0.480732 0.484868 0.488990 0.493098 0.497192 0.501272 0.505337 0.509387 0.513423 0.517444 0.521449 0.525440 0.529415 0.533375 0.537319 0.541045 0.544960 0.548864 0.552755 0.556635 0.560503 0.564360 0.568205 0.572038 0.575860 0.579671 0.583470 0.587259 0.591036 0.594803 0.598558 0.602303 0.606038 0.609761 0.613474 0.617177 0.620870 0.624552 0.628224 0.631886 0.635538 0.639180 0.642813 0.646435 0.650049 0.653652 0.657246 0.660831 0.664407 0.667973 0.671531 0.675079 0.678619 0.682150 0.685672 0.689185 0.692690 0.696186 0.699674 0.703154 0.706626 0.710089 0.713545 0.716993 0.720432 0.723865 0.727289 0.730706 0.734115 0.737517 0.740912 0.744300 0.747680 0.751053 0.754420 0.757780 0.761132 0.764479 0.767818 0.771151 0.774478 0.777798 0.781113 0.784421 0.787723 0.791019 0.794309 0.797593 0.800872 0.804145 0.807413 0.810675 0.813932 0.817183 0.820430 0.823671 0.826908 0.830139 0.833366 0.836588 0.839805 0.843018 0.846226 0.849430 0.852630 0.855826 0.859017 0.862205 0.865388 0.868568 0.871744 0.874916 0.878085 0.881250 0.884412 0.887571 0.890726 0.893879 0.897028 0.900174 0.903318 0.906459 0.909597 0.912732 0.915865 0.918996 0.922124 0.925250 0.928374 0.931496 0.934616 0.937734 0.940850 0.943965 0.947078 0.950189 0.953299 0.956408 0.959516 0.962622 0.965727 0.968831 0.971935 0.975037 0.978139 0.981240 0.984341 0.987441 0.990541 0.993641 0.996740 1.000000))
(time 0)
(channel green)
(curve
    (curve-type smooth)
    (n-points 17)
    (points 34 0.000000 0.000000 -1.000000 -1.000000 0.106707 0.208955 -1.000000 -1.000000 -1.000000 -1.000000 -1.000000 -1.000000 0.362805 0.373134 -1.000000 -1.000000 -1.000000 -1.000000 -1.000000 -1.000000 -1.000000 -1.000000 -1.000000 -1.000000 -1.000000 -1.000000 -1.000000 -1.000000 -1.000000 -1.000000 -1.000000 -1.000000 1.000000 1.000000)
    (n-samples 256)
    (samples 256 0.000000 0.009500 0.018985 0.028440 0.037851 0.047204 0.056482 0.065671 0.074757 0.083725 0.092560 0.101248 0.109773 0.118120 0.126275 0.134224 0.141951 0.149442 0.156681 0.163655 0.170348 0.176745 0.182832 0.188595 0.194017 0.199085 0.203783 0.208955 0.212928 0.216781 0.220520 0.224146 0.227664 0.231077 0.234388 0.237601 0.240720 0.243748 0.246688 0.249544 0.252320 0.255018 0.257643 0.260198 0.262686 0.265111 0.267476 0.269785 0.272042 0.274249 0.276411 0.278530 0.280611 0.282656 0.284669 0.286655 0.288615 0.290554 0.292475 0.294382 0.296278 0.298167 0.300052 0.301936 0.303824 0.305718 0.307622 0.309540 0.311474 0.313430 0.315409 0.317416 0.319453 0.321525 0.323636 0.325787 0.327984 0.330228 0.332525 0.334877 0.337288 0.339762 0.342301 0.344909 0.347591 0.350348 0.353186 0.356106 0.359114 0.362211 0.365403 0.368691 0.372080 0.373134 0.376611 0.380094 0.383584 0.387082 0.390586 0.394097 0.397615 0.401140 0.404671 0.408210 0.411755 0.415306 0.418865 0.422429 0.426000 0.429578 0.433162 0.436753 0.440350 0.443953 0.447562 0.451178 0.454799 0.458427 0.462061 0.465701 0.469347 0.472998 0.476656 0.480320 0.483989 0.487664 0.491345 0.495031 0.498723 0.502421 0.506124 0.509833 0.513547 0.517266 0.520991 0.524721 0.528457 0.532198 0.535944 0.539695 0.543451 0.547212 0.550978 0.554749 0.558526 0.562307 0.566092 0.569883 0.573678 0.577479 0.581283 0.585093 0.588907 0.592725 0.596548 0.600375 0.604207 0.608043 0.611884 0.615729 0.619578 0.623431 0.627288 0.631149 0.635015 0.638884 0.642758 0.646635 0.650516 0.654401 0.658290 0.662182 0.666079 0.669979 0.673882 0.677789 0.681700 0.685614 0.689531 0.693452 0.697376 0.701304 0.705235 0.709169 0.713106 0.717046 0.720990 0.724936 0.728886 0.732838 0.736794 0.740752 0.744713 0.748677 0.752643 0.756612 0.760584 0.764559 0.768536 0.772515 0.776497 0.780482 0.784469 0.788458 0.792449 0.796443 0.800439 0.804437 0.808437 0.812440 0.816444 0.820450 0.824459 0.828469 0.832481 0.836495 0.840510 0.844528 0.848547 0.852568 0.856590 0.860614 0.864639 0.868666 0.872694 0.876724 0.880755 0.884787 0.888820 0.892855 0.896891 0.900928 0.904966 0.909005 0.913045 0.917086 0.921128 0.925171 0.929214 0.933259 0.937304 0.941350 0.945396 0.949443 0.953490 0.957538 0.961587 0.965636 0.969685 0.973735 0.977784 0.981834 0.985885 0.989935 0.993986 1.000000))
(time 0)
(channel blue)
(curve
    (curve-type smooth)
    (n-points 17)
    (points 34 0.000000 0.000000 -1.000000 -1.000000 -1.000000 -1.000000 0.173780 0.272388 -1.000000 -1.000000 -1.000000 -1.000000 -1.000000 -1.000000 -1.000000 -1.000000 -1.000000 -1.000000 -1.000000 -1.000000 -1.000000 -1.000000 0.682927 0.500000 -1.000000 -1.000000 -1.000000 -1.000000 -1.000000 -1.000000 -1.000000 -1.000000 1.000000 1.000000)
    (n-samples 256)
    (samples 256 0.000000 0.007784 0.015562 0.023331 0.031085 0.038819 0.046527 0.054206 0.061850 0.069453 0.077012 0.084520 0.091974 0.099367 0.106696 0.113954 0.121137 0.128240 0.135258 0.142186 0.149019 0.155752 0.162380 0.168898 0.175300 0.181583 0.187740 0.193767 0.199660 0.205412 0.211019 0.216475 0.221777 0.226919 0.231895 0.236701 0.241332 0.245783 0.250049 0.254125 0.258005 0.261686 0.265161 0.268426 0.272388 0.275229 0.278010 0.280733 0.283398 0.286007 0.288560 0.291058 0.293502 0.295894 0.298235 0.300525 0.302765 0.304956 0.307100 0.309198 0.311249 0.313257 0.315220 0.317141 0.319021 0.320860 0.322659 0.324420 0.326143 0.327830 0.329481 0.331097 0.332680 0.334230 0.335749 0.337238 0.338696 0.340127 0.341529 0.342906 0.344256 0.345582 0.346885 0.348165 0.349424 0.350662 0.351880 0.353080 0.354263 0.355429 0.356579 0.357715 0.358838 0.359948 0.361047 0.362135 0.363214 0.364284 0.365346 0.366403 0.367453 0.368500 0.369543 0.370583 0.371622 0.372661 0.373700 0.374740 0.375784 0.376830 0.377882 0.378939 0.380002 0.381073 0.382153 0.383242 0.384342 0.385453 0.386577 0.387715 0.388867 0.390035 0.391219 0.392421 0.393642 0.394882 0.396143 0.397426 0.398731 0.400060 0.401413 0.402792 0.404198 0.405631 0.407093 0.408585 0.410107 0.411661 0.413248 0.414868 0.416523 0.418214 0.419941 0.421706 0.423509 0.425353 0.427237 0.429162 0.431131 0.433143 0.435200 0.437302 0.439451 0.441648 0.443894 0.446189 0.448535 0.450933 0.453383 0.455888 0.458446 0.461061 0.463733 0.466462 0.469250 0.472097 0.475006 0.477976 0.481009 0.484105 0.487267 0.490494 0.493788 0.497150 0.500000 0.503504 0.507108 0.510811 0.514611 0.518508 0.522500 0.526585 0.530763 0.535033 0.539392 0.543840 0.548376 0.552998 0.557705 0.562496 0.567369 0.572324 0.577358 0.582472 0.587662 0.592929 0.598272 0.603687 0.609176 0.614735 0.620365 0.626063 0.631829 0.637661 0.643558 0.649518 0.655542 0.661626 0.667770 0.673973 0.680234 0.686551 0.692922 0.699347 0.705825 0.712354 0.718933 0.725561 0.732236 0.738957 0.745723 0.752533 0.759385 0.766279 0.773212 0.780184 0.787193 0.794239 0.801319 0.808433 0.815580 0.822757 0.829965 0.837201 0.844464 0.851754 0.859069 0.866407 0.873767 0.881149 0.888550 0.895971 0.903408 0.910862 0.918330 0.925812 0.933306 0.940812 0.948327 0.955851 0.963382 0.970920 0.978462 0.986008 0.993556 1.000000))
(time 0)
(channel alpha)
(curve
    (curve-type smooth)
    (n-points 17)
    (points 34 0.000000 0.000000 -1.000000 -1.000000 -1.000000 -1.000000 -1.000000 -1.000000 -1.000000 -1.000000 -1.000000 -1.000000 -1.000000 -1.000000 -1.000000 -1.000000 -1.000000 -1.000000 -1.000000 -1.000000 -1.000000 -1.000000 -1.000000 -1.000000 -1.000000 -1.000000 -1.000000 -1.000000 -1.000000 -1.000000 -1.000000 -1.000000 1.000000 1.000000)
    (n-samples 256)
    (samples 256 0.000000 0.003922 0.007843 0.011765 0.015686 0.019608 0.023529 0.027451 0.031373 0.035294 0.039216 0.043137 0.047059 0.050980 0.054902 0.058824 0.062745 0.066667 0.070588 0.074510 0.078431 0.082353 0.086275 0.090196 0.094118 0.098039 0.101961 0.105882 0.109804 0.113725 0.117647 0.121569 0.125490 0.129412 0.133333 0.137255 0.141176 0.145098 0.149020 0.152941 0.156863 0.160784 0.164706 0.168627 0.172549 0.176471 0.180392 0.184314 0.188235 0.192157 0.196078 0.200000 0.203922 0.207843 0.211765 0.215686 0.219608 0.223529 0.227451 0.231373 0.235294 0.239216 0.243137 0.247059 0.250980 0.254902 0.258824 0.262745 0.266667 0.270588 0.274510 0.278431 0.282353 0.286275 0.290196 0.294118 0.298039 0.301961 0.305882 0.309804 0.313725 0.317647 0.321569 0.325490 0.329412 0.333333 0.337255 0.341176 0.345098 0.349020 0.352941 0.356863 0.360784 0.364706 0.368627 0.372549 0.376471 0.380392 0.384314 0.388235 0.392157 0.396078 0.400000 0.403922 0.407843 0.411765 0.415686 0.419608 0.423529 0.427451 0.431373 0.435294 0.439216 0.443137 0.447059 0.450980 0.454902 0.458824 0.462745 0.466667 0.470588 0.474510 0.478431 0.482353 0.486275 0.490196 0.494118 0.498039 0.501961 0.505882 0.509804 0.513725 0.517647 0.521569 0.525490 0.529412 0.533333 0.537255 0.541176 0.545098 0.549020 0.552941 0.556863 0.560784 0.564706 0.568627 0.572549 0.576471 0.580392 0.584314 0.588235 0.592157 0.596078 0.600000 0.603922 0.607843 0.611765 0.615686 0.619608 0.623529 0.627451 0.631373 0.635294 0.639216 0.643137 0.647059 0.650980 0.654902 0.658824 0.662745 0.666667 0.670588 0.674510 0.678431 0.682353 0.686275 0.690196 0.694118 0.698039 0.701961 0.705882 0.709804 0.713725 0.717647 0.721569 0.725490 0.729412 0.733333 0.737255 0.741176 0.745098 0.749020 0.752941 0.756863 0.760784 0.764706 0.768627 0.772549 0.776471 0.780392 0.784314 0.788235 0.792157 0.796078 0.800000 0.803922 0.807843 0.811765 0.815686 0.819608 0.823529 0.827451 0.831373 0.835294 0.839216 0.843137 0.847059 0.850980 0.854902 0.858824 0.862745 0.866667 0.870588 0.874510 0.878431 0.882353 0.886275 0.890196 0.894118 0.898039 0.901961 0.905882 0.909804 0.913725 0.917647 0.921569 0.925490 0.929412 0.933333 0.937255 0.941176 0.945098 0.949020 0.952941 0.956863 0.960784 0.964706 0.968627 0.972549 0.976471 0.980392 0.984314 0.988235 0.992157 0.996078 1.000000))

# end of curves tool settings
