# GIMP curves tool settings

(time 0)
(channel value)
(curve
    (curve-type smooth)
    (n-points 17)
    (points 34 0.000000 0.116981 -1.000000 -1.000000 -1.000000 -1.000000 -1.000000 -1.000000 -1.000000 -1.000000 -1.000000 -1.000000 -1.000000 -1.000000 -1.000000 -1.000000 0.496951 0.316981 -1.000000 -1.000000 -1.000000 -1.000000 -1.000000 -1.000000 -1.000000 -1.000000 -1.000000 -1.000000 -1.000000 -1.000000 -1.000000 -1.000000 1.000000 1.000000)
    (n-samples 256)
    (samples 256 0.116981 0.117617 0.118253 0.118890 0.119529 0.120168 0.120809 0.121453 0.122099 0.122747 0.123399 0.124055 0.124714 0.125377 0.126046 0.126719 0.127397 0.128081 0.128771 0.129467 0.130170 0.130880 0.131597 0.132322 0.133055 0.133797 0.134547 0.135307 0.136076 0.136855 0.137644 0.138444 0.139255 0.140077 0.140910 0.141756 0.142614 0.143484 0.144368 0.145264 0.146175 0.147100 0.148039 0.148993 0.149962 0.150947 0.151947 0.152964 0.153997 0.155047 0.156114 0.157199 0.158302 0.159423 0.160563 0.161722 0.162900 0.164098 0.165316 0.166554 0.167813 0.169094 0.170396 0.171719 0.173065 0.174433 0.175825 0.177239 0.178677 0.180139 0.181625 0.183136 0.184672 0.186233 0.187820 0.189433 0.191073 0.192739 0.194432 0.196153 0.197901 0.199678 0.201483 0.203318 0.205181 0.207074 0.208997 0.210950 0.212933 0.214948 0.216994 0.219072 0.221182 0.223324 0.225499 0.227707 0.229948 0.232224 0.234533 0.236877 0.239256 0.241670 0.244119 0.246605 0.249126 0.251685 0.254280 0.256912 0.259583 0.262291 0.265038 0.267823 0.270648 0.273511 0.276415 0.279359 0.282343 0.285368 0.288435 0.291543 0.294692 0.297885 0.301119 0.304397 0.307718 0.311082 0.314491 0.316981 0.320466 0.323993 0.327564 0.331177 0.334832 0.338529 0.342268 0.346048 0.349868 0.353730 0.357631 0.361572 0.365552 0.369572 0.373631 0.377727 0.381862 0.386035 0.390245 0.394493 0.398777 0.403097 0.407454 0.411846 0.416274 0.420736 0.425234 0.429766 0.434332 0.438931 0.443564 0.448230 0.452928 0.457659 0.462422 0.467217 0.472043 0.476900 0.481787 0.486705 0.491653 0.496630 0.501637 0.506673 0.511737 0.516829 0.521950 0.527098 0.532273 0.537475 0.542704 0.547959 0.553240 0.558547 0.563878 0.569235 0.574616 0.580021 0.585450 0.590903 0.596378 0.601877 0.607398 0.612941 0.618507 0.624093 0.629701 0.635329 0.640978 0.646647 0.652336 0.658044 0.663772 0.669518 0.675283 0.681065 0.686866 0.692684 0.698518 0.704370 0.710238 0.716122 0.722022 0.727937 0.733867 0.739812 0.745771 0.751744 0.757731 0.763731 0.769745 0.775770 0.781809 0.787859 0.793920 0.799994 0.806078 0.812172 0.818277 0.824392 0.830516 0.836650 0.842793 0.848944 0.855103 0.861271 0.867446 0.873628 0.879817 0.886012 0.892214 0.898422 0.904635 0.910853 0.917076 0.923304 0.929536 0.935772 0.942011 0.948253 0.954498 0.960746 0.966995 0.973247 0.979500 0.985754 0.992009 1.000000))
(time 0)
(channel red)
(curve
    (curve-type smooth)
    (n-points 17)
    (points 34 0.000000 0.000000 -1.000000 -1.000000 -1.000000 -1.000000 -1.000000 -1.000000 -1.000000 -1.000000 -1.000000 -1.000000 0.405488 0.483019 -1.000000 -1.000000 -1.000000 -1.000000 -1.000000 -1.000000 -1.000000 -1.000000 -1.000000 -1.000000 -1.000000 -1.000000 -1.000000 -1.000000 -1.000000 -1.000000 -1.000000 -1.000000 1.000000 1.000000)
    (n-samples 256)
    (samples 256 0.000000 0.005046 0.010092 0.015138 0.020183 0.025227 0.030270 0.035312 0.040352 0.045391 0.050428 0.055463 0.060495 0.065525 0.070552 0.075576 0.080597 0.085615 0.090629 0.095639 0.100645 0.105648 0.110645 0.115638 0.120626 0.125610 0.130587 0.135560 0.140527 0.145487 0.150442 0.155391 0.160333 0.165268 0.170196 0.175117 0.180031 0.184937 0.189835 0.194726 0.199608 0.204481 0.209347 0.214203 0.219050 0.223888 0.228717 0.233535 0.238344 0.243143 0.247932 0.252710 0.257477 0.262233 0.266978 0.271712 0.276435 0.281145 0.285843 0.290530 0.295204 0.299865 0.304513 0.309149 0.313771 0.318379 0.322974 0.327555 0.332122 0.336675 0.341213 0.345737 0.350245 0.354738 0.359216 0.363679 0.368125 0.372556 0.376971 0.381369 0.385750 0.390115 0.394462 0.398792 0.403105 0.407400 0.411678 0.415937 0.420178 0.424400 0.428604 0.432788 0.436954 0.441100 0.445227 0.449333 0.453420 0.457487 0.461533 0.465559 0.469564 0.473547 0.477510 0.483019 0.486936 0.490842 0.494738 0.498625 0.502502 0.506369 0.510226 0.514073 0.517911 0.521740 0.525559 0.529368 0.533169 0.536960 0.540742 0.544514 0.548278 0.552033 0.555778 0.559515 0.563243 0.566963 0.570674 0.574376 0.578069 0.581755 0.585431 0.589100 0.592760 0.596412 0.600056 0.603692 0.607320 0.610940 0.614552 0.618157 0.621753 0.625342 0.628924 0.632498 0.636064 0.639623 0.643175 0.646719 0.650257 0.653787 0.657310 0.660826 0.664335 0.667838 0.671333 0.674822 0.678305 0.681780 0.685249 0.688712 0.692168 0.695618 0.699062 0.702500 0.705931 0.709357 0.712776 0.716190 0.719597 0.722999 0.726395 0.729786 0.733171 0.736550 0.739924 0.743293 0.746656 0.750014 0.753367 0.756715 0.760057 0.763395 0.766728 0.770056 0.773379 0.776698 0.780011 0.783321 0.786625 0.789926 0.793222 0.796513 0.799801 0.803084 0.806363 0.809638 0.812909 0.816176 0.819439 0.822699 0.825955 0.829207 0.832455 0.835700 0.838942 0.842180 0.845415 0.848647 0.851875 0.855101 0.858323 0.861542 0.864759 0.867972 0.871183 0.874391 0.877597 0.880800 0.884000 0.887198 0.890394 0.893587 0.896778 0.899967 0.903153 0.906338 0.909521 0.912702 0.915881 0.919058 0.922233 0.925407 0.928579 0.931750 0.934919 0.938087 0.941254 0.944419 0.947584 0.950747 0.953909 0.957070 0.960230 0.963389 0.966548 0.969706 0.972863 0.976020 0.979176 0.982331 0.985487 0.988642 0.991796 0.994951 0.998106 1.000000))
(time 0)
(channel green)
(curve
    (curve-type smooth)
    (n-points 17)
    (points 34 0.000000 0.000000 -1.000000 -1.000000 -1.000000 -1.000000 -1.000000 -1.000000 -1.000000 -1.000000 -1.000000 -1.000000 0.368902 0.418868 -1.000000 -1.000000 -1.000000 -1.000000 -1.000000 -1.000000 -1.000000 -1.000000 -1.000000 -1.000000 -1.000000 -1.000000 -1.000000 -1.000000 -1.000000 -1.000000 -1.000000 -1.000000 1.000000 1.000000)
    (n-samples 256)
    (samples 256 0.000000 0.004718 0.009436 0.014154 0.018871 0.023588 0.028303 0.033018 0.037731 0.042443 0.047153 0.051861 0.056568 0.061272 0.065974 0.070673 0.075370 0.080064 0.084754 0.089442 0.094126 0.098806 0.103483 0.108156 0.112824 0.117489 0.122148 0.126804 0.131454 0.136099 0.140739 0.145373 0.150002 0.154626 0.159243 0.163854 0.168459 0.173057 0.177649 0.182234 0.186811 0.191382 0.195945 0.200501 0.205049 0.209589 0.214121 0.218644 0.223160 0.227666 0.232164 0.236652 0.241132 0.245602 0.250063 0.254514 0.258955 0.263385 0.267806 0.272216 0.276616 0.281005 0.285382 0.289749 0.294104 0.298448 0.302780 0.307100 0.311408 0.315704 0.319987 0.324258 0.328516 0.332761 0.336993 0.341212 0.345417 0.349608 0.353786 0.357949 0.362098 0.366233 0.370354 0.374459 0.378550 0.382625 0.386685 0.390730 0.394759 0.398772 0.402769 0.406750 0.410714 0.414662 0.418868 0.422787 0.426700 0.430607 0.434508 0.438404 0.442295 0.446179 0.450058 0.453932 0.457800 0.461663 0.465520 0.469372 0.473219 0.477061 0.480897 0.484728 0.488554 0.492374 0.496190 0.500000 0.503806 0.507606 0.511402 0.515192 0.518978 0.522759 0.526535 0.530306 0.534072 0.537834 0.541591 0.545344 0.549092 0.552835 0.556574 0.560308 0.564038 0.567763 0.571484 0.575201 0.578913 0.582621 0.586325 0.590025 0.593720 0.597411 0.601099 0.604782 0.608461 0.612136 0.615807 0.619474 0.623138 0.626797 0.630453 0.634105 0.637753 0.641398 0.645039 0.648676 0.652309 0.655940 0.659566 0.663189 0.666809 0.670425 0.674038 0.677647 0.681253 0.684856 0.688456 0.692052 0.695646 0.699236 0.702823 0.706407 0.709988 0.713566 0.717141 0.720713 0.724283 0.727849 0.731413 0.734974 0.738532 0.742087 0.745640 0.749190 0.752738 0.756283 0.759826 0.763366 0.766903 0.770438 0.773971 0.777502 0.781030 0.784556 0.788080 0.791601 0.795120 0.798638 0.802153 0.805666 0.809177 0.812686 0.816193 0.819699 0.823202 0.826704 0.830203 0.833701 0.837198 0.840692 0.844185 0.847677 0.851166 0.854655 0.858141 0.861627 0.865110 0.868593 0.872074 0.875554 0.879032 0.882509 0.885985 0.889460 0.892933 0.896406 0.899877 0.903348 0.906817 0.910285 0.913753 0.917220 0.920685 0.924150 0.927614 0.931078 0.934540 0.938002 0.941464 0.944924 0.948384 0.951844 0.955303 0.958762 0.962220 0.965678 0.969135 0.972592 0.976049 0.979506 0.982962 0.986418 0.989874 0.993330 0.996786 1.000000))
(time 0)
(channel blue)
(curve
    (curve-type smooth)
    (n-points 17)
    (points 34 0.000000 0.000000 -1.000000 -1.000000 -1.000000 -1.000000 -1.000000 -1.000000 -1.000000 -1.000000 -1.000000 -1.000000 -1.000000 -1.000000 -1.000000 -1.000000 0.515244 0.430189 -1.000000 -1.000000 -1.000000 -1.000000 -1.000000 -1.000000 -1.000000 -1.000000 -1.000000 -1.000000 -1.000000 -1.000000 -1.000000 -1.000000 1.000000 1.000000)
    (n-samples 256)
    (samples 256 0.000000 0.002951 0.005901 0.008852 0.011803 0.014755 0.017707 0.020660 0.023614 0.026568 0.029524 0.032481 0.035439 0.038398 0.041359 0.044321 0.047285 0.050251 0.053219 0.056189 0.059161 0.062135 0.065111 0.068090 0.071072 0.074056 0.077043 0.080033 0.083026 0.086023 0.089022 0.092025 0.095031 0.098041 0.101055 0.104072 0.107094 0.110119 0.113149 0.116183 0.119221 0.122264 0.125311 0.128363 0.131420 0.134482 0.137549 0.140621 0.143699 0.146782 0.149870 0.152964 0.156064 0.159169 0.162281 0.165399 0.168522 0.171652 0.174789 0.177932 0.181082 0.184238 0.187401 0.190572 0.193749 0.196934 0.200125 0.203325 0.206532 0.209746 0.212968 0.216198 0.219436 0.222683 0.225937 0.229200 0.232471 0.235751 0.239039 0.242336 0.245642 0.248957 0.252282 0.255615 0.258958 0.262310 0.265672 0.269043 0.272424 0.275815 0.279216 0.282628 0.286049 0.289481 0.292923 0.296376 0.299840 0.303314 0.306799 0.310296 0.313803 0.317322 0.320852 0.324393 0.327946 0.331511 0.335088 0.338676 0.342277 0.345890 0.349515 0.353152 0.356802 0.360464 0.364140 0.367828 0.371529 0.375243 0.378970 0.382710 0.386464 0.390231 0.394012 0.397807 0.401615 0.405438 0.409274 0.413125 0.416990 0.420869 0.424763 0.430189 0.434119 0.438065 0.442028 0.446007 0.450003 0.454014 0.458041 0.462084 0.466143 0.470217 0.474307 0.478411 0.482531 0.486666 0.490815 0.494979 0.499158 0.503351 0.507559 0.511780 0.516016 0.520265 0.524528 0.528805 0.533095 0.537398 0.541715 0.546045 0.550387 0.554743 0.559111 0.563491 0.567884 0.572289 0.576707 0.581136 0.585577 0.590030 0.594494 0.598970 0.603457 0.607955 0.612465 0.616985 0.621516 0.626057 0.630609 0.635172 0.639744 0.644327 0.648920 0.653522 0.658134 0.662756 0.667387 0.672027 0.676676 0.681335 0.686002 0.690678 0.695363 0.700056 0.704757 0.709467 0.714185 0.718910 0.723644 0.728385 0.733133 0.737889 0.742652 0.747422 0.752200 0.756984 0.761774 0.766572 0.771375 0.776185 0.781002 0.785824 0.790652 0.795486 0.800325 0.805170 0.810021 0.814876 0.819737 0.824603 0.829473 0.834348 0.839228 0.844112 0.849000 0.853892 0.858789 0.863689 0.868593 0.873501 0.878412 0.883326 0.888244 0.893164 0.898088 0.903014 0.907943 0.912875 0.917809 0.922745 0.927683 0.932623 0.937565 0.942509 0.947455 0.952401 0.957349 0.962299 0.967249 0.972200 0.977152 0.982104 0.987058 0.992011 0.996964 1.000000))
(time 0)
(channel alpha)
(curve
    (curve-type smooth)
    (n-points 17)
    (points 34 0.000000 0.000000 -1.000000 -1.000000 -1.000000 -1.000000 -1.000000 -1.000000 -1.000000 -1.000000 -1.000000 -1.000000 -1.000000 -1.000000 -1.000000 -1.000000 -1.000000 -1.000000 -1.000000 -1.000000 -1.000000 -1.000000 -1.000000 -1.000000 -1.000000 -1.000000 -1.000000 -1.000000 -1.000000 -1.000000 -1.000000 -1.000000 1.000000 1.000000)
    (n-samples 256)
    (samples 256 0.000000 0.003922 0.007843 0.011765 0.015686 0.019608 0.023529 0.027451 0.031373 0.035294 0.039216 0.043137 0.047059 0.050980 0.054902 0.058824 0.062745 0.066667 0.070588 0.074510 0.078431 0.082353 0.086275 0.090196 0.094118 0.098039 0.101961 0.105882 0.109804 0.113725 0.117647 0.121569 0.125490 0.129412 0.133333 0.137255 0.141176 0.145098 0.149020 0.152941 0.156863 0.160784 0.164706 0.168627 0.172549 0.176471 0.180392 0.184314 0.188235 0.192157 0.196078 0.200000 0.203922 0.207843 0.211765 0.215686 0.219608 0.223529 0.227451 0.231373 0.235294 0.239216 0.243137 0.247059 0.250980 0.254902 0.258824 0.262745 0.266667 0.270588 0.274510 0.278431 0.282353 0.286275 0.290196 0.294118 0.298039 0.301961 0.305882 0.309804 0.313725 0.317647 0.321569 0.325490 0.329412 0.333333 0.337255 0.341176 0.345098 0.349020 0.352941 0.356863 0.360784 0.364706 0.368627 0.372549 0.376471 0.380392 0.384314 0.388235 0.392157 0.396078 0.400000 0.403922 0.407843 0.411765 0.415686 0.419608 0.423529 0.427451 0.431373 0.435294 0.439216 0.443137 0.447059 0.450980 0.454902 0.458824 0.462745 0.466667 0.470588 0.474510 0.478431 0.482353 0.486275 0.490196 0.494118 0.498039 0.501961 0.505882 0.509804 0.513725 0.517647 0.521569 0.525490 0.529412 0.533333 0.537255 0.541176 0.545098 0.549020 0.552941 0.556863 0.560784 0.564706 0.568627 0.572549 0.576471 0.580392 0.584314 0.588235 0.592157 0.596078 0.600000 0.603922 0.607843 0.611765 0.615686 0.619608 0.623529 0.627451 0.631373 0.635294 0.639216 0.643137 0.647059 0.650980 0.654902 0.658824 0.662745 0.666667 0.670588 0.674510 0.678431 0.682353 0.686275 0.690196 0.694118 0.698039 0.701961 0.705882 0.709804 0.713725 0.717647 0.721569 0.725490 0.729412 0.733333 0.737255 0.741176 0.745098 0.749020 0.752941 0.756863 0.760784 0.764706 0.768627 0.772549 0.776471 0.780392 0.784314 0.788235 0.792157 0.796078 0.800000 0.803922 0.807843 0.811765 0.815686 0.819608 0.823529 0.827451 0.831373 0.835294 0.839216 0.843137 0.847059 0.850980 0.854902 0.858824 0.862745 0.866667 0.870588 0.874510 0.878431 0.882353 0.886275 0.890196 0.894118 0.898039 0.901961 0.905882 0.909804 0.913725 0.917647 0.921569 0.925490 0.929412 0.933333 0.937255 0.941176 0.945098 0.949020 0.952941 0.956863 0.960784 0.964706 0.968627 0.972549 0.976471 0.980392 0.984314 0.988235 0.992157 0.996078 1.000000))

# end of curves tool settings
