# GIMP curves tool settings

(time 0)
(channel value)
(curve
    (curve-type smooth)
    (n-points 17)
    (points 34 0.000000 0.000000 -1.000000 -1.000000 0.149390 0.117188 -1.000000 -1.000000 -1.000000 -1.000000 -1.000000 -1.000000 -1.000000 -1.000000 -1.000000 -1.000000 0.524390 0.589844 -1.000000 -1.000000 -1.000000 -1.000000 -1.000000 -1.000000 -1.000000 -1.000000 -1.000000 -1.000000 -1.000000 -1.000000 -1.000000 -1.000000 1.000000 1.000000)
    (n-samples 256)
    (samples 256 0.000000 0.002409 0.004821 0.007239 0.009665 0.012102 0.014552 0.017019 0.019506 0.022015 0.024548 0.027109 0.029701 0.032325 0.034985 0.037684 0.040425 0.043209 0.046041 0.048922 0.051856 0.054844 0.057891 0.060999 0.064169 0.067407 0.070713 0.074090 0.077543 0.081072 0.084682 0.088374 0.092152 0.096019 0.099976 0.104027 0.108175 0.112422 0.117188 0.121619 0.126089 0.130599 0.135146 0.139730 0.144350 0.149004 0.153693 0.158415 0.163169 0.167955 0.172771 0.177616 0.182490 0.187391 0.192319 0.197273 0.202251 0.207254 0.212279 0.217327 0.222396 0.227484 0.232593 0.237719 0.242863 0.248024 0.253200 0.258391 0.263596 0.268813 0.274043 0.279283 0.284534 0.289794 0.295062 0.300337 0.305618 0.310906 0.316197 0.321493 0.326791 0.332091 0.337391 0.342692 0.347992 0.353289 0.358584 0.363876 0.369162 0.374443 0.379718 0.384985 0.390243 0.395493 0.400732 0.405960 0.411176 0.416380 0.421569 0.426743 0.431902 0.437044 0.442169 0.447275 0.452362 0.457428 0.462473 0.467496 0.472496 0.477472 0.482422 0.487347 0.492246 0.497116 0.501958 0.506771 0.511552 0.516303 0.521021 0.525706 0.530357 0.534973 0.539553 0.544095 0.548600 0.553067 0.557493 0.561879 0.566224 0.570526 0.574784 0.578999 0.583168 0.587291 0.589844 0.593905 0.597950 0.601978 0.605989 0.609984 0.613963 0.617925 0.621871 0.625802 0.629716 0.633615 0.637499 0.641367 0.645220 0.649058 0.652881 0.656690 0.660483 0.664262 0.668027 0.671778 0.675514 0.679237 0.682946 0.686641 0.690322 0.693990 0.697646 0.701287 0.704916 0.708533 0.712136 0.715727 0.719305 0.722872 0.726426 0.729968 0.733499 0.737017 0.740524 0.744020 0.747505 0.750978 0.754440 0.757892 0.761333 0.764763 0.768183 0.771592 0.774992 0.778381 0.781761 0.785130 0.788491 0.791841 0.795183 0.798515 0.801839 0.805153 0.808459 0.811756 0.815044 0.818325 0.821597 0.824861 0.828117 0.831365 0.834606 0.837839 0.841065 0.844284 0.847496 0.850701 0.853899 0.857090 0.860275 0.863453 0.866626 0.869792 0.872952 0.876107 0.879256 0.882399 0.885537 0.888670 0.891797 0.894920 0.898038 0.901151 0.904260 0.907364 0.910464 0.913560 0.916652 0.919740 0.922825 0.925906 0.928983 0.932057 0.935129 0.938197 0.941262 0.944325 0.947385 0.950442 0.953497 0.956551 0.959602 0.962651 0.965698 0.968744 0.971789 0.974832 0.977874 0.980915 0.983955 0.986995 0.990034 0.993072 0.996110 1.000000))
(time 0)
(channel red)
(curve
    (curve-type smooth)
    (n-points 17)
    (points 34 0.000000 0.000000 -1.000000 -1.000000 -1.000000 -1.000000 0.179878 0.332031 -1.000000 -1.000000 -1.000000 -1.000000 -1.000000 -1.000000 -1.000000 -1.000000 -1.000000 -1.000000 -1.000000 -1.000000 0.652439 0.644531 -1.000000 -1.000000 -1.000000 -1.000000 -1.000000 -1.000000 -1.000000 -1.000000 -1.000000 -1.000000 1.000000 1.000000)
    (n-samples 256)
    (samples 256 0.000000 0.008920 0.017836 0.026742 0.035633 0.044505 0.053353 0.062173 0.070959 0.079706 0.088411 0.097067 0.105671 0.114217 0.122700 0.131117 0.139461 0.147729 0.155915 0.164015 0.172024 0.179937 0.187749 0.195455 0.203051 0.210532 0.217893 0.225129 0.232236 0.239208 0.246042 0.252731 0.259272 0.265659 0.271887 0.277953 0.283851 0.289576 0.295123 0.300489 0.305667 0.310653 0.315442 0.320030 0.324412 0.328583 0.332031 0.335879 0.339675 0.343421 0.347116 0.350762 0.354359 0.357908 0.361410 0.364866 0.368277 0.371643 0.374965 0.378244 0.381480 0.384675 0.387829 0.390943 0.394017 0.397053 0.400052 0.403013 0.405939 0.408829 0.411684 0.414506 0.417294 0.420050 0.422775 0.425469 0.428133 0.430768 0.433375 0.435954 0.438506 0.441032 0.443532 0.446009 0.448461 0.450891 0.453298 0.455684 0.458050 0.460396 0.462722 0.465030 0.467321 0.469595 0.471853 0.474096 0.476325 0.478540 0.480742 0.482932 0.485111 0.487279 0.489438 0.491587 0.493729 0.495863 0.497990 0.500112 0.502228 0.504340 0.506449 0.508555 0.510659 0.512762 0.514865 0.516967 0.519072 0.521177 0.523286 0.525398 0.527515 0.529636 0.531763 0.533897 0.536039 0.538188 0.540346 0.542514 0.544693 0.546883 0.549085 0.551299 0.553528 0.555770 0.558028 0.560302 0.562592 0.564900 0.567226 0.569572 0.571937 0.574322 0.576729 0.579158 0.581610 0.584086 0.586586 0.589112 0.591664 0.594242 0.596848 0.599482 0.602146 0.604839 0.607563 0.610319 0.613106 0.615927 0.618782 0.621671 0.624596 0.627557 0.630554 0.633590 0.636663 0.639777 0.644531 0.647739 0.650974 0.654236 0.657525 0.660840 0.664182 0.667549 0.670941 0.674359 0.677802 0.681269 0.684760 0.688275 0.691814 0.695376 0.698961 0.702569 0.706199 0.709851 0.713525 0.717220 0.720937 0.724674 0.728431 0.732209 0.736007 0.739824 0.743660 0.747515 0.751389 0.755281 0.759192 0.763119 0.767065 0.771027 0.775006 0.779001 0.783012 0.787040 0.791082 0.795140 0.799213 0.803300 0.807402 0.811517 0.815646 0.819789 0.823944 0.828112 0.832292 0.836485 0.840689 0.844905 0.849131 0.853369 0.857617 0.861875 0.866143 0.870421 0.874707 0.879003 0.883307 0.887620 0.891941 0.896269 0.900605 0.904948 0.909297 0.913653 0.918015 0.922383 0.926757 0.931135 0.935519 0.939907 0.944299 0.948695 0.953095 0.957498 0.961904 0.966313 0.970725 0.975138 0.979553 0.983969 0.988387 0.992806 0.997225 1.000000))
(time 0)
(channel green)
(curve
    (curve-type smooth)
    (n-points 17)
    (points 34 0.000000 0.000000 -1.000000 -1.000000 -1.000000 -1.000000 -1.000000 -1.000000 0.222561 0.160156 -1.000000 -1.000000 -1.000000 -1.000000 -1.000000 -1.000000 -1.000000 -1.000000 -1.000000 -1.000000 0.625000 0.664063 -1.000000 -1.000000 -1.000000 -1.000000 -1.000000 -1.000000 -1.000000 -1.000000 -1.000000 -1.000000 1.000000 1.000000)
    (n-samples 256)
    (samples 256 0.000000 0.002150 0.004301 0.006455 0.008612 0.010774 0.012943 0.015119 0.017304 0.019499 0.021705 0.023924 0.026156 0.028404 0.030668 0.032949 0.035249 0.037570 0.039911 0.042275 0.044663 0.047076 0.049515 0.051982 0.054477 0.057003 0.059560 0.062149 0.064772 0.067431 0.070125 0.072858 0.075629 0.078440 0.081292 0.084187 0.087126 0.090110 0.093141 0.096219 0.099345 0.102522 0.105750 0.109031 0.112366 0.115756 0.119202 0.122706 0.126268 0.129891 0.133575 0.137322 0.141132 0.145008 0.148950 0.152960 0.157039 0.160156 0.164344 0.168573 0.172842 0.177151 0.181499 0.185885 0.190309 0.194769 0.199264 0.203794 0.208359 0.212956 0.217586 0.222248 0.226941 0.231663 0.236415 0.241195 0.246002 0.250837 0.255697 0.260583 0.265493 0.270426 0.275382 0.280361 0.285360 0.290379 0.295418 0.300476 0.305552 0.310645 0.315754 0.320878 0.326017 0.331170 0.336336 0.341515 0.346704 0.351905 0.357115 0.362334 0.367561 0.372796 0.378037 0.383284 0.388536 0.393793 0.399052 0.404314 0.409578 0.414843 0.420108 0.425372 0.430635 0.435895 0.441153 0.446406 0.451655 0.456898 0.462135 0.467365 0.472586 0.477799 0.483003 0.488196 0.493378 0.498547 0.503704 0.508848 0.513977 0.519091 0.524188 0.529269 0.534333 0.539377 0.544403 0.549409 0.554393 0.559356 0.564297 0.569214 0.574107 0.578975 0.583817 0.588633 0.593422 0.598182 0.602913 0.607615 0.612286 0.616926 0.621533 0.626108 0.630649 0.635155 0.639626 0.644060 0.648458 0.652817 0.657138 0.664063 0.668288 0.672490 0.676671 0.680829 0.684966 0.689081 0.693175 0.697247 0.701300 0.705331 0.709342 0.713333 0.717305 0.721256 0.725188 0.729102 0.732996 0.736872 0.740729 0.744568 0.748389 0.752192 0.755978 0.759747 0.763498 0.767233 0.770952 0.774654 0.778340 0.782010 0.785665 0.789304 0.792928 0.796537 0.800132 0.803712 0.807279 0.810831 0.814370 0.817895 0.821407 0.824906 0.828392 0.831866 0.835327 0.838777 0.842215 0.845641 0.849056 0.852460 0.855853 0.859235 0.862607 0.865969 0.869321 0.872664 0.875997 0.879321 0.882636 0.885942 0.889240 0.892530 0.895811 0.899085 0.902351 0.905611 0.908863 0.912108 0.915347 0.918579 0.921805 0.925026 0.928241 0.931450 0.934655 0.937854 0.941049 0.944239 0.947426 0.950608 0.953787 0.956962 0.960134 0.963302 0.966469 0.969632 0.972794 0.975953 0.979110 0.982266 0.985421 0.988574 0.991727 0.994879 0.998030 1.000000))
(time 0)
(channel blue)
(curve
    (curve-type smooth)
    (n-points 17)
    (points 34 0.000000 0.000000 -1.000000 -1.000000 -1.000000 -1.000000 -1.000000 -1.000000 -1.000000 -1.000000 0.338415 0.285156 -1.000000 -1.000000 -1.000000 -1.000000 -1.000000 -1.000000 -1.000000 -1.000000 -1.000000 -1.000000 0.710366 0.550781 -1.000000 -1.000000 -1.000000 -1.000000 -1.000000 -1.000000 -1.000000 -1.000000 1.000000 1.000000)
    (n-samples 256)
    (samples 256 0.000000 0.003436 0.006872 0.010308 0.013744 0.017179 0.020614 0.024048 0.027481 0.030914 0.034345 0.037776 0.041205 0.044633 0.048060 0.051485 0.054909 0.058330 0.061750 0.065169 0.068585 0.071999 0.075410 0.078820 0.082227 0.085631 0.089033 0.092432 0.095828 0.099221 0.102611 0.105998 0.109382 0.112762 0.116139 0.119512 0.122881 0.126247 0.129608 0.132966 0.136319 0.139668 0.143013 0.146353 0.149689 0.153020 0.156347 0.159668 0.162984 0.166296 0.169602 0.172903 0.176198 0.179488 0.182772 0.186050 0.189323 0.192590 0.195850 0.199105 0.202353 0.205595 0.208830 0.212059 0.215281 0.218496 0.221705 0.224906 0.228100 0.231287 0.234467 0.237639 0.240803 0.243960 0.247110 0.250251 0.253384 0.256510 0.259627 0.262736 0.265836 0.268928 0.272012 0.275086 0.278152 0.281209 0.285156 0.288177 0.291158 0.294101 0.297007 0.299877 0.302712 0.305514 0.308283 0.311020 0.313728 0.316405 0.319055 0.321678 0.324275 0.326847 0.329395 0.331921 0.334426 0.336910 0.339375 0.341822 0.344253 0.346667 0.349066 0.351452 0.353826 0.356188 0.358540 0.360883 0.363218 0.365546 0.367868 0.370186 0.372500 0.374812 0.377122 0.379433 0.381744 0.384057 0.386374 0.388695 0.391021 0.393354 0.395694 0.398044 0.400403 0.402773 0.405155 0.407551 0.409961 0.412386 0.414829 0.417288 0.419767 0.422266 0.424786 0.427328 0.429893 0.432483 0.435098 0.437740 0.440410 0.443109 0.445837 0.448597 0.451389 0.454215 0.457075 0.459971 0.462903 0.465873 0.468883 0.471932 0.475023 0.478156 0.481332 0.484553 0.487820 0.491133 0.494495 0.497905 0.501366 0.504878 0.508442 0.512060 0.515732 0.519461 0.523246 0.527089 0.530991 0.534953 0.538977 0.543064 0.547213 0.550781 0.555056 0.559404 0.563826 0.568319 0.572883 0.577517 0.582220 0.586991 0.591829 0.596732 0.601700 0.606732 0.611827 0.616983 0.622201 0.627478 0.632813 0.638207 0.643657 0.649162 0.654723 0.660337 0.666003 0.671721 0.677490 0.683309 0.689176 0.695090 0.701051 0.707058 0.713109 0.719203 0.725340 0.731519 0.737738 0.743996 0.750293 0.756627 0.762997 0.769403 0.775843 0.782317 0.788823 0.795360 0.801928 0.808525 0.815150 0.821802 0.828481 0.835184 0.841912 0.848663 0.855437 0.862231 0.869046 0.875880 0.882732 0.889601 0.896486 0.903386 0.910300 0.917228 0.924167 0.931117 0.938078 0.945047 0.952025 0.959009 0.965999 0.972994 0.979993 0.986995 0.993999 1.000000))
(time 0)
(channel alpha)
(curve
    (curve-type smooth)
    (n-points 17)
    (points 34 0.000000 0.000000 -1.000000 -1.000000 -1.000000 -1.000000 -1.000000 -1.000000 -1.000000 -1.000000 -1.000000 -1.000000 -1.000000 -1.000000 -1.000000 -1.000000 -1.000000 -1.000000 -1.000000 -1.000000 -1.000000 -1.000000 -1.000000 -1.000000 -1.000000 -1.000000 -1.000000 -1.000000 -1.000000 -1.000000 -1.000000 -1.000000 1.000000 1.000000)
    (n-samples 256)
    (samples 256 0.000000 0.003922 0.007843 0.011765 0.015686 0.019608 0.023529 0.027451 0.031373 0.035294 0.039216 0.043137 0.047059 0.050980 0.054902 0.058824 0.062745 0.066667 0.070588 0.074510 0.078431 0.082353 0.086275 0.090196 0.094118 0.098039 0.101961 0.105882 0.109804 0.113725 0.117647 0.121569 0.125490 0.129412 0.133333 0.137255 0.141176 0.145098 0.149020 0.152941 0.156863 0.160784 0.164706 0.168627 0.172549 0.176471 0.180392 0.184314 0.188235 0.192157 0.196078 0.200000 0.203922 0.207843 0.211765 0.215686 0.219608 0.223529 0.227451 0.231373 0.235294 0.239216 0.243137 0.247059 0.250980 0.254902 0.258824 0.262745 0.266667 0.270588 0.274510 0.278431 0.282353 0.286275 0.290196 0.294118 0.298039 0.301961 0.305882 0.309804 0.313725 0.317647 0.321569 0.325490 0.329412 0.333333 0.337255 0.341176 0.345098 0.349020 0.352941 0.356863 0.360784 0.364706 0.368627 0.372549 0.376471 0.380392 0.384314 0.388235 0.392157 0.396078 0.400000 0.403922 0.407843 0.411765 0.415686 0.419608 0.423529 0.427451 0.431373 0.435294 0.439216 0.443137 0.447059 0.450980 0.454902 0.458824 0.462745 0.466667 0.470588 0.474510 0.478431 0.482353 0.486275 0.490196 0.494118 0.498039 0.501961 0.505882 0.509804 0.513725 0.517647 0.521569 0.525490 0.529412 0.533333 0.537255 0.541176 0.545098 0.549020 0.552941 0.556863 0.560784 0.564706 0.568627 0.572549 0.576471 0.580392 0.584314 0.588235 0.592157 0.596078 0.600000 0.603922 0.607843 0.611765 0.615686 0.619608 0.623529 0.627451 0.631373 0.635294 0.639216 0.643137 0.647059 0.650980 0.654902 0.658824 0.662745 0.666667 0.670588 0.674510 0.678431 0.682353 0.686275 0.690196 0.694118 0.698039 0.701961 0.705882 0.709804 0.713725 0.717647 0.721569 0.725490 0.729412 0.733333 0.737255 0.741176 0.745098 0.749020 0.752941 0.756863 0.760784 0.764706 0.768627 0.772549 0.776471 0.780392 0.784314 0.788235 0.792157 0.796078 0.800000 0.803922 0.807843 0.811765 0.815686 0.819608 0.823529 0.827451 0.831373 0.835294 0.839216 0.843137 0.847059 0.850980 0.854902 0.858824 0.862745 0.866667 0.870588 0.874510 0.878431 0.882353 0.886275 0.890196 0.894118 0.898039 0.901961 0.905882 0.909804 0.913725 0.917647 0.921569 0.925490 0.929412 0.933333 0.937255 0.941176 0.945098 0.949020 0.952941 0.956863 0.960784 0.964706 0.968627 0.972549 0.976471 0.980392 0.984314 0.988235 0.992157 0.996078 1.000000))

# end of curves tool settings
