# GIMP curves tool settings

(time 0)
(channel value)
(curve
    (curve-type smooth)
    (n-points 17)
    (points 34 0.000000 0.000000 -1.000000 -1.000000 -1.000000 -1.000000 -1.000000 -1.000000 -1.000000 -1.000000 -1.000000 -1.000000 -1.000000 -1.000000 -1.000000 -1.000000 -1.000000 -1.000000 -1.000000 -1.000000 -1.000000 -1.000000 -1.000000 -1.000000 -1.000000 -1.000000 -1.000000 -1.000000 -1.000000 -1.000000 -1.000000 -1.000000 1.000000 1.000000)
    (n-samples 256)
    (samples 256 0.000000 0.003922 0.007843 0.011765 0.015686 0.019608 0.023529 0.027451 0.031373 0.035294 0.039216 0.043137 0.047059 0.050980 0.054902 0.058824 0.062745 0.066667 0.070588 0.074510 0.078431 0.082353 0.086275 0.090196 0.094118 0.098039 0.101961 0.105882 0.109804 0.113725 0.117647 0.121569 0.125490 0.129412 0.133333 0.137255 0.141176 0.145098 0.149020 0.152941 0.156863 0.160784 0.164706 0.168627 0.172549 0.176471 0.180392 0.184314 0.188235 0.192157 0.196078 0.200000 0.203922 0.207843 0.211765 0.215686 0.219608 0.223529 0.227451 0.231373 0.235294 0.239216 0.243137 0.247059 0.250980 0.254902 0.258824 0.262745 0.266667 0.270588 0.274510 0.278431 0.282353 0.286275 0.290196 0.294118 0.298039 0.301961 0.305882 0.309804 0.313725 0.317647 0.321569 0.325490 0.329412 0.333333 0.337255 0.341176 0.345098 0.349020 0.352941 0.356863 0.360784 0.364706 0.368627 0.372549 0.376471 0.380392 0.384314 0.388235 0.392157 0.396078 0.400000 0.403922 0.407843 0.411765 0.415686 0.419608 0.423529 0.427451 0.431373 0.435294 0.439216 0.443137 0.447059 0.450980 0.454902 0.458824 0.462745 0.466667 0.470588 0.474510 0.478431 0.482353 0.486275 0.490196 0.494118 0.498039 0.501961 0.505882 0.509804 0.513725 0.517647 0.521569 0.525490 0.529412 0.533333 0.537255 0.541176 0.545098 0.549020 0.552941 0.556863 0.560784 0.564706 0.568627 0.572549 0.576471 0.580392 0.584314 0.588235 0.592157 0.596078 0.600000 0.603922 0.607843 0.611765 0.615686 0.619608 0.623529 0.627451 0.631373 0.635294 0.639216 0.643137 0.647059 0.650980 0.654902 0.658824 0.662745 0.666667 0.670588 0.674510 0.678431 0.682353 0.686275 0.690196 0.694118 0.698039 0.701961 0.705882 0.709804 0.713725 0.717647 0.721569 0.725490 0.729412 0.733333 0.737255 0.741176 0.745098 0.749020 0.752941 0.756863 0.760784 0.764706 0.768627 0.772549 0.776471 0.780392 0.784314 0.788235 0.792157 0.796078 0.800000 0.803922 0.807843 0.811765 0.815686 0.819608 0.823529 0.827451 0.831373 0.835294 0.839216 0.843137 0.847059 0.850980 0.854902 0.858824 0.862745 0.866667 0.870588 0.874510 0.878431 0.882353 0.886275 0.890196 0.894118 0.898039 0.901961 0.905882 0.909804 0.913725 0.917647 0.921569 0.925490 0.929412 0.933333 0.937255 0.941176 0.945098 0.949020 0.952941 0.956863 0.960784 0.964706 0.968627 0.972549 0.976471 0.980392 0.984314 0.988235 0.992157 0.996078 1.000000))
(time 0)
(channel red)
(curve
    (curve-type smooth)
    (n-points 17)
    (points 34 0.000000 0.000000 -1.000000 -1.000000 -1.000000 -1.000000 -1.000000 -1.000000 0.246951 0.128302 -1.000000 -1.000000 -1.000000 -1.000000 -1.000000 -1.000000 -1.000000 -1.000000 -1.000000 -1.000000 0.594512 0.660377 -1.000000 -1.000000 -1.000000 -1.000000 -1.000000 -1.000000 -1.000000 -1.000000 -1.000000 -1.000000 1.000000 1.000000)
    (n-samples 256)
    (samples 256 0.000000 0.000878 0.001759 0.002642 0.003531 0.004427 0.005332 0.006247 0.007175 0.008116 0.009074 0.010049 0.011043 0.012058 0.013096 0.014159 0.015247 0.016364 0.017511 0.018690 0.019901 0.021148 0.022432 0.023754 0.025116 0.026521 0.027970 0.029464 0.031005 0.032596 0.034237 0.035931 0.037680 0.039484 0.041347 0.043269 0.045252 0.047299 0.049410 0.051589 0.053835 0.056152 0.058541 0.061003 0.063541 0.066156 0.068849 0.071624 0.074481 0.077422 0.080449 0.083564 0.086769 0.090064 0.093453 0.096936 0.100515 0.104193 0.107971 0.111851 0.115834 0.119922 0.124118 0.128302 0.132711 0.137226 0.141843 0.146560 0.151375 0.156286 0.161289 0.166384 0.171567 0.176836 0.182188 0.187622 0.193135 0.198724 0.204387 0.210122 0.215926 0.221798 0.227734 0.233732 0.239790 0.245905 0.252076 0.258299 0.264573 0.270894 0.277262 0.283672 0.290124 0.296613 0.303139 0.309699 0.316290 0.322910 0.329556 0.336227 0.342919 0.349631 0.356360 0.363104 0.369860 0.376626 0.383399 0.390178 0.396960 0.403742 0.410522 0.417298 0.424067 0.430827 0.437575 0.444310 0.451028 0.457728 0.464407 0.471063 0.477693 0.484295 0.490866 0.497405 0.503908 0.510374 0.516800 0.523184 0.529522 0.535814 0.542056 0.548247 0.554383 0.560462 0.566483 0.572442 0.578337 0.584167 0.589928 0.595618 0.601235 0.606776 0.612239 0.617622 0.622922 0.628137 0.633264 0.638302 0.643247 0.648098 0.652851 0.657506 0.660377 0.664898 0.669384 0.673833 0.678247 0.682626 0.686971 0.691281 0.695558 0.699800 0.704010 0.708186 0.712330 0.716442 0.720522 0.724571 0.728588 0.732575 0.736531 0.740457 0.744354 0.748221 0.752059 0.755868 0.759649 0.763402 0.767128 0.770826 0.774498 0.778142 0.781761 0.785354 0.788921 0.792463 0.795981 0.799474 0.802942 0.806387 0.809809 0.813208 0.816584 0.819938 0.823269 0.826579 0.829868 0.833136 0.836384 0.839611 0.842818 0.846006 0.849174 0.852324 0.855456 0.858569 0.861664 0.864742 0.867804 0.870848 0.873876 0.876888 0.879885 0.882866 0.885832 0.888784 0.891721 0.894645 0.897555 0.900451 0.903336 0.906207 0.909067 0.911914 0.914751 0.917576 0.920390 0.923195 0.925989 0.928773 0.931549 0.934315 0.937073 0.939822 0.942564 0.945298 0.948025 0.950745 0.953458 0.956166 0.958867 0.961563 0.964255 0.966941 0.969623 0.972301 0.974976 0.977647 0.980315 0.982980 0.985644 0.988305 0.990965 0.993624 0.996281 1.000000))
(time 0)
(channel green)
(curve
    (curve-type smooth)
    (n-points 17)
    (points 34 0.000000 0.000000 -1.000000 -1.000000 -1.000000 -1.000000 -1.000000 -1.000000 0.234756 0.120755 -1.000000 -1.000000 -1.000000 -1.000000 -1.000000 -1.000000 -1.000000 -1.000000 -1.000000 -1.000000 0.600610 0.607547 -1.000000 -1.000000 -1.000000 -1.000000 -1.000000 -1.000000 -1.000000 -1.000000 -1.000000 -1.000000 1.000000 1.000000)
    (n-samples 256)
    (samples 256 0.000000 0.001043 0.002087 0.003134 0.004187 0.005246 0.006313 0.007390 0.008478 0.009580 0.010696 0.011828 0.012978 0.014148 0.015340 0.016554 0.017792 0.019057 0.020349 0.021671 0.023024 0.024409 0.025829 0.027284 0.028777 0.030310 0.031883 0.033498 0.035158 0.036863 0.038616 0.040417 0.042270 0.044174 0.046132 0.048146 0.050217 0.052347 0.054537 0.056789 0.059104 0.061485 0.063933 0.066450 0.069037 0.071695 0.074427 0.077234 0.080118 0.083080 0.086122 0.089246 0.092452 0.095744 0.099123 0.102589 0.106145 0.109793 0.113533 0.117369 0.120755 0.124756 0.128825 0.132960 0.137159 0.141422 0.145748 0.150134 0.154579 0.159083 0.163643 0.168259 0.172929 0.177651 0.182425 0.187249 0.192121 0.197040 0.202006 0.207016 0.212069 0.217164 0.222299 0.227474 0.232686 0.237935 0.243219 0.248537 0.253887 0.259268 0.264678 0.270117 0.275583 0.281075 0.286590 0.292129 0.297689 0.303269 0.308869 0.314485 0.320118 0.325766 0.331427 0.337100 0.342783 0.348477 0.354178 0.359885 0.365598 0.371315 0.377035 0.382756 0.388477 0.394196 0.399912 0.405625 0.411331 0.417031 0.422723 0.428405 0.434076 0.439735 0.445380 0.451010 0.456624 0.462220 0.467797 0.473353 0.478888 0.484400 0.489887 0.495349 0.500783 0.506188 0.511564 0.516909 0.522221 0.527499 0.532741 0.537947 0.543116 0.548244 0.553332 0.558378 0.563381 0.568338 0.573250 0.578114 0.582929 0.587694 0.592408 0.597068 0.601675 0.607547 0.612043 0.616520 0.620979 0.625418 0.629840 0.634243 0.638627 0.642994 0.647344 0.651675 0.655990 0.660287 0.664568 0.668831 0.673078 0.677309 0.681523 0.685722 0.689904 0.694071 0.698223 0.702359 0.706480 0.710586 0.714678 0.718755 0.722818 0.726867 0.730901 0.734922 0.738930 0.742924 0.746905 0.750873 0.754828 0.758771 0.762701 0.766619 0.770524 0.774418 0.778301 0.782172 0.786031 0.789879 0.793717 0.797544 0.801360 0.805166 0.808962 0.812747 0.816523 0.820290 0.824047 0.827795 0.831533 0.835263 0.838985 0.842697 0.846402 0.850098 0.853787 0.857468 0.861141 0.864807 0.868466 0.872118 0.875763 0.879402 0.883034 0.886660 0.890280 0.893894 0.897503 0.901106 0.904703 0.908296 0.911884 0.915467 0.919046 0.922620 0.926191 0.929757 0.933320 0.936879 0.940434 0.943987 0.947536 0.951083 0.954627 0.958169 0.961708 0.965246 0.968781 0.972315 0.975848 0.979379 0.982909 0.986438 0.989966 0.993494 0.997021 1.000000))
(time 0)
(channel blue)
(curve
    (curve-type smooth)
    (n-points 17)
    (points 34 0.000000 0.000000 -1.000000 -1.000000 -1.000000 -1.000000 -1.000000 -1.000000 -1.000000 -1.000000 -1.000000 -1.000000 -1.000000 -1.000000 -1.000000 -1.000000 -1.000000 -1.000000 -1.000000 -1.000000 -1.000000 -1.000000 -1.000000 -1.000000 -1.000000 -1.000000 -1.000000 -1.000000 -1.000000 -1.000000 -1.000000 -1.000000 1.000000 1.000000)
    (n-samples 256)
    (samples 256 0.000000 0.003922 0.007843 0.011765 0.015686 0.019608 0.023529 0.027451 0.031373 0.035294 0.039216 0.043137 0.047059 0.050980 0.054902 0.058824 0.062745 0.066667 0.070588 0.074510 0.078431 0.082353 0.086275 0.090196 0.094118 0.098039 0.101961 0.105882 0.109804 0.113725 0.117647 0.121569 0.125490 0.129412 0.133333 0.137255 0.141176 0.145098 0.149020 0.152941 0.156863 0.160784 0.164706 0.168627 0.172549 0.176471 0.180392 0.184314 0.188235 0.192157 0.196078 0.200000 0.203922 0.207843 0.211765 0.215686 0.219608 0.223529 0.227451 0.231373 0.235294 0.239216 0.243137 0.247059 0.250980 0.254902 0.258824 0.262745 0.266667 0.270588 0.274510 0.278431 0.282353 0.286275 0.290196 0.294118 0.298039 0.301961 0.305882 0.309804 0.313725 0.317647 0.321569 0.325490 0.329412 0.333333 0.337255 0.341176 0.345098 0.349020 0.352941 0.356863 0.360784 0.364706 0.368627 0.372549 0.376471 0.380392 0.384314 0.388235 0.392157 0.396078 0.400000 0.403922 0.407843 0.411765 0.415686 0.419608 0.423529 0.427451 0.431373 0.435294 0.439216 0.443137 0.447059 0.450980 0.454902 0.458824 0.462745 0.466667 0.470588 0.474510 0.478431 0.482353 0.486275 0.490196 0.494118 0.498039 0.501961 0.505882 0.509804 0.513725 0.517647 0.521569 0.525490 0.529412 0.533333 0.537255 0.541176 0.545098 0.549020 0.552941 0.556863 0.560784 0.564706 0.568627 0.572549 0.576471 0.580392 0.584314 0.588235 0.592157 0.596078 0.600000 0.603922 0.607843 0.611765 0.615686 0.619608 0.623529 0.627451 0.631373 0.635294 0.639216 0.643137 0.647059 0.650980 0.654902 0.658824 0.662745 0.666667 0.670588 0.674510 0.678431 0.682353 0.686275 0.690196 0.694118 0.698039 0.701961 0.705882 0.709804 0.713725 0.717647 0.721569 0.725490 0.729412 0.733333 0.737255 0.741176 0.745098 0.749020 0.752941 0.756863 0.760784 0.764706 0.768627 0.772549 0.776471 0.780392 0.784314 0.788235 0.792157 0.796078 0.800000 0.803922 0.807843 0.811765 0.815686 0.819608 0.823529 0.827451 0.831373 0.835294 0.839216 0.843137 0.847059 0.850980 0.854902 0.858824 0.862745 0.866667 0.870588 0.874510 0.878431 0.882353 0.886275 0.890196 0.894118 0.898039 0.901961 0.905882 0.909804 0.913725 0.917647 0.921569 0.925490 0.929412 0.933333 0.937255 0.941176 0.945098 0.949020 0.952941 0.956863 0.960784 0.964706 0.968627 0.972549 0.976471 0.980392 0.984314 0.988235 0.992157 0.996078 1.000000))
(time 0)
(channel alpha)
(curve
    (curve-type smooth)
    (n-points 17)
    (points 34 0.000000 0.000000 -1.000000 -1.000000 -1.000000 -1.000000 -1.000000 -1.000000 -1.000000 -1.000000 -1.000000 -1.000000 -1.000000 -1.000000 -1.000000 -1.000000 -1.000000 -1.000000 -1.000000 -1.000000 -1.000000 -1.000000 -1.000000 -1.000000 -1.000000 -1.000000 -1.000000 -1.000000 -1.000000 -1.000000 -1.000000 -1.000000 1.000000 1.000000)
    (n-samples 256)
    (samples 256 0.000000 0.003922 0.007843 0.011765 0.015686 0.019608 0.023529 0.027451 0.031373 0.035294 0.039216 0.043137 0.047059 0.050980 0.054902 0.058824 0.062745 0.066667 0.070588 0.074510 0.078431 0.082353 0.086275 0.090196 0.094118 0.098039 0.101961 0.105882 0.109804 0.113725 0.117647 0.121569 0.125490 0.129412 0.133333 0.137255 0.141176 0.145098 0.149020 0.152941 0.156863 0.160784 0.164706 0.168627 0.172549 0.176471 0.180392 0.184314 0.188235 0.192157 0.196078 0.200000 0.203922 0.207843 0.211765 0.215686 0.219608 0.223529 0.227451 0.231373 0.235294 0.239216 0.243137 0.247059 0.250980 0.254902 0.258824 0.262745 0.266667 0.270588 0.274510 0.278431 0.282353 0.286275 0.290196 0.294118 0.298039 0.301961 0.305882 0.309804 0.313725 0.317647 0.321569 0.325490 0.329412 0.333333 0.337255 0.341176 0.345098 0.349020 0.352941 0.356863 0.360784 0.364706 0.368627 0.372549 0.376471 0.380392 0.384314 0.388235 0.392157 0.396078 0.400000 0.403922 0.407843 0.411765 0.415686 0.419608 0.423529 0.427451 0.431373 0.435294 0.439216 0.443137 0.447059 0.450980 0.454902 0.458824 0.462745 0.466667 0.470588 0.474510 0.478431 0.482353 0.486275 0.490196 0.494118 0.498039 0.501961 0.505882 0.509804 0.513725 0.517647 0.521569 0.525490 0.529412 0.533333 0.537255 0.541176 0.545098 0.549020 0.552941 0.556863 0.560784 0.564706 0.568627 0.572549 0.576471 0.580392 0.584314 0.588235 0.592157 0.596078 0.600000 0.603922 0.607843 0.611765 0.615686 0.619608 0.623529 0.627451 0.631373 0.635294 0.639216 0.643137 0.647059 0.650980 0.654902 0.658824 0.662745 0.666667 0.670588 0.674510 0.678431 0.682353 0.686275 0.690196 0.694118 0.698039 0.701961 0.705882 0.709804 0.713725 0.717647 0.721569 0.725490 0.729412 0.733333 0.737255 0.741176 0.745098 0.749020 0.752941 0.756863 0.760784 0.764706 0.768627 0.772549 0.776471 0.780392 0.784314 0.788235 0.792157 0.796078 0.800000 0.803922 0.807843 0.811765 0.815686 0.819608 0.823529 0.827451 0.831373 0.835294 0.839216 0.843137 0.847059 0.850980 0.854902 0.858824 0.862745 0.866667 0.870588 0.874510 0.878431 0.882353 0.886275 0.890196 0.894118 0.898039 0.901961 0.905882 0.909804 0.913725 0.917647 0.921569 0.925490 0.929412 0.933333 0.937255 0.941176 0.945098 0.949020 0.952941 0.956863 0.960784 0.964706 0.968627 0.972549 0.976471 0.980392 0.984314 0.988235 0.992157 0.996078 1.000000))

# end of curves tool settings
