# GIMP curves tool settings

(time 0)
(channel value)
(curve
    (curve-type smooth)
    (n-points 17)
    (points 34 0.000000 0.000000 -1.000000 -1.000000 -1.000000 -1.000000 -1.000000 -1.000000 -1.000000 -1.000000 -1.000000 -1.000000 0.356707 0.533582 -1.000000 -1.000000 -1.000000 -1.000000 -1.000000 -1.000000 -1.000000 -1.000000 -1.000000 -1.000000 -1.000000 -1.000000 -1.000000 -1.000000 -1.000000 -1.000000 -1.000000 -1.000000 1.000000 0.937500)
    (n-samples 256)
    (samples 256 0.000000 0.006961 0.013921 0.020879 0.027835 0.034788 0.041737 0.048681 0.055620 0.062552 0.069477 0.076394 0.083302 0.090201 0.097090 0.103967 0.110833 0.117685 0.124525 0.131350 0.138160 0.144954 0.151731 0.158491 0.165233 0.171955 0.178658 0.185340 0.192001 0.198639 0.205255 0.211846 0.218413 0.224955 0.231470 0.237959 0.244419 0.250851 0.257254 0.263626 0.269968 0.276278 0.282555 0.288799 0.295008 0.301183 0.307322 0.313425 0.319490 0.325517 0.331505 0.337454 0.343362 0.349228 0.355053 0.360835 0.366573 0.372267 0.377915 0.383517 0.389073 0.394581 0.400040 0.405450 0.410811 0.416120 0.421378 0.426583 0.431735 0.436834 0.441877 0.446865 0.451796 0.456671 0.461487 0.466245 0.470943 0.475580 0.480157 0.484671 0.489123 0.493512 0.497836 0.502095 0.506288 0.510414 0.514473 0.518464 0.522386 0.526237 0.530018 0.533582 0.537247 0.540891 0.544512 0.548112 0.551690 0.555246 0.558781 0.562295 0.565787 0.569259 0.572710 0.576140 0.579549 0.582938 0.586307 0.589656 0.592984 0.596293 0.599582 0.602851 0.606101 0.609331 0.612542 0.615734 0.618907 0.622062 0.625197 0.628314 0.631413 0.634493 0.637555 0.640599 0.643626 0.646634 0.649625 0.652599 0.655555 0.658494 0.661416 0.664321 0.667209 0.670081 0.672936 0.675774 0.678597 0.681403 0.684193 0.686968 0.689726 0.692470 0.695197 0.697910 0.700607 0.703289 0.705957 0.708609 0.711247 0.713871 0.716480 0.719075 0.721656 0.724222 0.726776 0.729315 0.731841 0.734353 0.736852 0.739338 0.741811 0.744272 0.746719 0.749154 0.751576 0.753986 0.756384 0.758770 0.761144 0.763506 0.765856 0.768195 0.770523 0.772839 0.775145 0.777439 0.779722 0.781995 0.784257 0.786509 0.788750 0.790982 0.793203 0.795414 0.797616 0.799808 0.801991 0.804164 0.806328 0.808483 0.810629 0.812766 0.814894 0.817014 0.819126 0.821229 0.823324 0.825411 0.827491 0.829562 0.831626 0.833683 0.835732 0.837774 0.839809 0.841837 0.843859 0.845874 0.847882 0.849884 0.851879 0.853869 0.855852 0.857830 0.859802 0.861768 0.863730 0.865685 0.867636 0.869582 0.871522 0.873458 0.875390 0.877317 0.879239 0.881158 0.883072 0.884982 0.886889 0.888792 0.890691 0.892587 0.894480 0.896369 0.898256 0.900140 0.902021 0.903900 0.905776 0.907649 0.909521 0.911390 0.913258 0.915124 0.916988 0.918851 0.920712 0.922573 0.924432 0.926290 0.928147 0.930004 0.931860 0.933716 0.935571 0.937500))
(time 0)
(channel red)
(curve
    (curve-type smooth)
    (n-points 17)
    (points 34 0.000000 0.000000 -1.000000 -1.000000 -1.000000 -1.000000 0.158537 0.179104 -1.000000 -1.000000 -1.000000 -1.000000 -1.000000 -1.000000 -1.000000 -1.000000 -1.000000 -1.000000 -1.000000 -1.000000 -1.000000 -1.000000 0.658537 0.772388 -1.000000 -1.000000 -1.000000 -1.000000 -1.000000 -1.000000 -1.000000 -1.000000 1.000000 1.000000)
    (n-samples 256)
    (samples 256 0.000000 0.004346 0.008692 0.013038 0.017386 0.021735 0.026085 0.030438 0.034792 0.039149 0.043509 0.047872 0.052238 0.056608 0.060982 0.065360 0.069743 0.074131 0.078524 0.082923 0.087328 0.091739 0.096157 0.100581 0.105012 0.109451 0.113898 0.118353 0.122816 0.127288 0.131769 0.136259 0.140759 0.145269 0.149789 0.154319 0.158861 0.163413 0.167977 0.172553 0.179104 0.183711 0.188332 0.192967 0.197616 0.202278 0.206954 0.211642 0.216342 0.221054 0.225778 0.230514 0.235261 0.240018 0.244786 0.249564 0.254352 0.259149 0.263955 0.268770 0.273594 0.278426 0.283266 0.288113 0.292967 0.297828 0.302696 0.307570 0.312450 0.317335 0.322226 0.327121 0.332021 0.336926 0.341834 0.346746 0.351661 0.356579 0.361500 0.366423 0.371348 0.376275 0.381203 0.386132 0.391061 0.395991 0.400921 0.405851 0.410780 0.415709 0.420636 0.425561 0.430484 0.435405 0.440324 0.445240 0.450152 0.455061 0.459966 0.464867 0.469763 0.474655 0.479541 0.484422 0.489297 0.494166 0.499028 0.503884 0.508732 0.513573 0.518406 0.523232 0.528048 0.532856 0.537655 0.542444 0.547224 0.551994 0.556753 0.561502 0.566239 0.570965 0.575680 0.580383 0.585073 0.589750 0.594415 0.599066 0.603704 0.608327 0.612937 0.617531 0.622111 0.626676 0.631225 0.635758 0.640275 0.644775 0.649259 0.653725 0.658173 0.662604 0.667017 0.671411 0.675786 0.680142 0.684479 0.688796 0.693093 0.697369 0.701624 0.705859 0.710072 0.714263 0.718432 0.722578 0.726702 0.730803 0.734881 0.738934 0.742964 0.746970 0.750950 0.754906 0.758836 0.762741 0.766619 0.770472 0.772388 0.776193 0.779957 0.783679 0.787362 0.791005 0.794608 0.798173 0.801699 0.805187 0.808638 0.812052 0.815429 0.818770 0.822076 0.825347 0.828583 0.831785 0.834954 0.838089 0.841192 0.844263 0.847302 0.850310 0.853287 0.856234 0.859151 0.862038 0.864897 0.867728 0.870531 0.873306 0.876055 0.878777 0.881473 0.884144 0.886790 0.889411 0.892009 0.894582 0.897133 0.899661 0.902167 0.904652 0.907115 0.909558 0.911981 0.914383 0.916767 0.919132 0.921479 0.923807 0.926119 0.928414 0.930692 0.932955 0.935202 0.937434 0.939652 0.941856 0.944046 0.946224 0.948389 0.950542 0.952683 0.954814 0.956933 0.959043 0.961143 0.963234 0.965316 0.967390 0.969457 0.971516 0.973568 0.975614 0.977655 0.979690 0.981720 0.983746 0.985768 0.987786 0.989802 0.991815 0.993826 0.995836 0.997845 1.000000))
(time 0)
(channel green)
(curve
    (curve-type smooth)
    (n-points 17)
    (points 34 0.000000 0.000000 -1.000000 -1.000000 -1.000000 -1.000000 -1.000000 -1.000000 -1.000000 -1.000000 -1.000000 -1.000000 -1.000000 -1.000000 -1.000000 -1.000000 0.481707 0.527344 -1.000000 -1.000000 -1.000000 -1.000000 -1.000000 -1.000000 -1.000000 -1.000000 -1.000000 -1.000000 -1.000000 -1.000000 -1.000000 -1.000000 1.000000 1.000000)
    (n-samples 256)
    (samples 256 0.000000 0.004479 0.008958 0.013436 0.017915 0.022393 0.026870 0.031348 0.035825 0.040301 0.044776 0.049251 0.053725 0.058198 0.062670 0.067141 0.071611 0.076080 0.080548 0.085014 0.089479 0.093942 0.098404 0.102864 0.107322 0.111779 0.116234 0.120687 0.125138 0.129587 0.134033 0.138478 0.142920 0.147360 0.151797 0.156232 0.160664 0.165094 0.169521 0.173945 0.178366 0.182785 0.187200 0.191612 0.196021 0.200427 0.204829 0.209228 0.213624 0.218016 0.222404 0.226789 0.231169 0.235546 0.239920 0.244289 0.248654 0.253015 0.257372 0.261724 0.266072 0.270416 0.274755 0.279089 0.283419 0.287745 0.292065 0.296381 0.300691 0.304997 0.309297 0.313592 0.317882 0.322167 0.326446 0.330720 0.334989 0.339251 0.343508 0.347760 0.352005 0.356245 0.360478 0.364706 0.368927 0.373142 0.377351 0.381553 0.385749 0.389939 0.394122 0.398298 0.402468 0.406631 0.410787 0.414936 0.419078 0.423213 0.427340 0.431461 0.435574 0.439680 0.443778 0.447869 0.451952 0.456028 0.460096 0.464156 0.468208 0.472252 0.476288 0.480315 0.484335 0.488347 0.492350 0.496344 0.500330 0.504308 0.508277 0.512237 0.516188 0.520131 0.524065 0.527344 0.531261 0.535171 0.539073 0.542968 0.546855 0.550734 0.554606 0.558471 0.562328 0.566177 0.570020 0.573855 0.577684 0.581505 0.585319 0.589126 0.592926 0.596720 0.600507 0.604287 0.608060 0.611827 0.615587 0.619341 0.623088 0.626829 0.630564 0.634292 0.638014 0.641731 0.645441 0.649145 0.652843 0.656535 0.660222 0.663902 0.667577 0.671247 0.674910 0.678569 0.682221 0.685869 0.689511 0.693148 0.696779 0.700405 0.704027 0.707643 0.711254 0.714860 0.718462 0.722058 0.725650 0.729237 0.732820 0.736397 0.739971 0.743540 0.747104 0.750665 0.754220 0.757772 0.761320 0.764863 0.768402 0.771938 0.775469 0.778997 0.782521 0.786041 0.789557 0.793070 0.796579 0.800085 0.803587 0.807086 0.810581 0.814074 0.817563 0.821048 0.824531 0.828011 0.831488 0.834962 0.838433 0.841901 0.845366 0.848829 0.852289 0.855747 0.859202 0.862654 0.866105 0.869553 0.872998 0.876442 0.879883 0.883322 0.886760 0.890195 0.893628 0.897060 0.900490 0.903917 0.907344 0.910769 0.914192 0.917613 0.921034 0.924452 0.927870 0.931286 0.934701 0.938115 0.941528 0.944940 0.948351 0.951761 0.955170 0.958578 0.961986 0.965393 0.968799 0.972205 0.975611 0.979016 0.982420 0.985824 0.989228 0.992632 0.996036 1.000000))
(time 0)
(channel blue)
(curve
    (curve-type smooth)
    (n-points 17)
    (points 34 0.000000 0.000000 -1.000000 -1.000000 0.125000 0.175781 -1.000000 -1.000000 -1.000000 -1.000000 -1.000000 -1.000000 -1.000000 -1.000000 -1.000000 -1.000000 -1.000000 -1.000000 -1.000000 -1.000000 -1.000000 -1.000000 0.685976 0.570313 -1.000000 -1.000000 -1.000000 -1.000000 -1.000000 -1.000000 -1.000000 -1.000000 1.000000 1.000000)
    (n-samples 256)
    (samples 256 0.000000 0.006641 0.013275 0.019896 0.026497 0.033071 0.039612 0.046113 0.052567 0.058968 0.065309 0.071584 0.077786 0.083907 0.089942 0.095884 0.101726 0.107462 0.113084 0.118586 0.123962 0.129205 0.134308 0.139265 0.144069 0.148713 0.153190 0.157494 0.161619 0.165557 0.169302 0.172848 0.175781 0.179028 0.182248 0.185442 0.188610 0.191753 0.194870 0.197963 0.201032 0.204077 0.207098 0.210097 0.213073 0.216028 0.218960 0.221871 0.224762 0.227632 0.230482 0.233313 0.236124 0.238917 0.241691 0.244448 0.247187 0.249909 0.252615 0.255304 0.257978 0.260636 0.263280 0.265909 0.268524 0.271125 0.273713 0.276289 0.278851 0.281402 0.283942 0.286470 0.288988 0.291495 0.293993 0.296481 0.298960 0.301430 0.303893 0.306348 0.308795 0.311235 0.313669 0.316097 0.318520 0.320937 0.323349 0.325757 0.328161 0.330562 0.332959 0.335354 0.337746 0.340137 0.342526 0.344914 0.347302 0.349690 0.352078 0.354466 0.356856 0.359247 0.361640 0.364036 0.366434 0.368836 0.371241 0.373650 0.376064 0.378483 0.380907 0.383337 0.385773 0.388216 0.390665 0.393123 0.395588 0.398061 0.400543 0.403034 0.405535 0.408045 0.410567 0.413098 0.415642 0.418196 0.420763 0.423343 0.425935 0.428541 0.431160 0.433794 0.436442 0.439106 0.441784 0.444479 0.447190 0.449918 0.452663 0.455425 0.458206 0.461004 0.463822 0.466659 0.469516 0.472392 0.475290 0.478208 0.481147 0.484109 0.487092 0.490098 0.493128 0.496180 0.499257 0.502358 0.505483 0.508634 0.511811 0.515013 0.518242 0.521498 0.524780 0.528091 0.531430 0.534797 0.538193 0.541619 0.545074 0.548560 0.552076 0.555624 0.559203 0.562813 0.566457 0.570313 0.574038 0.577825 0.581673 0.585581 0.589549 0.593576 0.597660 0.601802 0.606000 0.610254 0.614562 0.618925 0.623341 0.627809 0.632329 0.636900 0.641521 0.646191 0.650910 0.655677 0.660491 0.665351 0.670256 0.675206 0.680200 0.685237 0.690316 0.695437 0.700598 0.705800 0.711040 0.716320 0.721636 0.726990 0.732379 0.737804 0.743263 0.748756 0.754282 0.759840 0.765429 0.771049 0.776699 0.782377 0.788084 0.793819 0.799580 0.805367 0.811179 0.817015 0.822875 0.828757 0.834662 0.840587 0.846534 0.852499 0.858484 0.864486 0.870506 0.876543 0.882595 0.888662 0.894743 0.900837 0.906944 0.913063 0.919193 0.925333 0.931483 0.937641 0.943807 0.949980 0.956160 0.962345 0.968534 0.974728 0.980925 0.987124 0.993325 1.000000))
(time 0)
(channel alpha)
(curve
    (curve-type smooth)
    (n-points 17)
    (points 34 0.000000 0.000000 -1.000000 -1.000000 -1.000000 -1.000000 -1.000000 -1.000000 -1.000000 -1.000000 -1.000000 -1.000000 -1.000000 -1.000000 -1.000000 -1.000000 -1.000000 -1.000000 -1.000000 -1.000000 -1.000000 -1.000000 -1.000000 -1.000000 -1.000000 -1.000000 -1.000000 -1.000000 -1.000000 -1.000000 -1.000000 -1.000000 1.000000 1.000000)
    (n-samples 256)
    (samples 256 0.000000 0.003922 0.007843 0.011765 0.015686 0.019608 0.023529 0.027451 0.031373 0.035294 0.039216 0.043137 0.047059 0.050980 0.054902 0.058824 0.062745 0.066667 0.070588 0.074510 0.078431 0.082353 0.086275 0.090196 0.094118 0.098039 0.101961 0.105882 0.109804 0.113725 0.117647 0.121569 0.125490 0.129412 0.133333 0.137255 0.141176 0.145098 0.149020 0.152941 0.156863 0.160784 0.164706 0.168627 0.172549 0.176471 0.180392 0.184314 0.188235 0.192157 0.196078 0.200000 0.203922 0.207843 0.211765 0.215686 0.219608 0.223529 0.227451 0.231373 0.235294 0.239216 0.243137 0.247059 0.250980 0.254902 0.258824 0.262745 0.266667 0.270588 0.274510 0.278431 0.282353 0.286275 0.290196 0.294118 0.298039 0.301961 0.305882 0.309804 0.313725 0.317647 0.321569 0.325490 0.329412 0.333333 0.337255 0.341176 0.345098 0.349020 0.352941 0.356863 0.360784 0.364706 0.368627 0.372549 0.376471 0.380392 0.384314 0.388235 0.392157 0.396078 0.400000 0.403922 0.407843 0.411765 0.415686 0.419608 0.423529 0.427451 0.431373 0.435294 0.439216 0.443137 0.447059 0.450980 0.454902 0.458824 0.462745 0.466667 0.470588 0.474510 0.478431 0.482353 0.486275 0.490196 0.494118 0.498039 0.501961 0.505882 0.509804 0.513725 0.517647 0.521569 0.525490 0.529412 0.533333 0.537255 0.541176 0.545098 0.549020 0.552941 0.556863 0.560784 0.564706 0.568627 0.572549 0.576471 0.580392 0.584314 0.588235 0.592157 0.596078 0.600000 0.603922 0.607843 0.611765 0.615686 0.619608 0.623529 0.627451 0.631373 0.635294 0.639216 0.643137 0.647059 0.650980 0.654902 0.658824 0.662745 0.666667 0.670588 0.674510 0.678431 0.682353 0.686275 0.690196 0.694118 0.698039 0.701961 0.705882 0.709804 0.713725 0.717647 0.721569 0.725490 0.729412 0.733333 0.737255 0.741176 0.745098 0.749020 0.752941 0.756863 0.760784 0.764706 0.768627 0.772549 0.776471 0.780392 0.784314 0.788235 0.792157 0.796078 0.800000 0.803922 0.807843 0.811765 0.815686 0.819608 0.823529 0.827451 0.831373 0.835294 0.839216 0.843137 0.847059 0.850980 0.854902 0.858824 0.862745 0.866667 0.870588 0.874510 0.878431 0.882353 0.886275 0.890196 0.894118 0.898039 0.901961 0.905882 0.909804 0.913725 0.917647 0.921569 0.925490 0.929412 0.933333 0.937255 0.941176 0.945098 0.949020 0.952941 0.956863 0.960784 0.964706 0.968627 0.972549 0.976471 0.980392 0.984314 0.988235 0.992157 0.996078 1.000000))

# end of curves tool settings
