# GIMP curves tool settings

(time 0)
(channel value)
(curve
    (curve-type smooth)
    (n-points 17)
    (points 34 0.000000 0.000000 -1.000000 -1.000000 -1.000000 -1.000000 -1.000000 -1.000000 -1.000000 -1.000000 0.283537 0.203774 -1.000000 -1.000000 -1.000000 -1.000000 -1.000000 -1.000000 -1.000000 -1.000000 -1.000000 -1.000000 0.664634 0.732075 -1.000000 -1.000000 -1.000000 -1.000000 -1.000000 -1.000000 -1.000000 -1.000000 1.000000 1.000000)
    (n-samples 256)
    (samples 256 0.000000 0.002068 0.004137 0.006207 0.008280 0.010357 0.012438 0.014524 0.016616 0.018715 0.020822 0.022937 0.025062 0.027197 0.029343 0.031502 0.033673 0.035858 0.038058 0.040273 0.042505 0.044754 0.047021 0.049307 0.051612 0.053939 0.056287 0.058657 0.061051 0.063468 0.065911 0.068380 0.070875 0.073398 0.075949 0.078529 0.081140 0.083782 0.086455 0.089162 0.091902 0.094676 0.097486 0.100331 0.103214 0.106135 0.109095 0.112094 0.115134 0.118215 0.121338 0.124504 0.127715 0.130970 0.134270 0.137618 0.141012 0.144455 0.147947 0.151489 0.155082 0.158726 0.162423 0.166173 0.169978 0.173838 0.177754 0.181726 0.185757 0.189846 0.193994 0.198203 0.203774 0.208127 0.212547 0.217033 0.221582 0.226194 0.230868 0.235601 0.240392 0.245240 0.250144 0.255103 0.260114 0.265176 0.270289 0.275450 0.280658 0.285912 0.291211 0.296553 0.301936 0.307360 0.312823 0.318323 0.323859 0.329429 0.335034 0.340670 0.346336 0.352032 0.357755 0.363505 0.369279 0.375077 0.380898 0.386739 0.392599 0.398477 0.404372 0.410282 0.416206 0.422142 0.428089 0.434046 0.440011 0.445983 0.451960 0.457941 0.463925 0.469910 0.475894 0.481878 0.487858 0.493834 0.499804 0.505767 0.511721 0.517666 0.523599 0.529520 0.535426 0.541317 0.547191 0.553047 0.558882 0.564697 0.570490 0.576258 0.582001 0.587718 0.593406 0.599065 0.604694 0.610289 0.615852 0.621379 0.626870 0.632323 0.637736 0.643110 0.648441 0.653728 0.658971 0.664168 0.669317 0.674417 0.679467 0.684465 0.689410 0.694300 0.699134 0.703911 0.708630 0.713288 0.717884 0.722418 0.726887 0.732075 0.736412 0.740706 0.744958 0.749169 0.753339 0.757468 0.761558 0.765608 0.769619 0.773591 0.777526 0.781423 0.785283 0.789107 0.792895 0.796647 0.800364 0.804047 0.807697 0.811312 0.814895 0.818445 0.821963 0.825450 0.828906 0.832332 0.835728 0.839094 0.842431 0.845740 0.849021 0.852275 0.855502 0.858702 0.861876 0.865025 0.868150 0.871249 0.874325 0.877378 0.880407 0.883415 0.886400 0.889364 0.892307 0.895230 0.898133 0.901017 0.903881 0.906728 0.909556 0.912368 0.915162 0.917940 0.920702 0.923449 0.926181 0.928899 0.931602 0.934293 0.936970 0.939636 0.942289 0.944932 0.947563 0.950184 0.952795 0.955397 0.957990 0.960575 0.963152 0.965722 0.968285 0.970842 0.973393 0.975938 0.978479 0.981016 0.983548 0.986078 0.988604 0.991129 0.993652 0.996173 0.998694 1.000000))
(time 0)
(channel red)
(curve
    (curve-type smooth)
    (n-points 17)
    (points 34 0.000000 0.000000 -1.000000 -1.000000 -1.000000 -1.000000 -1.000000 -1.000000 -1.000000 -1.000000 0.320122 0.252830 -1.000000 -1.000000 -1.000000 -1.000000 -1.000000 -1.000000 -1.000000 -1.000000 -1.000000 -1.000000 -1.000000 -1.000000 0.731707 0.792453 -1.000000 -1.000000 -1.000000 -1.000000 -1.000000 -1.000000 1.000000 1.000000)
    (n-samples 256)
    (samples 256 0.000000 0.002522 0.005045 0.007569 0.010095 0.012622 0.015152 0.017685 0.020222 0.022763 0.025309 0.027860 0.030416 0.032979 0.035549 0.038125 0.040710 0.043303 0.045904 0.048515 0.051136 0.053767 0.056409 0.059062 0.061727 0.064405 0.067096 0.069800 0.072518 0.075250 0.077998 0.080761 0.083540 0.086336 0.089148 0.091979 0.094827 0.097695 0.100581 0.103487 0.106413 0.109360 0.112328 0.115318 0.118330 0.121365 0.124423 0.127505 0.130611 0.133742 0.136899 0.140081 0.143290 0.146526 0.149789 0.153080 0.156400 0.159748 0.163126 0.166535 0.169973 0.173443 0.176944 0.180478 0.184044 0.187643 0.191276 0.194943 0.198644 0.202381 0.206154 0.209963 0.213808 0.217691 0.221612 0.225571 0.229569 0.233606 0.237683 0.241800 0.245958 0.250158 0.252830 0.257102 0.261423 0.265792 0.270208 0.274670 0.279178 0.283730 0.288325 0.292962 0.297642 0.302361 0.307120 0.311918 0.316754 0.321626 0.326534 0.331477 0.336454 0.341464 0.346506 0.351580 0.356683 0.361816 0.366977 0.372165 0.377380 0.382620 0.387885 0.393174 0.398485 0.403818 0.409171 0.414545 0.419937 0.425347 0.430775 0.436218 0.441677 0.447150 0.452636 0.458134 0.463644 0.469164 0.474694 0.480233 0.485778 0.491331 0.496890 0.502453 0.508020 0.513590 0.519162 0.524735 0.530308 0.535880 0.541451 0.547019 0.552583 0.558142 0.563696 0.569244 0.574784 0.580316 0.585838 0.591350 0.596851 0.602340 0.607816 0.613278 0.618725 0.624156 0.629570 0.634967 0.640345 0.645703 0.651040 0.656356 0.661650 0.666920 0.672166 0.677386 0.682581 0.687748 0.692887 0.697997 0.703077 0.708126 0.713143 0.718128 0.723079 0.727995 0.732875 0.737719 0.742525 0.747293 0.752021 0.756710 0.761357 0.765961 0.770523 0.775040 0.779513 0.783939 0.788319 0.792453 0.796735 0.800962 0.805134 0.809253 0.813319 0.817334 0.821297 0.825210 0.829074 0.832889 0.836656 0.840376 0.844051 0.847679 0.851264 0.854804 0.858302 0.861758 0.865173 0.868547 0.871881 0.875177 0.878435 0.881655 0.884840 0.887989 0.891103 0.894183 0.897230 0.900245 0.903229 0.906181 0.909105 0.911999 0.914865 0.917704 0.920516 0.923302 0.926064 0.928801 0.931516 0.934208 0.936878 0.939527 0.942157 0.944767 0.947359 0.949934 0.952492 0.955034 0.957561 0.960073 0.962573 0.965059 0.967534 0.969998 0.972452 0.974896 0.977332 0.979760 0.982181 0.984597 0.987007 0.989412 0.991814 0.994213 0.996610 1.000000))
(time 0)
(channel green)
(curve
    (curve-type smooth)
    (n-points 17)
    (points 34 0.000000 0.000000 -1.000000 -1.000000 -1.000000 -1.000000 0.179878 0.264151 -1.000000 -1.000000 -1.000000 -1.000000 -1.000000 -1.000000 -1.000000 -1.000000 -1.000000 -1.000000 -1.000000 -1.000000 -1.000000 -1.000000 -1.000000 -1.000000 0.768293 0.690566 -1.000000 -1.000000 -1.000000 -1.000000 -1.000000 -1.000000 1.000000 1.000000)
    (n-samples 256)
    (samples 256 0.000000 0.006875 0.013747 0.020613 0.027469 0.034313 0.041140 0.047949 0.054735 0.061495 0.068227 0.074927 0.081593 0.088219 0.094805 0.101346 0.107839 0.114281 0.120669 0.126999 0.133269 0.139476 0.145615 0.151684 0.157681 0.163600 0.169440 0.175198 0.180869 0.186451 0.191940 0.197334 0.202630 0.207823 0.212911 0.217891 0.222760 0.227514 0.232150 0.236664 0.241055 0.245318 0.249451 0.253450 0.257312 0.261034 0.264151 0.267662 0.271147 0.274605 0.278036 0.281442 0.284823 0.288178 0.291509 0.294816 0.298098 0.301357 0.304593 0.307806 0.310996 0.314164 0.317311 0.320436 0.323540 0.326623 0.329686 0.332728 0.335752 0.338756 0.341741 0.344707 0.347656 0.350586 0.353499 0.356395 0.359275 0.362138 0.364985 0.367816 0.370632 0.373433 0.376220 0.378993 0.381751 0.384496 0.387229 0.389948 0.392655 0.395350 0.398033 0.400705 0.403366 0.406017 0.408657 0.411288 0.413909 0.416521 0.419124 0.421719 0.424306 0.426885 0.429457 0.432022 0.434580 0.437132 0.439679 0.442220 0.444755 0.447286 0.449813 0.452335 0.454854 0.457370 0.459882 0.462392 0.464900 0.467406 0.469910 0.472413 0.474916 0.477418 0.479920 0.482422 0.484925 0.487429 0.489935 0.492442 0.494951 0.497463 0.499978 0.502496 0.505017 0.507543 0.510072 0.512607 0.515146 0.517691 0.520241 0.522798 0.525361 0.527931 0.530508 0.533093 0.535685 0.538286 0.540896 0.543514 0.546142 0.548780 0.551428 0.554086 0.556755 0.559435 0.562127 0.564831 0.567546 0.570275 0.573017 0.575771 0.578540 0.581323 0.584120 0.586932 0.589759 0.592602 0.595460 0.598335 0.601227 0.604135 0.607061 0.610004 0.612966 0.615946 0.618944 0.621962 0.625000 0.628057 0.631135 0.634233 0.637352 0.640492 0.643654 0.646839 0.650045 0.653275 0.656527 0.659803 0.663103 0.666427 0.669776 0.673150 0.676549 0.679973 0.683424 0.686901 0.690566 0.694128 0.697776 0.701508 0.705323 0.709219 0.713195 0.717250 0.721381 0.725588 0.729869 0.734222 0.738646 0.743140 0.747702 0.752330 0.757024 0.761781 0.766601 0.771481 0.776420 0.781417 0.786470 0.791578 0.796739 0.801952 0.807216 0.812528 0.817887 0.823293 0.828743 0.834236 0.839770 0.845345 0.850958 0.856607 0.862293 0.868013 0.873765 0.879548 0.885361 0.891202 0.897070 0.902963 0.908880 0.914820 0.920779 0.926759 0.932756 0.938769 0.944798 0.950840 0.956893 0.962958 0.969031 0.975112 0.981198 0.987290 0.993384 1.000000))
(time 0)
(channel blue)
(curve
    (curve-type smooth)
    (n-points 17)
    (points 34 0.000000 0.000000 -1.000000 -1.000000 -1.000000 -1.000000 0.179878 0.286792 -1.000000 -1.000000 -1.000000 -1.000000 -1.000000 -1.000000 -1.000000 -1.000000 -1.000000 -1.000000 -1.000000 -1.000000 -1.000000 -1.000000 -1.000000 -1.000000 0.746951 0.622642 -1.000000 -1.000000 -1.000000 -1.000000 -1.000000 -1.000000 1.000000 1.000000)
    (n-samples 256)
    (samples 256 0.000000 0.007743 0.015483 0.023213 0.030931 0.038632 0.046312 0.053966 0.061590 0.069181 0.076733 0.084242 0.091705 0.099117 0.106473 0.113770 0.121003 0.128168 0.135260 0.142276 0.149211 0.156061 0.162822 0.169489 0.176059 0.182526 0.188887 0.195137 0.201273 0.207289 0.213182 0.218947 0.224580 0.230078 0.235435 0.240647 0.245710 0.250621 0.255373 0.259965 0.264390 0.268645 0.272726 0.276628 0.280347 0.283878 0.286792 0.290040 0.293248 0.296416 0.299544 0.302634 0.305685 0.308698 0.311674 0.314614 0.317517 0.320386 0.323219 0.326018 0.328784 0.331517 0.334217 0.336885 0.339522 0.342128 0.344704 0.347251 0.349768 0.352257 0.354719 0.357153 0.359561 0.361942 0.364298 0.366629 0.368936 0.371219 0.373479 0.375717 0.377932 0.380126 0.382299 0.384453 0.386586 0.388700 0.390796 0.392875 0.394935 0.396979 0.399007 0.401020 0.403017 0.405000 0.406970 0.408926 0.410869 0.412801 0.414721 0.416630 0.418529 0.420418 0.422298 0.424169 0.426033 0.427889 0.429738 0.431581 0.433419 0.435251 0.437079 0.438904 0.440725 0.442543 0.444359 0.446173 0.447987 0.449800 0.451614 0.453428 0.455243 0.457061 0.458881 0.460705 0.462532 0.464363 0.466199 0.468041 0.469888 0.471743 0.473604 0.475474 0.477352 0.479238 0.481135 0.483041 0.484958 0.486887 0.488827 0.490780 0.492746 0.494725 0.496719 0.498728 0.500752 0.502792 0.504848 0.506922 0.509013 0.511123 0.513252 0.515400 0.517568 0.519757 0.521967 0.524199 0.526453 0.528730 0.531031 0.533356 0.535705 0.538080 0.540481 0.542909 0.545363 0.547845 0.550356 0.552895 0.555463 0.558062 0.560691 0.563351 0.566043 0.568767 0.571525 0.574315 0.577140 0.580000 0.582894 0.585825 0.588792 0.591795 0.594837 0.597917 0.601035 0.604193 0.607390 0.610628 0.613907 0.617228 0.622642 0.626109 0.629687 0.633375 0.637171 0.641074 0.645081 0.649191 0.653401 0.657712 0.662119 0.666623 0.671220 0.675910 0.680690 0.685559 0.690515 0.695556 0.700681 0.705887 0.711173 0.716538 0.721979 0.727495 0.733083 0.738743 0.744472 0.750269 0.756132 0.762059 0.768048 0.774098 0.780207 0.786373 0.792594 0.798869 0.805196 0.811573 0.817998 0.824470 0.830987 0.837547 0.844148 0.850789 0.857467 0.864182 0.870931 0.877712 0.884524 0.891365 0.898234 0.905128 0.912045 0.918985 0.925945 0.932924 0.939919 0.946929 0.953953 0.960987 0.968032 0.975085 0.982143 0.989206 0.996272 1.000000))
(time 0)
(channel alpha)
(curve
    (curve-type smooth)
    (n-points 17)
    (points 34 0.000000 0.000000 -1.000000 -1.000000 -1.000000 -1.000000 -1.000000 -1.000000 -1.000000 -1.000000 -1.000000 -1.000000 -1.000000 -1.000000 -1.000000 -1.000000 -1.000000 -1.000000 -1.000000 -1.000000 -1.000000 -1.000000 -1.000000 -1.000000 -1.000000 -1.000000 -1.000000 -1.000000 -1.000000 -1.000000 -1.000000 -1.000000 1.000000 1.000000)
    (n-samples 256)
    (samples 256 0.000000 0.003922 0.007843 0.011765 0.015686 0.019608 0.023529 0.027451 0.031373 0.035294 0.039216 0.043137 0.047059 0.050980 0.054902 0.058824 0.062745 0.066667 0.070588 0.074510 0.078431 0.082353 0.086275 0.090196 0.094118 0.098039 0.101961 0.105882 0.109804 0.113725 0.117647 0.121569 0.125490 0.129412 0.133333 0.137255 0.141176 0.145098 0.149020 0.152941 0.156863 0.160784 0.164706 0.168627 0.172549 0.176471 0.180392 0.184314 0.188235 0.192157 0.196078 0.200000 0.203922 0.207843 0.211765 0.215686 0.219608 0.223529 0.227451 0.231373 0.235294 0.239216 0.243137 0.247059 0.250980 0.254902 0.258824 0.262745 0.266667 0.270588 0.274510 0.278431 0.282353 0.286275 0.290196 0.294118 0.298039 0.301961 0.305882 0.309804 0.313725 0.317647 0.321569 0.325490 0.329412 0.333333 0.337255 0.341176 0.345098 0.349020 0.352941 0.356863 0.360784 0.364706 0.368627 0.372549 0.376471 0.380392 0.384314 0.388235 0.392157 0.396078 0.400000 0.403922 0.407843 0.411765 0.415686 0.419608 0.423529 0.427451 0.431373 0.435294 0.439216 0.443137 0.447059 0.450980 0.454902 0.458824 0.462745 0.466667 0.470588 0.474510 0.478431 0.482353 0.486275 0.490196 0.494118 0.498039 0.501961 0.505882 0.509804 0.513725 0.517647 0.521569 0.525490 0.529412 0.533333 0.537255 0.541176 0.545098 0.549020 0.552941 0.556863 0.560784 0.564706 0.568627 0.572549 0.576471 0.580392 0.584314 0.588235 0.592157 0.596078 0.600000 0.603922 0.607843 0.611765 0.615686 0.619608 0.623529 0.627451 0.631373 0.635294 0.639216 0.643137 0.647059 0.650980 0.654902 0.658824 0.662745 0.666667 0.670588 0.674510 0.678431 0.682353 0.686275 0.690196 0.694118 0.698039 0.701961 0.705882 0.709804 0.713725 0.717647 0.721569 0.725490 0.729412 0.733333 0.737255 0.741176 0.745098 0.749020 0.752941 0.756863 0.760784 0.764706 0.768627 0.772549 0.776471 0.780392 0.784314 0.788235 0.792157 0.796078 0.800000 0.803922 0.807843 0.811765 0.815686 0.819608 0.823529 0.827451 0.831373 0.835294 0.839216 0.843137 0.847059 0.850980 0.854902 0.858824 0.862745 0.866667 0.870588 0.874510 0.878431 0.882353 0.886275 0.890196 0.894118 0.898039 0.901961 0.905882 0.909804 0.913725 0.917647 0.921569 0.925490 0.929412 0.933333 0.937255 0.941176 0.945098 0.949020 0.952941 0.956863 0.960784 0.964706 0.968627 0.972549 0.976471 0.980392 0.984314 0.988235 0.992157 0.996078 1.000000))

# end of curves tool settings
