# GIMP curves tool settings

(time 0)
(channel value)
(curve
    (curve-type smooth)
    (n-points 17)
    (points 34 0.000000 0.000000 -1.000000 -1.000000 -1.000000 -1.000000 -1.000000 -1.000000 -1.000000 -1.000000 -1.000000 -1.000000 -1.000000 -1.000000 -1.000000 -1.000000 -1.000000 -1.000000 -1.000000 -1.000000 -1.000000 -1.000000 -1.000000 -1.000000 -1.000000 -1.000000 -1.000000 -1.000000 -1.000000 -1.000000 -1.000000 -1.000000 1.000000 1.000000)
    (n-samples 256)
    (samples 256 0.000000 0.003922 0.007843 0.011765 0.015686 0.019608 0.023529 0.027451 0.031373 0.035294 0.039216 0.043137 0.047059 0.050980 0.054902 0.058824 0.062745 0.066667 0.070588 0.074510 0.078431 0.082353 0.086275 0.090196 0.094118 0.098039 0.101961 0.105882 0.109804 0.113725 0.117647 0.121569 0.125490 0.129412 0.133333 0.137255 0.141176 0.145098 0.149020 0.152941 0.156863 0.160784 0.164706 0.168627 0.172549 0.176471 0.180392 0.184314 0.188235 0.192157 0.196078 0.200000 0.203922 0.207843 0.211765 0.215686 0.219608 0.223529 0.227451 0.231373 0.235294 0.239216 0.243137 0.247059 0.250980 0.254902 0.258824 0.262745 0.266667 0.270588 0.274510 0.278431 0.282353 0.286275 0.290196 0.294118 0.298039 0.301961 0.305882 0.309804 0.313725 0.317647 0.321569 0.325490 0.329412 0.333333 0.337255 0.341176 0.345098 0.349020 0.352941 0.356863 0.360784 0.364706 0.368627 0.372549 0.376471 0.380392 0.384314 0.388235 0.392157 0.396078 0.400000 0.403922 0.407843 0.411765 0.415686 0.419608 0.423529 0.427451 0.431373 0.435294 0.439216 0.443137 0.447059 0.450980 0.454902 0.458824 0.462745 0.466667 0.470588 0.474510 0.478431 0.482353 0.486275 0.490196 0.494118 0.498039 0.501961 0.505882 0.509804 0.513725 0.517647 0.521569 0.525490 0.529412 0.533333 0.537255 0.541176 0.545098 0.549020 0.552941 0.556863 0.560784 0.564706 0.568627 0.572549 0.576471 0.580392 0.584314 0.588235 0.592157 0.596078 0.600000 0.603922 0.607843 0.611765 0.615686 0.619608 0.623529 0.627451 0.631373 0.635294 0.639216 0.643137 0.647059 0.650980 0.654902 0.658824 0.662745 0.666667 0.670588 0.674510 0.678431 0.682353 0.686275 0.690196 0.694118 0.698039 0.701961 0.705882 0.709804 0.713725 0.717647 0.721569 0.725490 0.729412 0.733333 0.737255 0.741176 0.745098 0.749020 0.752941 0.756863 0.760784 0.764706 0.768627 0.772549 0.776471 0.780392 0.784314 0.788235 0.792157 0.796078 0.800000 0.803922 0.807843 0.811765 0.815686 0.819608 0.823529 0.827451 0.831373 0.835294 0.839216 0.843137 0.847059 0.850980 0.854902 0.858824 0.862745 0.866667 0.870588 0.874510 0.878431 0.882353 0.886275 0.890196 0.894118 0.898039 0.901961 0.905882 0.909804 0.913725 0.917647 0.921569 0.925490 0.929412 0.933333 0.937255 0.941176 0.945098 0.949020 0.952941 0.956863 0.960784 0.964706 0.968627 0.972549 0.976471 0.980392 0.984314 0.988235 0.992157 0.996078 1.000000))
(time 0)
(channel red)
(curve
    (curve-type smooth)
    (n-points 17)
    (points 34 0.000000 0.000000 -1.000000 -1.000000 -1.000000 -1.000000 -1.000000 -1.000000 -1.000000 -1.000000 -1.000000 -1.000000 -1.000000 -1.000000 -1.000000 -1.000000 -1.000000 -1.000000 -1.000000 -1.000000 -1.000000 -1.000000 0.668712 0.242188 -1.000000 -1.000000 -1.000000 -1.000000 -1.000000 -1.000000 -1.000000 -1.000000 1.000000 1.000000)
    (n-samples 256)
    (samples 256 0.000000 0.000170 0.000340 0.000510 0.000681 0.000854 0.001027 0.001202 0.001379 0.001558 0.001739 0.001923 0.002110 0.002300 0.002493 0.002690 0.002890 0.003095 0.003304 0.003518 0.003737 0.003961 0.004190 0.004425 0.004666 0.004913 0.005166 0.005427 0.005694 0.005968 0.006250 0.006540 0.006838 0.007143 0.007458 0.007781 0.008113 0.008455 0.008806 0.009167 0.009538 0.009919 0.010311 0.010714 0.011128 0.011553 0.011989 0.012438 0.012899 0.013372 0.013858 0.014357 0.014868 0.015394 0.015933 0.016486 0.017053 0.017634 0.018230 0.018842 0.019468 0.020110 0.020768 0.021441 0.022131 0.022838 0.023561 0.024301 0.025059 0.025834 0.026627 0.027438 0.028267 0.029115 0.029982 0.030867 0.031772 0.032697 0.033642 0.034607 0.035592 0.036598 0.037624 0.038672 0.039741 0.040832 0.041945 0.043080 0.044238 0.045418 0.046621 0.047848 0.049098 0.050371 0.051669 0.052991 0.054338 0.055709 0.057105 0.058527 0.059974 0.061447 0.062945 0.064471 0.066023 0.067601 0.069207 0.070840 0.072501 0.074190 0.075906 0.077652 0.079425 0.081228 0.083060 0.084921 0.086812 0.088733 0.090684 0.092666 0.094678 0.096721 0.098796 0.100902 0.103039 0.105209 0.107411 0.109645 0.111912 0.114213 0.116546 0.118913 0.121314 0.123749 0.126219 0.128722 0.131261 0.133835 0.136444 0.139089 0.141769 0.144486 0.147239 0.150029 0.152856 0.155720 0.158621 0.161560 0.164537 0.167552 0.170605 0.173698 0.176829 0.179999 0.183209 0.186459 0.189749 0.193079 0.196449 0.199860 0.203312 0.206806 0.210341 0.213918 0.217537 0.221198 0.224902 0.228649 0.232439 0.236272 0.240148 0.242188 0.246198 0.250386 0.254749 0.259286 0.263992 0.268868 0.273910 0.279116 0.284485 0.290014 0.295701 0.301544 0.307541 0.313690 0.319988 0.326434 0.333025 0.339759 0.346634 0.353648 0.360799 0.368085 0.375504 0.383053 0.390730 0.398533 0.406461 0.414511 0.422680 0.430967 0.439370 0.447886 0.456514 0.465251 0.474095 0.483044 0.492097 0.501249 0.510501 0.519849 0.529291 0.538826 0.548451 0.558163 0.567962 0.577845 0.587809 0.597853 0.607974 0.618170 0.628440 0.638781 0.649190 0.659667 0.670208 0.680811 0.691476 0.702198 0.712977 0.723809 0.734694 0.745629 0.756611 0.767639 0.778710 0.789823 0.800974 0.812163 0.823387 0.834644 0.845931 0.857248 0.868590 0.879957 0.891346 0.902756 0.914183 0.925626 0.937083 0.948551 0.960029 0.971515 0.983006 1.000000))
(time 0)
(channel green)
(curve
    (curve-type smooth)
    (n-points 17)
    (points 34 0.000000 0.000000 -1.000000 -1.000000 -1.000000 -1.000000 -1.000000 -1.000000 -1.000000 -1.000000 -1.000000 -1.000000 0.404908 0.515625 -1.000000 -1.000000 -1.000000 -1.000000 -1.000000 -1.000000 -1.000000 -1.000000 -1.000000 -1.000000 -1.000000 -1.000000 -1.000000 -1.000000 -1.000000 -1.000000 -1.000000 -1.000000 1.000000 1.000000)
    (n-samples 256)
    (samples 256 0.000000 0.005530 0.011060 0.016589 0.022117 0.027644 0.033169 0.038693 0.044214 0.049734 0.055250 0.060763 0.066273 0.071780 0.077282 0.082781 0.088274 0.093763 0.099247 0.104726 0.110198 0.115665 0.121125 0.126579 0.132025 0.137465 0.142897 0.148321 0.153737 0.159144 0.164543 0.169933 0.175313 0.180683 0.186044 0.191395 0.196734 0.202063 0.207381 0.212688 0.217982 0.223265 0.228535 0.233793 0.239037 0.244268 0.249486 0.254690 0.259879 0.265054 0.270215 0.275360 0.280490 0.285604 0.290702 0.295784 0.300849 0.305898 0.310929 0.315943 0.320938 0.325916 0.330876 0.335816 0.340738 0.345640 0.350523 0.355386 0.360228 0.365050 0.369852 0.374632 0.379391 0.384128 0.388842 0.393535 0.398205 0.402852 0.407476 0.412076 0.416653 0.421205 0.425733 0.430236 0.434714 0.439167 0.443594 0.447995 0.452370 0.456718 0.461040 0.465334 0.469601 0.473840 0.478051 0.482234 0.486388 0.490513 0.494608 0.498675 0.502711 0.506717 0.510693 0.515625 0.519539 0.523439 0.527325 0.531197 0.535055 0.538898 0.542728 0.546544 0.550346 0.554135 0.557911 0.561673 0.565421 0.569157 0.572879 0.576589 0.580285 0.583969 0.587640 0.591298 0.594944 0.598578 0.602199 0.605808 0.609404 0.612989 0.616562 0.620122 0.623672 0.627209 0.630735 0.634249 0.637752 0.641244 0.644724 0.648194 0.651652 0.655100 0.658536 0.661962 0.665378 0.668783 0.672177 0.675561 0.678935 0.682299 0.685652 0.688996 0.692330 0.695654 0.698968 0.702273 0.705568 0.708854 0.712131 0.715398 0.718656 0.721906 0.725146 0.728378 0.731601 0.734815 0.738021 0.741218 0.744407 0.747587 0.750760 0.753925 0.757081 0.760230 0.763371 0.766504 0.769629 0.772748 0.775858 0.778962 0.782058 0.785147 0.788229 0.791305 0.794373 0.797435 0.800490 0.803538 0.806580 0.809616 0.812646 0.815669 0.818686 0.821698 0.824703 0.827703 0.830697 0.833685 0.836668 0.839646 0.842618 0.845585 0.848547 0.851504 0.854456 0.857403 0.860345 0.863283 0.866216 0.869145 0.872070 0.874990 0.877906 0.880818 0.883726 0.886630 0.889530 0.892427 0.895320 0.898210 0.901096 0.903979 0.906859 0.909735 0.912609 0.915479 0.918347 0.921212 0.924075 0.926935 0.929792 0.932647 0.935500 0.938351 0.941199 0.944046 0.946891 0.949734 0.952575 0.955415 0.958253 0.961090 0.963925 0.966760 0.969593 0.972425 0.975256 0.978087 0.980916 0.983745 0.986574 0.989402 0.992229 0.995057 0.997884 1.000000))
(time 0)
(channel blue)
(curve
    (curve-type smooth)
    (n-points 17)
    (points 34 0.000000 0.000000 -1.000000 -1.000000 -1.000000 -1.000000 -1.000000 -1.000000 -1.000000 -1.000000 -1.000000 -1.000000 -1.000000 -1.000000 -1.000000 -1.000000 -1.000000 -1.000000 -1.000000 -1.000000 -1.000000 -1.000000 -1.000000 -1.000000 -1.000000 -1.000000 -1.000000 -1.000000 -1.000000 -1.000000 -1.000000 -1.000000 1.000000 1.000000)
    (n-samples 256)
    (samples 256 0.000000 0.003922 0.007843 0.011765 0.015686 0.019608 0.023529 0.027451 0.031373 0.035294 0.039216 0.043137 0.047059 0.050980 0.054902 0.058824 0.062745 0.066667 0.070588 0.074510 0.078431 0.082353 0.086275 0.090196 0.094118 0.098039 0.101961 0.105882 0.109804 0.113725 0.117647 0.121569 0.125490 0.129412 0.133333 0.137255 0.141176 0.145098 0.149020 0.152941 0.156863 0.160784 0.164706 0.168627 0.172549 0.176471 0.180392 0.184314 0.188235 0.192157 0.196078 0.200000 0.203922 0.207843 0.211765 0.215686 0.219608 0.223529 0.227451 0.231373 0.235294 0.239216 0.243137 0.247059 0.250980 0.254902 0.258824 0.262745 0.266667 0.270588 0.274510 0.278431 0.282353 0.286275 0.290196 0.294118 0.298039 0.301961 0.305882 0.309804 0.313725 0.317647 0.321569 0.325490 0.329412 0.333333 0.337255 0.341176 0.345098 0.349020 0.352941 0.356863 0.360784 0.364706 0.368627 0.372549 0.376471 0.380392 0.384314 0.388235 0.392157 0.396078 0.400000 0.403922 0.407843 0.411765 0.415686 0.419608 0.423529 0.427451 0.431373 0.435294 0.439216 0.443137 0.447059 0.450980 0.454902 0.458824 0.462745 0.466667 0.470588 0.474510 0.478431 0.482353 0.486275 0.490196 0.494118 0.498039 0.501961 0.505882 0.509804 0.513725 0.517647 0.521569 0.525490 0.529412 0.533333 0.537255 0.541176 0.545098 0.549020 0.552941 0.556863 0.560784 0.564706 0.568627 0.572549 0.576471 0.580392 0.584314 0.588235 0.592157 0.596078 0.600000 0.603922 0.607843 0.611765 0.615686 0.619608 0.623529 0.627451 0.631373 0.635294 0.639216 0.643137 0.647059 0.650980 0.654902 0.658824 0.662745 0.666667 0.670588 0.674510 0.678431 0.682353 0.686275 0.690196 0.694118 0.698039 0.701961 0.705882 0.709804 0.713725 0.717647 0.721569 0.725490 0.729412 0.733333 0.737255 0.741176 0.745098 0.749020 0.752941 0.756863 0.760784 0.764706 0.768627 0.772549 0.776471 0.780392 0.784314 0.788235 0.792157 0.796078 0.800000 0.803922 0.807843 0.811765 0.815686 0.819608 0.823529 0.827451 0.831373 0.835294 0.839216 0.843137 0.847059 0.850980 0.854902 0.858824 0.862745 0.866667 0.870588 0.874510 0.878431 0.882353 0.886275 0.890196 0.894118 0.898039 0.901961 0.905882 0.909804 0.913725 0.917647 0.921569 0.925490 0.929412 0.933333 0.937255 0.941176 0.945098 0.949020 0.952941 0.956863 0.960784 0.964706 0.968627 0.972549 0.976471 0.980392 0.984314 0.988235 0.992157 0.996078 1.000000))
(time 0)
(channel alpha)
(curve
    (curve-type smooth)
    (n-points 17)
    (points 34 0.000000 0.000000 -1.000000 -1.000000 -1.000000 -1.000000 -1.000000 -1.000000 -1.000000 -1.000000 -1.000000 -1.000000 -1.000000 -1.000000 -1.000000 -1.000000 -1.000000 -1.000000 -1.000000 -1.000000 -1.000000 -1.000000 -1.000000 -1.000000 -1.000000 -1.000000 -1.000000 -1.000000 -1.000000 -1.000000 -1.000000 -1.000000 1.000000 1.000000)
    (n-samples 256)
    (samples 256 0.000000 0.003922 0.007843 0.011765 0.015686 0.019608 0.023529 0.027451 0.031373 0.035294 0.039216 0.043137 0.047059 0.050980 0.054902 0.058824 0.062745 0.066667 0.070588 0.074510 0.078431 0.082353 0.086275 0.090196 0.094118 0.098039 0.101961 0.105882 0.109804 0.113725 0.117647 0.121569 0.125490 0.129412 0.133333 0.137255 0.141176 0.145098 0.149020 0.152941 0.156863 0.160784 0.164706 0.168627 0.172549 0.176471 0.180392 0.184314 0.188235 0.192157 0.196078 0.200000 0.203922 0.207843 0.211765 0.215686 0.219608 0.223529 0.227451 0.231373 0.235294 0.239216 0.243137 0.247059 0.250980 0.254902 0.258824 0.262745 0.266667 0.270588 0.274510 0.278431 0.282353 0.286275 0.290196 0.294118 0.298039 0.301961 0.305882 0.309804 0.313725 0.317647 0.321569 0.325490 0.329412 0.333333 0.337255 0.341176 0.345098 0.349020 0.352941 0.356863 0.360784 0.364706 0.368627 0.372549 0.376471 0.380392 0.384314 0.388235 0.392157 0.396078 0.400000 0.403922 0.407843 0.411765 0.415686 0.419608 0.423529 0.427451 0.431373 0.435294 0.439216 0.443137 0.447059 0.450980 0.454902 0.458824 0.462745 0.466667 0.470588 0.474510 0.478431 0.482353 0.486275 0.490196 0.494118 0.498039 0.501961 0.505882 0.509804 0.513725 0.517647 0.521569 0.525490 0.529412 0.533333 0.537255 0.541176 0.545098 0.549020 0.552941 0.556863 0.560784 0.564706 0.568627 0.572549 0.576471 0.580392 0.584314 0.588235 0.592157 0.596078 0.600000 0.603922 0.607843 0.611765 0.615686 0.619608 0.623529 0.627451 0.631373 0.635294 0.639216 0.643137 0.647059 0.650980 0.654902 0.658824 0.662745 0.666667 0.670588 0.674510 0.678431 0.682353 0.686275 0.690196 0.694118 0.698039 0.701961 0.705882 0.709804 0.713725 0.717647 0.721569 0.725490 0.729412 0.733333 0.737255 0.741176 0.745098 0.749020 0.752941 0.756863 0.760784 0.764706 0.768627 0.772549 0.776471 0.780392 0.784314 0.788235 0.792157 0.796078 0.800000 0.803922 0.807843 0.811765 0.815686 0.819608 0.823529 0.827451 0.831373 0.835294 0.839216 0.843137 0.847059 0.850980 0.854902 0.858824 0.862745 0.866667 0.870588 0.874510 0.878431 0.882353 0.886275 0.890196 0.894118 0.898039 0.901961 0.905882 0.909804 0.913725 0.917647 0.921569 0.925490 0.929412 0.933333 0.937255 0.941176 0.945098 0.949020 0.952941 0.956863 0.960784 0.964706 0.968627 0.972549 0.976471 0.980392 0.984314 0.988235 0.992157 0.996078 1.000000))

# end of curves tool settings
