# GIMP curves tool settings

(time 0)
(channel value)
(curve
    (curve-type smooth)
    (n-points 17)
    (points 34 0.000000 0.000000 -1.000000 -1.000000 -1.000000 -1.000000 -1.000000 -1.000000 -1.000000 -1.000000 -1.000000 -1.000000 -1.000000 -1.000000 -1.000000 -1.000000 -1.000000 -1.000000 -1.000000 -1.000000 -1.000000 -1.000000 -1.000000 -1.000000 -1.000000 -1.000000 -1.000000 -1.000000 -1.000000 -1.000000 -1.000000 -1.000000 1.000000 1.000000)
    (n-samples 256)
    (samples 256 0.000000 0.003922 0.007843 0.011765 0.015686 0.019608 0.023529 0.027451 0.031373 0.035294 0.039216 0.043137 0.047059 0.050980 0.054902 0.058824 0.062745 0.066667 0.070588 0.074510 0.078431 0.082353 0.086275 0.090196 0.094118 0.098039 0.101961 0.105882 0.109804 0.113725 0.117647 0.121569 0.125490 0.129412 0.133333 0.137255 0.141176 0.145098 0.149020 0.152941 0.156863 0.160784 0.164706 0.168627 0.172549 0.176471 0.180392 0.184314 0.188235 0.192157 0.196078 0.200000 0.203922 0.207843 0.211765 0.215686 0.219608 0.223529 0.227451 0.231373 0.235294 0.239216 0.243137 0.247059 0.250980 0.254902 0.258824 0.262745 0.266667 0.270588 0.274510 0.278431 0.282353 0.286275 0.290196 0.294118 0.298039 0.301961 0.305882 0.309804 0.313725 0.317647 0.321569 0.325490 0.329412 0.333333 0.337255 0.341176 0.345098 0.349020 0.352941 0.356863 0.360784 0.364706 0.368627 0.372549 0.376471 0.380392 0.384314 0.388235 0.392157 0.396078 0.400000 0.403922 0.407843 0.411765 0.415686 0.419608 0.423529 0.427451 0.431373 0.435294 0.439216 0.443137 0.447059 0.450980 0.454902 0.458824 0.462745 0.466667 0.470588 0.474510 0.478431 0.482353 0.486275 0.490196 0.494118 0.498039 0.501961 0.505882 0.509804 0.513725 0.517647 0.521569 0.525490 0.529412 0.533333 0.537255 0.541176 0.545098 0.549020 0.552941 0.556863 0.560784 0.564706 0.568627 0.572549 0.576471 0.580392 0.584314 0.588235 0.592157 0.596078 0.600000 0.603922 0.607843 0.611765 0.615686 0.619608 0.623529 0.627451 0.631373 0.635294 0.639216 0.643137 0.647059 0.650980 0.654902 0.658824 0.662745 0.666667 0.670588 0.674510 0.678431 0.682353 0.686275 0.690196 0.694118 0.698039 0.701961 0.705882 0.709804 0.713725 0.717647 0.721569 0.725490 0.729412 0.733333 0.737255 0.741176 0.745098 0.749020 0.752941 0.756863 0.760784 0.764706 0.768627 0.772549 0.776471 0.780392 0.784314 0.788235 0.792157 0.796078 0.800000 0.803922 0.807843 0.811765 0.815686 0.819608 0.823529 0.827451 0.831373 0.835294 0.839216 0.843137 0.847059 0.850980 0.854902 0.858824 0.862745 0.866667 0.870588 0.874510 0.878431 0.882353 0.886275 0.890196 0.894118 0.898039 0.901961 0.905882 0.909804 0.913725 0.917647 0.921569 0.925490 0.929412 0.933333 0.937255 0.941176 0.945098 0.949020 0.952941 0.956863 0.960784 0.964706 0.968627 0.972549 0.976471 0.980392 0.984314 0.988235 0.992157 0.996078 1.000000))
(time 0)
(channel red)
(curve
    (curve-type smooth)
    (n-points 17)
    (points 34 0.000000 0.000000 -1.000000 -1.000000 -1.000000 -1.000000 -1.000000 -1.000000 -1.000000 -1.000000 -1.000000 -1.000000 0.374233 0.500000 -1.000000 -1.000000 -1.000000 -1.000000 -1.000000 -1.000000 -1.000000 -1.000000 -1.000000 -1.000000 -1.000000 -1.000000 -1.000000 -1.000000 -1.000000 -1.000000 -1.000000 -1.000000 1.000000 1.000000)
    (n-samples 256)
    (samples 256 0.000000 0.005898 0.011796 0.017693 0.023589 0.029483 0.035375 0.041264 0.047150 0.053033 0.058912 0.064786 0.070656 0.076521 0.082379 0.088232 0.094078 0.099918 0.105750 0.111574 0.117390 0.123197 0.128995 0.134783 0.140562 0.146330 0.152087 0.157833 0.163567 0.169290 0.174999 0.180696 0.186379 0.192048 0.197702 0.203343 0.208967 0.214577 0.220170 0.225746 0.231306 0.236848 0.242373 0.247879 0.253367 0.258835 0.264284 0.269714 0.275122 0.280510 0.285876 0.291221 0.296544 0.301844 0.307121 0.312375 0.317605 0.322810 0.327991 0.333146 0.338276 0.343380 0.348457 0.353508 0.358531 0.363526 0.368493 0.373432 0.378341 0.383221 0.388071 0.392890 0.397679 0.402436 0.407162 0.411856 0.416517 0.421145 0.425739 0.430300 0.434826 0.439318 0.443775 0.448196 0.452581 0.456929 0.461241 0.465515 0.469751 0.473949 0.478109 0.482229 0.486310 0.490352 0.494352 0.500000 0.503914 0.507814 0.511698 0.515569 0.519425 0.523266 0.527093 0.530906 0.534705 0.538490 0.542261 0.546019 0.549762 0.553492 0.557209 0.560912 0.564602 0.568278 0.571941 0.575592 0.579229 0.582853 0.586465 0.590064 0.593650 0.597224 0.600786 0.604335 0.607872 0.611397 0.614910 0.618411 0.621900 0.625377 0.628843 0.632297 0.635739 0.639170 0.642590 0.645999 0.649397 0.652783 0.656159 0.659524 0.662878 0.666221 0.669554 0.672877 0.676189 0.679491 0.682783 0.686064 0.689336 0.692597 0.695849 0.699092 0.702324 0.705547 0.708761 0.711965 0.715160 0.718346 0.721523 0.724691 0.727850 0.731000 0.734141 0.737274 0.740399 0.743515 0.746623 0.749722 0.752813 0.755897 0.758972 0.762039 0.765099 0.768151 0.771196 0.774233 0.777262 0.780285 0.783300 0.786308 0.789309 0.792303 0.795290 0.798271 0.801245 0.804212 0.807173 0.810127 0.813075 0.816017 0.818953 0.821883 0.824807 0.827725 0.830638 0.833545 0.836446 0.839342 0.842233 0.845118 0.847998 0.850873 0.853743 0.856609 0.859469 0.862325 0.865176 0.868022 0.870865 0.873703 0.876536 0.879366 0.882191 0.885013 0.887830 0.890644 0.893454 0.896261 0.899064 0.901864 0.904660 0.907454 0.910244 0.913031 0.915815 0.918596 0.921375 0.924151 0.926924 0.929695 0.932464 0.935230 0.937994 0.940756 0.943516 0.946274 0.949030 0.951784 0.954537 0.957289 0.960039 0.962787 0.965534 0.968280 0.971025 0.973770 0.976513 0.979255 0.981997 0.984738 0.987478 0.990218 0.992958 0.995698 0.998437 1.000000))
(time 0)
(channel green)
(curve
    (curve-type smooth)
    (n-points 17)
    (points 34 0.000000 0.000000 -1.000000 -1.000000 -1.000000 -1.000000 -1.000000 -1.000000 -1.000000 -1.000000 -1.000000 -1.000000 0.404908 0.542969 -1.000000 -1.000000 -1.000000 -1.000000 -1.000000 -1.000000 -1.000000 -1.000000 -1.000000 -1.000000 -1.000000 -1.000000 -1.000000 -1.000000 -1.000000 -1.000000 -1.000000 -1.000000 1.000000 1.000000)
    (n-samples 256)
    (samples 256 0.000000 0.005927 0.011854 0.017780 0.023705 0.029628 0.035550 0.041469 0.047386 0.053300 0.059210 0.065116 0.071019 0.076917 0.082810 0.088697 0.094579 0.100455 0.106325 0.112188 0.118044 0.123892 0.129732 0.135564 0.141387 0.147202 0.153007 0.158802 0.164587 0.170361 0.176125 0.181877 0.187618 0.193346 0.199062 0.204765 0.210456 0.216132 0.221795 0.227443 0.233077 0.238696 0.244299 0.249886 0.255458 0.261012 0.266550 0.272070 0.277573 0.283058 0.288524 0.293972 0.299400 0.304809 0.310197 0.315566 0.320914 0.326240 0.331545 0.336829 0.342090 0.347329 0.352544 0.357737 0.362905 0.368050 0.373170 0.378265 0.383335 0.388380 0.393398 0.398390 0.403356 0.408294 0.413205 0.418088 0.422943 0.427769 0.432567 0.437334 0.442073 0.446781 0.451458 0.456105 0.460721 0.465304 0.469856 0.474376 0.478863 0.483317 0.487737 0.492123 0.496475 0.500793 0.505075 0.509322 0.513534 0.517709 0.521848 0.525950 0.530014 0.534041 0.538030 0.542969 0.546881 0.550776 0.554653 0.558512 0.562354 0.566179 0.569986 0.573776 0.577549 0.581305 0.585044 0.588767 0.592473 0.596162 0.599835 0.603493 0.607133 0.610758 0.614368 0.617961 0.621539 0.625101 0.628648 0.632179 0.635696 0.639197 0.642684 0.646156 0.649613 0.653055 0.656483 0.659897 0.663297 0.666682 0.670054 0.673412 0.676756 0.680086 0.683403 0.686707 0.689997 0.693274 0.696538 0.699790 0.703028 0.706254 0.709468 0.712668 0.715857 0.719034 0.722198 0.725350 0.728491 0.731620 0.734737 0.737843 0.740938 0.744021 0.747093 0.750154 0.753205 0.756244 0.759273 0.762292 0.765300 0.768297 0.771285 0.774262 0.777230 0.780188 0.783136 0.786074 0.789004 0.791923 0.794834 0.797735 0.800628 0.803511 0.806386 0.809252 0.812110 0.814959 0.817800 0.820633 0.823458 0.826275 0.829084 0.831886 0.834680 0.837466 0.840245 0.843017 0.845782 0.848540 0.851291 0.854036 0.856774 0.859505 0.862230 0.864948 0.867661 0.870367 0.873068 0.875763 0.878452 0.881136 0.883814 0.886487 0.889155 0.891817 0.894475 0.897128 0.899776 0.902420 0.905059 0.907693 0.910324 0.912950 0.915573 0.918191 0.920806 0.923417 0.926025 0.928629 0.931230 0.933827 0.936422 0.939014 0.941603 0.944189 0.946772 0.949354 0.951932 0.954509 0.957084 0.959656 0.962227 0.964796 0.967363 0.969929 0.972493 0.975056 0.977618 0.980179 0.982739 0.985298 0.987857 0.990415 0.992972 0.995529 0.998086 1.000000))
(time 0)
(channel blue)
(curve
    (curve-type smooth)
    (n-points 17)
    (points 34 0.000000 0.000000 -1.000000 -1.000000 -1.000000 -1.000000 -1.000000 -1.000000 -1.000000 -1.000000 -1.000000 -1.000000 -1.000000 -1.000000 -1.000000 -1.000000 -1.000000 -1.000000 0.573620 0.382812 -1.000000 -1.000000 -1.000000 -1.000000 -1.000000 -1.000000 -1.000000 -1.000000 -1.000000 -1.000000 -1.000000 -1.000000 1.000000 1.000000)
    (n-samples 256)
    (samples 256 0.000000 0.001965 0.003930 0.005895 0.007861 0.009828 0.011796 0.013765 0.015735 0.017706 0.019679 0.021654 0.023631 0.025610 0.027592 0.029576 0.031563 0.033553 0.035546 0.037542 0.039541 0.041545 0.043552 0.045563 0.047579 0.049598 0.051623 0.053652 0.055686 0.057725 0.059769 0.061819 0.063875 0.065937 0.068004 0.070078 0.072158 0.074245 0.076338 0.078439 0.080546 0.082661 0.084783 0.086914 0.089051 0.091197 0.093352 0.095514 0.097686 0.099866 0.102055 0.104253 0.106460 0.108677 0.110904 0.113140 0.115387 0.117644 0.119911 0.122189 0.124477 0.126777 0.129088 0.131410 0.133744 0.136089 0.138446 0.140815 0.143197 0.145591 0.147998 0.150417 0.152849 0.155295 0.157754 0.160226 0.162713 0.165213 0.167727 0.170255 0.172798 0.175356 0.177928 0.180515 0.183118 0.185736 0.188369 0.191018 0.193683 0.196365 0.199062 0.201776 0.204507 0.207254 0.210018 0.212800 0.215599 0.218415 0.221250 0.224102 0.226972 0.229861 0.232768 0.235693 0.238638 0.241601 0.244584 0.247586 0.250608 0.253650 0.256711 0.259793 0.262894 0.266017 0.269160 0.272324 0.275508 0.278715 0.281942 0.285191 0.288462 0.291755 0.295070 0.298407 0.301767 0.305149 0.308554 0.311983 0.315434 0.318909 0.322408 0.325930 0.329476 0.333047 0.336642 0.340261 0.343905 0.347574 0.351268 0.354987 0.358731 0.362502 0.366297 0.370119 0.373968 0.377842 0.382812 0.386758 0.390752 0.394793 0.398881 0.403016 0.407197 0.411424 0.415697 0.420014 0.424375 0.428780 0.433229 0.437721 0.442256 0.446833 0.451452 0.456111 0.460812 0.465553 0.470334 0.475155 0.480015 0.484913 0.489850 0.494824 0.499835 0.504884 0.509968 0.515089 0.520245 0.525437 0.530662 0.535923 0.541216 0.546543 0.551903 0.557296 0.562720 0.568175 0.573662 0.579180 0.584727 0.590304 0.595911 0.601546 0.607210 0.612902 0.618621 0.624367 0.630140 0.635939 0.641764 0.647614 0.653488 0.659388 0.665311 0.671257 0.677227 0.683219 0.689233 0.695269 0.701327 0.707405 0.713503 0.719621 0.725759 0.731916 0.738092 0.744285 0.750496 0.756725 0.762970 0.769232 0.775510 0.781803 0.788111 0.794433 0.800770 0.807121 0.813484 0.819861 0.826250 0.832651 0.839063 0.845486 0.851920 0.858364 0.864817 0.871280 0.877752 0.884232 0.890720 0.897215 0.903717 0.910226 0.916741 0.923262 0.929787 0.936318 0.942853 0.949392 0.955934 0.962480 0.969027 0.975577 0.982129 0.988682 0.995235 1.000000))
(time 0)
(channel alpha)
(curve
    (curve-type smooth)
    (n-points 17)
    (points 34 0.000000 0.000000 -1.000000 -1.000000 -1.000000 -1.000000 -1.000000 -1.000000 -1.000000 -1.000000 -1.000000 -1.000000 -1.000000 -1.000000 -1.000000 -1.000000 -1.000000 -1.000000 -1.000000 -1.000000 -1.000000 -1.000000 -1.000000 -1.000000 -1.000000 -1.000000 -1.000000 -1.000000 -1.000000 -1.000000 -1.000000 -1.000000 1.000000 1.000000)
    (n-samples 256)
    (samples 256 0.000000 0.003922 0.007843 0.011765 0.015686 0.019608 0.023529 0.027451 0.031373 0.035294 0.039216 0.043137 0.047059 0.050980 0.054902 0.058824 0.062745 0.066667 0.070588 0.074510 0.078431 0.082353 0.086275 0.090196 0.094118 0.098039 0.101961 0.105882 0.109804 0.113725 0.117647 0.121569 0.125490 0.129412 0.133333 0.137255 0.141176 0.145098 0.149020 0.152941 0.156863 0.160784 0.164706 0.168627 0.172549 0.176471 0.180392 0.184314 0.188235 0.192157 0.196078 0.200000 0.203922 0.207843 0.211765 0.215686 0.219608 0.223529 0.227451 0.231373 0.235294 0.239216 0.243137 0.247059 0.250980 0.254902 0.258824 0.262745 0.266667 0.270588 0.274510 0.278431 0.282353 0.286275 0.290196 0.294118 0.298039 0.301961 0.305882 0.309804 0.313725 0.317647 0.321569 0.325490 0.329412 0.333333 0.337255 0.341176 0.345098 0.349020 0.352941 0.356863 0.360784 0.364706 0.368627 0.372549 0.376471 0.380392 0.384314 0.388235 0.392157 0.396078 0.400000 0.403922 0.407843 0.411765 0.415686 0.419608 0.423529 0.427451 0.431373 0.435294 0.439216 0.443137 0.447059 0.450980 0.454902 0.458824 0.462745 0.466667 0.470588 0.474510 0.478431 0.482353 0.486275 0.490196 0.494118 0.498039 0.501961 0.505882 0.509804 0.513725 0.517647 0.521569 0.525490 0.529412 0.533333 0.537255 0.541176 0.545098 0.549020 0.552941 0.556863 0.560784 0.564706 0.568627 0.572549 0.576471 0.580392 0.584314 0.588235 0.592157 0.596078 0.600000 0.603922 0.607843 0.611765 0.615686 0.619608 0.623529 0.627451 0.631373 0.635294 0.639216 0.643137 0.647059 0.650980 0.654902 0.658824 0.662745 0.666667 0.670588 0.674510 0.678431 0.682353 0.686275 0.690196 0.694118 0.698039 0.701961 0.705882 0.709804 0.713725 0.717647 0.721569 0.725490 0.729412 0.733333 0.737255 0.741176 0.745098 0.749020 0.752941 0.756863 0.760784 0.764706 0.768627 0.772549 0.776471 0.780392 0.784314 0.788235 0.792157 0.796078 0.800000 0.803922 0.807843 0.811765 0.815686 0.819608 0.823529 0.827451 0.831373 0.835294 0.839216 0.843137 0.847059 0.850980 0.854902 0.858824 0.862745 0.866667 0.870588 0.874510 0.878431 0.882353 0.886275 0.890196 0.894118 0.898039 0.901961 0.905882 0.909804 0.913725 0.917647 0.921569 0.925490 0.929412 0.933333 0.937255 0.941176 0.945098 0.949020 0.952941 0.956863 0.960784 0.964706 0.968627 0.972549 0.976471 0.980392 0.984314 0.988235 0.992157 0.996078 1.000000))

# end of curves tool settings
