# GIMP curves tool settings

(time 0)
(channel value)
(curve
    (curve-type smooth)
    (n-points 17)
    (points 34 0.000000 0.000000 -1.000000 -1.000000 0.106707 0.239544 0.192073 0.235741 0.234756 0.277567 0.283537 0.258555 0.365854 0.315589 -1.000000 -1.000000 -1.000000 -1.000000 -1.000000 -1.000000 0.606707 0.714829 -1.000000 -1.000000 -1.000000 -1.000000 -1.000000 -1.000000 -1.000000 -1.000000 -1.000000 -1.000000 0.981707 1.000000)
    (n-samples 256)
    (samples 256 0.000000 0.010796 0.021575 0.032323 0.043022 0.053656 0.064209 0.074665 0.085009 0.095222 0.105291 0.115197 0.124926 0.134461 0.143785 0.152883 0.161739 0.170336 0.178658 0.186689 0.194413 0.201814 0.208875 0.215580 0.221914 0.227859 0.233401 0.239544 0.243850 0.247198 0.249666 0.251334 0.252284 0.252594 0.252346 0.251619 0.250493 0.249049 0.247366 0.245525 0.243606 0.241688 0.239853 0.238180 0.236748 0.235640 0.234933 0.234710 0.235049 0.235741 0.237614 0.240717 0.244770 0.249490 0.254598 0.259814 0.264855 0.269442 0.273294 0.276130 0.277567 0.277961 0.277321 0.275848 0.273741 0.271203 0.268433 0.265631 0.262999 0.260736 0.259044 0.258124 0.258555 0.259712 0.260917 0.262189 0.263544 0.264999 0.266570 0.268275 0.270131 0.272154 0.274362 0.276771 0.279397 0.282259 0.285373 0.288756 0.292424 0.296394 0.300684 0.305311 0.310290 0.315589 0.321192 0.326921 0.332774 0.338744 0.344827 0.351017 0.357311 0.363702 0.370187 0.376759 0.383415 0.390149 0.396956 0.403831 0.410770 0.417767 0.424818 0.431917 0.439060 0.446241 0.453457 0.460700 0.467968 0.475255 0.482555 0.489865 0.497179 0.504492 0.511799 0.519095 0.526375 0.533635 0.540870 0.548074 0.555242 0.562370 0.569453 0.576485 0.583463 0.590380 0.597232 0.604014 0.610720 0.617348 0.623890 0.630342 0.636700 0.642958 0.649111 0.655155 0.661084 0.666894 0.672580 0.678136 0.683558 0.688841 0.693979 0.698969 0.703805 0.708481 0.712994 0.714829 0.719166 0.723459 0.727711 0.731921 0.736089 0.740217 0.744304 0.748351 0.752359 0.756327 0.760257 0.764148 0.768002 0.771819 0.775598 0.779342 0.783049 0.786721 0.790358 0.793960 0.797528 0.801062 0.804563 0.808032 0.811468 0.814872 0.818245 0.821586 0.824898 0.828179 0.831430 0.834653 0.837846 0.841012 0.844149 0.847259 0.850343 0.853399 0.856430 0.859435 0.862416 0.865371 0.868302 0.871210 0.874094 0.876955 0.879794 0.882611 0.885407 0.888181 0.890935 0.893669 0.896383 0.899077 0.901753 0.904411 0.907051 0.909673 0.912278 0.914867 0.917440 0.919997 0.922539 0.925066 0.927579 0.930078 0.932563 0.935036 0.937497 0.939945 0.942382 0.944807 0.947222 0.949627 0.952022 0.954407 0.956784 0.959153 0.961513 0.963866 0.966212 0.968551 0.970884 0.973212 0.975534 0.977851 0.980164 0.982473 0.984779 0.987082 0.989382 0.991680 0.993976 0.996272 1.000000 1.000000 1.000000 1.000000 1.000000 1.000000))
(time 0)
(channel red)
(curve
    (curve-type smooth)
    (n-points 17)
    (points 34 0.000000 0.000000 -1.000000 -1.000000 0.155488 0.000000 -1.000000 -1.000000 -1.000000 -1.000000 -1.000000 -1.000000 -1.000000 -1.000000 -1.000000 -1.000000 -1.000000 -1.000000 -1.000000 -1.000000 -1.000000 -1.000000 0.692073 0.703422 -1.000000 -1.000000 -1.000000 -1.000000 -1.000000 -1.000000 -1.000000 -1.000000 1.000000 1.000000)
    (n-samples 256)
    (samples 256 0.000000 0.000000 0.000000 0.000000 0.000000 0.000000 0.000000 0.000000 0.000000 0.000000 0.000000 0.000000 0.000000 0.000000 0.000000 0.000000 0.000000 0.000000 0.000000 0.000000 0.000000 0.000000 0.000000 0.000000 0.000000 0.000000 0.000000 0.000000 0.000000 0.000000 0.000000 0.000000 0.000000 0.000000 0.000000 0.000000 0.000000 0.000000 0.000000 0.000000 0.000000 0.004006 0.008053 0.012140 0.016266 0.020431 0.024635 0.028876 0.033155 0.037470 0.041822 0.046210 0.050632 0.055090 0.059581 0.064107 0.068665 0.073256 0.077878 0.082533 0.087218 0.091934 0.096680 0.101455 0.106259 0.111091 0.115951 0.120838 0.125752 0.130693 0.135658 0.140650 0.145665 0.150705 0.155768 0.160855 0.165964 0.171094 0.176247 0.181420 0.186614 0.191827 0.197060 0.202311 0.207581 0.212869 0.218173 0.223495 0.228832 0.234186 0.239554 0.244937 0.250334 0.255744 0.261167 0.266603 0.272051 0.277510 0.282980 0.288460 0.293950 0.299449 0.304957 0.310474 0.315998 0.321529 0.327066 0.332610 0.338159 0.343714 0.349272 0.354835 0.360401 0.365971 0.371542 0.377115 0.382690 0.388266 0.393841 0.399417 0.404992 0.410565 0.416136 0.421705 0.427272 0.432834 0.438393 0.443947 0.449497 0.455040 0.460578 0.466109 0.471633 0.477149 0.482657 0.488156 0.493646 0.499126 0.504596 0.510054 0.515502 0.520938 0.526361 0.531771 0.537167 0.542550 0.547918 0.553271 0.558608 0.563930 0.569234 0.574521 0.579791 0.585042 0.590275 0.595488 0.600681 0.605854 0.611006 0.616137 0.621245 0.626331 0.631394 0.636434 0.641449 0.646440 0.651405 0.656345 0.661259 0.666146 0.671005 0.675837 0.680640 0.685415 0.690160 0.694876 0.703422 0.708049 0.712644 0.717206 0.721736 0.726235 0.730703 0.735140 0.739547 0.743925 0.748273 0.752592 0.756883 0.761146 0.765381 0.769588 0.773770 0.777924 0.782053 0.786156 0.790235 0.794288 0.798317 0.802323 0.806305 0.810264 0.814200 0.818114 0.822007 0.825878 0.829729 0.833559 0.837369 0.841159 0.844930 0.848682 0.852416 0.856132 0.859831 0.863512 0.867177 0.870826 0.874458 0.878076 0.881678 0.885266 0.888839 0.892399 0.895946 0.899480 0.903001 0.906510 0.910008 0.913495 0.916970 0.920436 0.923891 0.927337 0.930774 0.934203 0.937623 0.941035 0.944440 0.947838 0.951229 0.954614 0.957994 0.961368 0.964737 0.968102 0.971463 0.974821 0.978175 0.981526 0.984875 0.988222 0.991568 0.994913 0.998257 1.000000))
(time 0)
(channel green)
(curve
    (curve-type smooth)
    (n-points 17)
    (points 34 0.000000 0.000000 -1.000000 -1.000000 -1.000000 -1.000000 -1.000000 -1.000000 -1.000000 -1.000000 -1.000000 -1.000000 -1.000000 -1.000000 -1.000000 -1.000000 -1.000000 -1.000000 -1.000000 -1.000000 -1.000000 -1.000000 -1.000000 -1.000000 -1.000000 -1.000000 -1.000000 -1.000000 -1.000000 -1.000000 -1.000000 -1.000000 1.000000 1.000000)
    (n-samples 256)
    (samples 256 0.000000 0.003922 0.007843 0.011765 0.015686 0.019608 0.023529 0.027451 0.031373 0.035294 0.039216 0.043137 0.047059 0.050980 0.054902 0.058824 0.062745 0.066667 0.070588 0.074510 0.078431 0.082353 0.086275 0.090196 0.094118 0.098039 0.101961 0.105882 0.109804 0.113725 0.117647 0.121569 0.125490 0.129412 0.133333 0.137255 0.141176 0.145098 0.149020 0.152941 0.156863 0.160784 0.164706 0.168627 0.172549 0.176471 0.180392 0.184314 0.188235 0.192157 0.196078 0.200000 0.203922 0.207843 0.211765 0.215686 0.219608 0.223529 0.227451 0.231373 0.235294 0.239216 0.243137 0.247059 0.250980 0.254902 0.258824 0.262745 0.266667 0.270588 0.274510 0.278431 0.282353 0.286275 0.290196 0.294118 0.298039 0.301961 0.305882 0.309804 0.313725 0.317647 0.321569 0.325490 0.329412 0.333333 0.337255 0.341176 0.345098 0.349020 0.352941 0.356863 0.360784 0.364706 0.368627 0.372549 0.376471 0.380392 0.384314 0.388235 0.392157 0.396078 0.400000 0.403922 0.407843 0.411765 0.415686 0.419608 0.423529 0.427451 0.431373 0.435294 0.439216 0.443137 0.447059 0.450980 0.454902 0.458824 0.462745 0.466667 0.470588 0.474510 0.478431 0.482353 0.486275 0.490196 0.494118 0.498039 0.501961 0.505882 0.509804 0.513725 0.517647 0.521569 0.525490 0.529412 0.533333 0.537255 0.541176 0.545098 0.549020 0.552941 0.556863 0.560784 0.564706 0.568627 0.572549 0.576471 0.580392 0.584314 0.588235 0.592157 0.596078 0.600000 0.603922 0.607843 0.611765 0.615686 0.619608 0.623529 0.627451 0.631373 0.635294 0.639216 0.643137 0.647059 0.650980 0.654902 0.658824 0.662745 0.666667 0.670588 0.674510 0.678431 0.682353 0.686275 0.690196 0.694118 0.698039 0.701961 0.705882 0.709804 0.713725 0.717647 0.721569 0.725490 0.729412 0.733333 0.737255 0.741176 0.745098 0.749020 0.752941 0.756863 0.760784 0.764706 0.768627 0.772549 0.776471 0.780392 0.784314 0.788235 0.792157 0.796078 0.800000 0.803922 0.807843 0.811765 0.815686 0.819608 0.823529 0.827451 0.831373 0.835294 0.839216 0.843137 0.847059 0.850980 0.854902 0.858824 0.862745 0.866667 0.870588 0.874510 0.878431 0.882353 0.886275 0.890196 0.894118 0.898039 0.901961 0.905882 0.909804 0.913725 0.917647 0.921569 0.925490 0.929412 0.933333 0.937255 0.941176 0.945098 0.949020 0.952941 0.956863 0.960784 0.964706 0.968627 0.972549 0.976471 0.980392 0.984314 0.988235 0.992157 0.996078 1.000000))
(time 0)
(channel blue)
(curve
    (curve-type smooth)
    (n-points 17)
    (points 34 0.000000 0.000000 -1.000000 -1.000000 0.155488 0.205323 -1.000000 -1.000000 -1.000000 -1.000000 -1.000000 -1.000000 -1.000000 -1.000000 -1.000000 -1.000000 -1.000000 -1.000000 0.557927 0.589354 -1.000000 -1.000000 -1.000000 -1.000000 -1.000000 -1.000000 0.817073 0.863118 -1.000000 -1.000000 -1.000000 -1.000000 1.000000 1.000000)
    (n-samples 256)
    (samples 256 0.000000 0.005696 0.011390 0.017081 0.022765 0.028441 0.034108 0.039762 0.045403 0.051028 0.056635 0.062223 0.067788 0.073330 0.078846 0.084335 0.089794 0.095221 0.100615 0.105973 0.111293 0.116574 0.121814 0.127010 0.132160 0.137263 0.142317 0.147319 0.152268 0.157161 0.161998 0.166774 0.171490 0.176142 0.180729 0.185249 0.189700 0.194079 0.198386 0.202617 0.205323 0.209456 0.213571 0.217668 0.221747 0.225809 0.229854 0.233881 0.237893 0.241888 0.245868 0.249832 0.253781 0.257715 0.261634 0.265539 0.269431 0.273309 0.277173 0.281025 0.284864 0.288690 0.292505 0.296308 0.300100 0.303880 0.307650 0.311409 0.315159 0.318898 0.322629 0.326350 0.330062 0.333765 0.337461 0.341149 0.344829 0.348501 0.352167 0.355827 0.359480 0.363127 0.366768 0.370404 0.374036 0.377662 0.381284 0.384902 0.388516 0.392127 0.395735 0.399340 0.402942 0.406542 0.410141 0.413738 0.417334 0.420928 0.424523 0.428117 0.431711 0.435305 0.438901 0.442497 0.446095 0.449694 0.453295 0.456898 0.460505 0.464114 0.467726 0.471342 0.474961 0.478585 0.482214 0.485847 0.489485 0.493129 0.496779 0.500435 0.504097 0.507766 0.511442 0.515125 0.518816 0.522515 0.526223 0.529939 0.533664 0.537398 0.541142 0.544895 0.548659 0.552434 0.556219 0.560016 0.563824 0.567644 0.571476 0.575320 0.579177 0.583048 0.589354 0.593267 0.597210 0.601181 0.605178 0.609201 0.613249 0.617321 0.621415 0.625532 0.629668 0.633825 0.638000 0.642193 0.646402 0.650627 0.654867 0.659120 0.663385 0.667662 0.671950 0.676247 0.680552 0.684865 0.689184 0.693508 0.697837 0.702169 0.706504 0.710840 0.715176 0.719511 0.723844 0.728175 0.732502 0.736823 0.741139 0.745449 0.749750 0.754042 0.758324 0.762596 0.766855 0.771101 0.775333 0.779551 0.783752 0.787935 0.792101 0.796248 0.800374 0.804479 0.808562 0.812622 0.816658 0.820668 0.824652 0.828608 0.832536 0.836435 0.840303 0.844140 0.847945 0.851716 0.855452 0.859153 0.863118 0.866738 0.870314 0.873846 0.877335 0.880783 0.884190 0.887557 0.890886 0.894177 0.897431 0.900649 0.903833 0.906982 0.910099 0.913184 0.916238 0.919262 0.922257 0.925225 0.928165 0.931079 0.933968 0.936833 0.939675 0.942495 0.945294 0.948072 0.950831 0.953573 0.956297 0.959004 0.961697 0.964375 0.967039 0.969692 0.972333 0.974963 0.977585 0.980197 0.982803 0.985401 0.987995 0.990583 0.993169 0.995751 0.998332 1.000000))
(time 0)
(channel alpha)
(curve
    (curve-type smooth)
    (n-points 17)
    (points 34 0.000000 0.000000 -1.000000 -1.000000 -1.000000 -1.000000 -1.000000 -1.000000 -1.000000 -1.000000 -1.000000 -1.000000 -1.000000 -1.000000 -1.000000 -1.000000 -1.000000 -1.000000 -1.000000 -1.000000 -1.000000 -1.000000 -1.000000 -1.000000 -1.000000 -1.000000 -1.000000 -1.000000 -1.000000 -1.000000 -1.000000 -1.000000 1.000000 1.000000)
    (n-samples 256)
    (samples 256 0.000000 0.003922 0.007843 0.011765 0.015686 0.019608 0.023529 0.027451 0.031373 0.035294 0.039216 0.043137 0.047059 0.050980 0.054902 0.058824 0.062745 0.066667 0.070588 0.074510 0.078431 0.082353 0.086275 0.090196 0.094118 0.098039 0.101961 0.105882 0.109804 0.113725 0.117647 0.121569 0.125490 0.129412 0.133333 0.137255 0.141176 0.145098 0.149020 0.152941 0.156863 0.160784 0.164706 0.168627 0.172549 0.176471 0.180392 0.184314 0.188235 0.192157 0.196078 0.200000 0.203922 0.207843 0.211765 0.215686 0.219608 0.223529 0.227451 0.231373 0.235294 0.239216 0.243137 0.247059 0.250980 0.254902 0.258824 0.262745 0.266667 0.270588 0.274510 0.278431 0.282353 0.286275 0.290196 0.294118 0.298039 0.301961 0.305882 0.309804 0.313725 0.317647 0.321569 0.325490 0.329412 0.333333 0.337255 0.341176 0.345098 0.349020 0.352941 0.356863 0.360784 0.364706 0.368627 0.372549 0.376471 0.380392 0.384314 0.388235 0.392157 0.396078 0.400000 0.403922 0.407843 0.411765 0.415686 0.419608 0.423529 0.427451 0.431373 0.435294 0.439216 0.443137 0.447059 0.450980 0.454902 0.458824 0.462745 0.466667 0.470588 0.474510 0.478431 0.482353 0.486275 0.490196 0.494118 0.498039 0.501961 0.505882 0.509804 0.513725 0.517647 0.521569 0.525490 0.529412 0.533333 0.537255 0.541176 0.545098 0.549020 0.552941 0.556863 0.560784 0.564706 0.568627 0.572549 0.576471 0.580392 0.584314 0.588235 0.592157 0.596078 0.600000 0.603922 0.607843 0.611765 0.615686 0.619608 0.623529 0.627451 0.631373 0.635294 0.639216 0.643137 0.647059 0.650980 0.654902 0.658824 0.662745 0.666667 0.670588 0.674510 0.678431 0.682353 0.686275 0.690196 0.694118 0.698039 0.701961 0.705882 0.709804 0.713725 0.717647 0.721569 0.725490 0.729412 0.733333 0.737255 0.741176 0.745098 0.749020 0.752941 0.756863 0.760784 0.764706 0.768627 0.772549 0.776471 0.780392 0.784314 0.788235 0.792157 0.796078 0.800000 0.803922 0.807843 0.811765 0.815686 0.819608 0.823529 0.827451 0.831373 0.835294 0.839216 0.843137 0.847059 0.850980 0.854902 0.858824 0.862745 0.866667 0.870588 0.874510 0.878431 0.882353 0.886275 0.890196 0.894118 0.898039 0.901961 0.905882 0.909804 0.913725 0.917647 0.921569 0.925490 0.929412 0.933333 0.937255 0.941176 0.945098 0.949020 0.952941 0.956863 0.960784 0.964706 0.968627 0.972549 0.976471 0.980392 0.984314 0.988235 0.992157 0.996078 1.000000))

# end of curves tool settings
