# GIMP curves tool settings

(time 0)
(channel value)
(curve
    (curve-type smooth)
    (n-points 17)
    (points 34 0.000000 0.000000 -1.000000 -1.000000 -1.000000 -1.000000 -1.000000 -1.000000 -1.000000 -1.000000 -1.000000 -1.000000 -1.000000 -1.000000 -1.000000 -1.000000 -1.000000 -1.000000 -1.000000 -1.000000 -1.000000 -1.000000 -1.000000 -1.000000 -1.000000 -1.000000 -1.000000 -1.000000 -1.000000 -1.000000 -1.000000 -1.000000 1.000000 1.000000)
    (n-samples 256)
    (samples 256 0.000000 0.003922 0.007843 0.011765 0.015686 0.019608 0.023529 0.027451 0.031373 0.035294 0.039216 0.043137 0.047059 0.050980 0.054902 0.058824 0.062745 0.066667 0.070588 0.074510 0.078431 0.082353 0.086275 0.090196 0.094118 0.098039 0.101961 0.105882 0.109804 0.113725 0.117647 0.121569 0.125490 0.129412 0.133333 0.137255 0.141176 0.145098 0.149020 0.152941 0.156863 0.160784 0.164706 0.168627 0.172549 0.176471 0.180392 0.184314 0.188235 0.192157 0.196078 0.200000 0.203922 0.207843 0.211765 0.215686 0.219608 0.223529 0.227451 0.231373 0.235294 0.239216 0.243137 0.247059 0.250980 0.254902 0.258824 0.262745 0.266667 0.270588 0.274510 0.278431 0.282353 0.286275 0.290196 0.294118 0.298039 0.301961 0.305882 0.309804 0.313725 0.317647 0.321569 0.325490 0.329412 0.333333 0.337255 0.341176 0.345098 0.349020 0.352941 0.356863 0.360784 0.364706 0.368627 0.372549 0.376471 0.380392 0.384314 0.388235 0.392157 0.396078 0.400000 0.403922 0.407843 0.411765 0.415686 0.419608 0.423529 0.427451 0.431373 0.435294 0.439216 0.443137 0.447059 0.450980 0.454902 0.458824 0.462745 0.466667 0.470588 0.474510 0.478431 0.482353 0.486275 0.490196 0.494118 0.498039 0.501961 0.505882 0.509804 0.513725 0.517647 0.521569 0.525490 0.529412 0.533333 0.537255 0.541176 0.545098 0.549020 0.552941 0.556863 0.560784 0.564706 0.568627 0.572549 0.576471 0.580392 0.584314 0.588235 0.592157 0.596078 0.600000 0.603922 0.607843 0.611765 0.615686 0.619608 0.623529 0.627451 0.631373 0.635294 0.639216 0.643137 0.647059 0.650980 0.654902 0.658824 0.662745 0.666667 0.670588 0.674510 0.678431 0.682353 0.686275 0.690196 0.694118 0.698039 0.701961 0.705882 0.709804 0.713725 0.717647 0.721569 0.725490 0.729412 0.733333 0.737255 0.741176 0.745098 0.749020 0.752941 0.756863 0.760784 0.764706 0.768627 0.772549 0.776471 0.780392 0.784314 0.788235 0.792157 0.796078 0.800000 0.803922 0.807843 0.811765 0.815686 0.819608 0.823529 0.827451 0.831373 0.835294 0.839216 0.843137 0.847059 0.850980 0.854902 0.858824 0.862745 0.866667 0.870588 0.874510 0.878431 0.882353 0.886275 0.890196 0.894118 0.898039 0.901961 0.905882 0.909804 0.913725 0.917647 0.921569 0.925490 0.929412 0.933333 0.937255 0.941176 0.945098 0.949020 0.952941 0.956863 0.960784 0.964706 0.968627 0.972549 0.976471 0.980392 0.984314 0.988235 0.992157 0.996078 1.000000))
(time 0)
(channel red)
(curve
    (curve-type smooth)
    (n-points 17)
    (points 34 0.000000 0.000000 -1.000000 -1.000000 -1.000000 -1.000000 0.196319 0.210938 -1.000000 -1.000000 -1.000000 -1.000000 -1.000000 -1.000000 -1.000000 -1.000000 -1.000000 -1.000000 -1.000000 -1.000000 -1.000000 -1.000000 -1.000000 -1.000000 -1.000000 -1.000000 -1.000000 -1.000000 -1.000000 -1.000000 -1.000000 -1.000000 1.000000 1.000000)
    (n-samples 256)
    (samples 256 0.000000 0.004360 0.008719 0.013077 0.017435 0.021791 0.026145 0.030497 0.034847 0.039194 0.043538 0.047878 0.052214 0.056547 0.060874 0.065197 0.069515 0.073827 0.078133 0.082433 0.086726 0.091012 0.095291 0.099562 0.103825 0.108079 0.112325 0.116562 0.120789 0.125007 0.129215 0.133412 0.137598 0.141773 0.145936 0.150088 0.154227 0.158354 0.162467 0.166568 0.170655 0.174728 0.178786 0.182830 0.186859 0.190872 0.194870 0.198852 0.202817 0.206766 0.210938 0.214859 0.218779 0.222698 0.226615 0.230532 0.234448 0.238363 0.242277 0.246190 0.250102 0.254013 0.257923 0.261832 0.265739 0.269646 0.273552 0.277457 0.281362 0.285265 0.289167 0.293068 0.296968 0.300868 0.304766 0.308664 0.312560 0.316456 0.320351 0.324245 0.328138 0.332030 0.335921 0.339811 0.343701 0.347589 0.351477 0.355364 0.359250 0.363135 0.367019 0.370903 0.374785 0.378667 0.382548 0.386428 0.390308 0.394186 0.398064 0.401941 0.405817 0.409692 0.413567 0.417441 0.421314 0.425186 0.429057 0.432928 0.436798 0.440667 0.444536 0.448403 0.452270 0.456136 0.460002 0.463867 0.467731 0.471594 0.475457 0.479319 0.483180 0.487041 0.490901 0.494760 0.498619 0.502477 0.506334 0.510190 0.514046 0.517902 0.521756 0.525610 0.529464 0.533317 0.537169 0.541020 0.544871 0.548721 0.552571 0.556420 0.560269 0.564117 0.567964 0.571811 0.575657 0.579503 0.583348 0.587192 0.591036 0.594880 0.598723 0.602565 0.606407 0.610248 0.614089 0.617929 0.621769 0.625608 0.629447 0.633285 0.637123 0.640960 0.644797 0.648633 0.652469 0.656305 0.660140 0.663974 0.667808 0.671642 0.675475 0.679308 0.683140 0.686972 0.690803 0.694634 0.698465 0.702295 0.706125 0.709955 0.713784 0.717612 0.721441 0.725269 0.729096 0.732923 0.736750 0.740577 0.744403 0.748229 0.752054 0.755879 0.759704 0.763529 0.767353 0.771177 0.775000 0.778824 0.782647 0.786469 0.790292 0.794114 0.797936 0.801757 0.805579 0.809400 0.813220 0.817041 0.820861 0.824681 0.828501 0.832321 0.836140 0.839959 0.843778 0.847597 0.851416 0.855234 0.859052 0.862870 0.866688 0.870505 0.874323 0.878140 0.881957 0.885774 0.889591 0.893407 0.897224 0.901040 0.904857 0.908673 0.912489 0.916304 0.920120 0.923936 0.927751 0.931567 0.935382 0.939197 0.943013 0.946828 0.950643 0.954458 0.958273 0.962087 0.965902 0.969717 0.973532 0.977346 0.981161 0.984976 0.988790 0.992605 0.996419 1.000000))
(time 0)
(channel green)
(curve
    (curve-type smooth)
    (n-points 17)
    (points 34 0.000000 0.000000 -1.000000 -1.000000 -1.000000 -1.000000 0.156442 0.167969 -1.000000 -1.000000 -1.000000 -1.000000 -1.000000 -1.000000 -1.000000 -1.000000 -1.000000 -1.000000 -1.000000 -1.000000 -1.000000 -1.000000 -1.000000 -1.000000 -1.000000 -1.000000 -1.000000 -1.000000 -1.000000 -1.000000 -1.000000 -1.000000 1.000000 1.000000)
    (n-samples 256)
    (samples 256 0.000000 0.004355 0.008709 0.013063 0.017414 0.021764 0.026110 0.030454 0.034793 0.039129 0.043459 0.047784 0.052103 0.056415 0.060721 0.065019 0.069308 0.073589 0.077860 0.082122 0.086374 0.090614 0.094843 0.099060 0.103265 0.107456 0.111634 0.115798 0.119947 0.124081 0.128199 0.132300 0.136385 0.140452 0.144502 0.148532 0.152544 0.156536 0.160508 0.164460 0.167969 0.171890 0.175810 0.179730 0.183649 0.187567 0.191485 0.195402 0.199318 0.203233 0.207148 0.211062 0.214975 0.218887 0.222799 0.226710 0.230621 0.234530 0.238439 0.242348 0.246255 0.250162 0.254069 0.257974 0.261879 0.265783 0.269687 0.273590 0.277492 0.281394 0.285295 0.289196 0.293095 0.296994 0.300893 0.304791 0.308688 0.312585 0.316481 0.320376 0.324271 0.328165 0.332058 0.335951 0.339844 0.343735 0.347627 0.351517 0.355407 0.359297 0.363185 0.367074 0.370961 0.374848 0.378735 0.382621 0.386506 0.390391 0.394276 0.398159 0.402043 0.405925 0.409808 0.413689 0.417570 0.421451 0.425331 0.429211 0.433090 0.436968 0.440846 0.444724 0.448601 0.452477 0.456353 0.460229 0.464104 0.467978 0.471852 0.475726 0.479599 0.483472 0.487344 0.491216 0.495087 0.498958 0.502828 0.506698 0.510568 0.514437 0.518305 0.522173 0.526041 0.529908 0.533775 0.537642 0.541508 0.545373 0.549239 0.553103 0.556968 0.560832 0.564695 0.568559 0.572422 0.576284 0.580146 0.584008 0.587869 0.591730 0.595591 0.599451 0.603311 0.607170 0.611029 0.614888 0.618746 0.622604 0.626462 0.630320 0.634177 0.638033 0.641890 0.645746 0.649602 0.653457 0.657312 0.661167 0.665022 0.668876 0.672730 0.676583 0.680437 0.684290 0.688142 0.691995 0.695847 0.699699 0.703551 0.707402 0.711253 0.715104 0.718955 0.722805 0.726655 0.730505 0.734355 0.738204 0.742053 0.745902 0.749751 0.753599 0.757447 0.761295 0.765143 0.768991 0.772838 0.776685 0.780532 0.784379 0.788225 0.792072 0.795918 0.799764 0.803610 0.807455 0.811301 0.815146 0.818991 0.822836 0.826681 0.830526 0.834370 0.838214 0.842059 0.845903 0.849747 0.853590 0.857434 0.861278 0.865121 0.868964 0.872807 0.876650 0.880493 0.884336 0.888179 0.892021 0.895864 0.899706 0.903549 0.907391 0.911233 0.915075 0.918917 0.922759 0.926601 0.930443 0.934285 0.938126 0.941968 0.945809 0.949651 0.953492 0.957334 0.961175 0.965016 0.968858 0.972699 0.976540 0.980382 0.984223 0.988064 0.991905 0.995746 1.000000))
(time 0)
(channel blue)
(curve
    (curve-type smooth)
    (n-points 17)
    (points 34 0.000000 0.000000 -1.000000 -1.000000 -1.000000 -1.000000 -1.000000 -1.000000 -1.000000 -1.000000 -1.000000 -1.000000 -1.000000 -1.000000 -1.000000 -1.000000 -1.000000 -1.000000 0.533742 0.406250 -1.000000 -1.000000 -1.000000 -1.000000 -1.000000 -1.000000 -1.000000 -1.000000 -1.000000 -1.000000 -1.000000 -1.000000 1.000000 1.000000)
    (n-samples 256)
    (samples 256 0.000000 0.002517 0.005033 0.007550 0.010068 0.012586 0.015104 0.017624 0.020145 0.022667 0.025190 0.027715 0.030241 0.032770 0.035300 0.037833 0.040367 0.042904 0.045444 0.047987 0.050532 0.053080 0.055632 0.058187 0.060745 0.063307 0.065873 0.068443 0.071016 0.073595 0.076177 0.078764 0.081356 0.083952 0.086554 0.089161 0.091773 0.094390 0.097014 0.099643 0.102277 0.104918 0.107565 0.110219 0.112879 0.115546 0.118219 0.120900 0.123587 0.126282 0.128984 0.131694 0.134412 0.137138 0.139871 0.142613 0.145363 0.148122 0.150889 0.153665 0.156450 0.159244 0.162048 0.164860 0.167683 0.170515 0.173357 0.176209 0.179071 0.181943 0.184826 0.187719 0.190624 0.193539 0.196465 0.199403 0.202351 0.205312 0.208284 0.211268 0.214264 0.217272 0.220292 0.223325 0.226370 0.229428 0.232499 0.235583 0.238680 0.241791 0.244915 0.248053 0.251204 0.254370 0.257549 0.260743 0.263951 0.267174 0.270412 0.273664 0.276932 0.280214 0.283512 0.286826 0.290155 0.293499 0.296860 0.300237 0.303630 0.307039 0.310465 0.313908 0.317367 0.320844 0.324338 0.327848 0.331377 0.334923 0.338486 0.342068 0.345668 0.349286 0.352922 0.356577 0.360250 0.363942 0.367653 0.371384 0.375133 0.378902 0.382691 0.386499 0.390327 0.394175 0.398043 0.401932 0.406250 0.410185 0.414147 0.418135 0.422150 0.426191 0.430258 0.434351 0.438469 0.442612 0.446781 0.450974 0.455191 0.459433 0.463699 0.467989 0.472303 0.476640 0.481000 0.485383 0.489789 0.494218 0.498668 0.503141 0.507636 0.512152 0.516689 0.521248 0.525828 0.530428 0.535048 0.539689 0.544350 0.549031 0.553731 0.558451 0.563190 0.567947 0.572723 0.577518 0.582331 0.587161 0.592010 0.596876 0.601759 0.606659 0.611576 0.616510 0.621460 0.626426 0.631408 0.636406 0.641419 0.646448 0.651491 0.656549 0.661622 0.666709 0.671810 0.676925 0.682054 0.687196 0.692351 0.697519 0.702700 0.707893 0.713099 0.718316 0.723546 0.728787 0.734039 0.739303 0.744577 0.749862 0.755158 0.760464 0.765779 0.771105 0.776440 0.781784 0.787138 0.792500 0.797871 0.803250 0.808638 0.814033 0.819436 0.824847 0.830265 0.835689 0.841121 0.846559 0.852004 0.857455 0.862911 0.868374 0.873841 0.879314 0.884792 0.890275 0.895762 0.901254 0.906749 0.912249 0.917752 0.923258 0.928768 0.934280 0.939796 0.945313 0.950833 0.956355 0.961879 0.967404 0.972931 0.978459 0.983988 0.989517 0.995047 1.000000))
(time 0)
(channel alpha)
(curve
    (curve-type smooth)
    (n-points 17)
    (points 34 0.000000 0.000000 -1.000000 -1.000000 -1.000000 -1.000000 -1.000000 -1.000000 -1.000000 -1.000000 -1.000000 -1.000000 -1.000000 -1.000000 -1.000000 -1.000000 -1.000000 -1.000000 -1.000000 -1.000000 -1.000000 -1.000000 -1.000000 -1.000000 -1.000000 -1.000000 -1.000000 -1.000000 -1.000000 -1.000000 -1.000000 -1.000000 1.000000 1.000000)
    (n-samples 256)
    (samples 256 0.000000 0.003922 0.007843 0.011765 0.015686 0.019608 0.023529 0.027451 0.031373 0.035294 0.039216 0.043137 0.047059 0.050980 0.054902 0.058824 0.062745 0.066667 0.070588 0.074510 0.078431 0.082353 0.086275 0.090196 0.094118 0.098039 0.101961 0.105882 0.109804 0.113725 0.117647 0.121569 0.125490 0.129412 0.133333 0.137255 0.141176 0.145098 0.149020 0.152941 0.156863 0.160784 0.164706 0.168627 0.172549 0.176471 0.180392 0.184314 0.188235 0.192157 0.196078 0.200000 0.203922 0.207843 0.211765 0.215686 0.219608 0.223529 0.227451 0.231373 0.235294 0.239216 0.243137 0.247059 0.250980 0.254902 0.258824 0.262745 0.266667 0.270588 0.274510 0.278431 0.282353 0.286275 0.290196 0.294118 0.298039 0.301961 0.305882 0.309804 0.313725 0.317647 0.321569 0.325490 0.329412 0.333333 0.337255 0.341176 0.345098 0.349020 0.352941 0.356863 0.360784 0.364706 0.368627 0.372549 0.376471 0.380392 0.384314 0.388235 0.392157 0.396078 0.400000 0.403922 0.407843 0.411765 0.415686 0.419608 0.423529 0.427451 0.431373 0.435294 0.439216 0.443137 0.447059 0.450980 0.454902 0.458824 0.462745 0.466667 0.470588 0.474510 0.478431 0.482353 0.486275 0.490196 0.494118 0.498039 0.501961 0.505882 0.509804 0.513725 0.517647 0.521569 0.525490 0.529412 0.533333 0.537255 0.541176 0.545098 0.549020 0.552941 0.556863 0.560784 0.564706 0.568627 0.572549 0.576471 0.580392 0.584314 0.588235 0.592157 0.596078 0.600000 0.603922 0.607843 0.611765 0.615686 0.619608 0.623529 0.627451 0.631373 0.635294 0.639216 0.643137 0.647059 0.650980 0.654902 0.658824 0.662745 0.666667 0.670588 0.674510 0.678431 0.682353 0.686275 0.690196 0.694118 0.698039 0.701961 0.705882 0.709804 0.713725 0.717647 0.721569 0.725490 0.729412 0.733333 0.737255 0.741176 0.745098 0.749020 0.752941 0.756863 0.760784 0.764706 0.768627 0.772549 0.776471 0.780392 0.784314 0.788235 0.792157 0.796078 0.800000 0.803922 0.807843 0.811765 0.815686 0.819608 0.823529 0.827451 0.831373 0.835294 0.839216 0.843137 0.847059 0.850980 0.854902 0.858824 0.862745 0.866667 0.870588 0.874510 0.878431 0.882353 0.886275 0.890196 0.894118 0.898039 0.901961 0.905882 0.909804 0.913725 0.917647 0.921569 0.925490 0.929412 0.933333 0.937255 0.941176 0.945098 0.949020 0.952941 0.956863 0.960784 0.964706 0.968627 0.972549 0.976471 0.980392 0.984314 0.988235 0.992157 0.996078 1.000000))

# end of curves tool settings
