# GIMP curves tool settings

(time 0)
(channel value)
(curve
    (curve-type smooth)
    (n-points 17)
    (points 34 0.000000 0.000000 -1.000000 -1.000000 -1.000000 -1.000000 -1.000000 -1.000000 -1.000000 -1.000000 0.284848 0.230469 -1.000000 -1.000000 -1.000000 -1.000000 -1.000000 -1.000000 -1.000000 -1.000000 -1.000000 -1.000000 0.675758 0.687500 -1.000000 -1.000000 0.815152 0.886719 -1.000000 -1.000000 -1.000000 -1.000000 1.000000 1.000000)
    (n-samples 256)
    (samples 256 0.000000 0.002765 0.005530 0.008296 0.011063 0.013832 0.016604 0.019378 0.022156 0.024937 0.027723 0.030513 0.033308 0.036109 0.038916 0.041729 0.044549 0.047377 0.050213 0.053057 0.055909 0.058772 0.061643 0.064526 0.067418 0.070322 0.073238 0.076165 0.079106 0.082059 0.085025 0.088006 0.091001 0.094011 0.097036 0.100077 0.103134 0.106208 0.109299 0.112408 0.115534 0.118680 0.121844 0.125028 0.128232 0.131457 0.134702 0.137969 0.141257 0.144568 0.147901 0.151258 0.154639 0.158043 0.161472 0.164927 0.168406 0.171912 0.175445 0.179004 0.182590 0.186205 0.189848 0.193519 0.197220 0.200951 0.204712 0.208503 0.212326 0.216180 0.220066 0.223985 0.227937 0.230469 0.234468 0.238485 0.242520 0.246574 0.250645 0.254733 0.258839 0.262962 0.267102 0.271258 0.275431 0.279621 0.283826 0.288048 0.292285 0.296538 0.300806 0.305089 0.309388 0.313701 0.318028 0.322370 0.326726 0.331096 0.335480 0.339877 0.344288 0.348712 0.353149 0.357599 0.362061 0.366536 0.371022 0.375521 0.380032 0.384554 0.389088 0.393632 0.398188 0.402755 0.407332 0.411919 0.416517 0.421125 0.425743 0.430370 0.435006 0.439652 0.444307 0.448971 0.453643 0.458324 0.463013 0.467710 0.472415 0.477127 0.481847 0.486575 0.491309 0.496050 0.500798 0.505552 0.510312 0.515079 0.519851 0.524629 0.529413 0.534202 0.538996 0.543794 0.548598 0.553406 0.558218 0.563034 0.567854 0.572678 0.577506 0.582336 0.587170 0.592007 0.596846 0.601688 0.606532 0.611378 0.616226 0.621076 0.625928 0.630780 0.635634 0.640489 0.645344 0.650201 0.655057 0.659913 0.664770 0.669626 0.674482 0.679337 0.687500 0.692445 0.697564 0.702847 0.708279 0.713851 0.719548 0.725359 0.731272 0.737274 0.743354 0.749498 0.755695 0.761933 0.768198 0.774480 0.780765 0.787042 0.793298 0.799521 0.805699 0.811819 0.817870 0.823839 0.829714 0.835482 0.841132 0.846650 0.852026 0.857246 0.862299 0.867172 0.871853 0.876329 0.880589 0.884621 0.886719 0.890455 0.894105 0.897672 0.901156 0.904560 0.907886 0.911136 0.914311 0.917413 0.920444 0.923407 0.926302 0.929132 0.931898 0.934603 0.937248 0.939835 0.942367 0.944844 0.947269 0.949643 0.951969 0.954248 0.956482 0.958674 0.960824 0.962935 0.965008 0.967046 0.969050 0.971023 0.972965 0.974879 0.976767 0.978631 0.980472 0.982292 0.984094 0.985878 0.987648 0.989404 0.991149 0.992884 0.994611 0.996333 0.998051 1.000000))
(channel red)
(curve
    (curve-type smooth)
    (n-points 17)
    (points 34 0.000000 0.000000 -1.000000 -1.000000 -1.000000 -1.000000 -1.000000 -1.000000 -1.000000 -1.000000 -1.000000 -1.000000 -1.000000 -1.000000 -1.000000 -1.000000 -1.000000 -1.000000 -1.000000 -1.000000 0.600000 0.582031 -1.000000 -1.000000 -1.000000 -1.000000 -1.000000 -1.000000 -1.000000 -1.000000 -1.000000 -1.000000 1.000000 1.000000)
    (n-samples 256)
    (samples 256 0.000000 0.003745 0.007491 0.011236 0.014982 0.018727 0.022473 0.026219 0.029965 0.033710 0.037457 0.041203 0.044949 0.048696 0.052443 0.056190 0.059937 0.063684 0.067432 0.071180 0.074928 0.078677 0.082426 0.086175 0.089924 0.093674 0.097425 0.101175 0.104926 0.108678 0.112430 0.116182 0.119935 0.123688 0.127442 0.131197 0.134952 0.138707 0.142463 0.146220 0.149977 0.153734 0.157493 0.161252 0.165011 0.168772 0.172533 0.176294 0.180057 0.183820 0.187584 0.191348 0.195114 0.198880 0.202647 0.206415 0.210183 0.213953 0.217723 0.221494 0.225266 0.229039 0.232813 0.236588 0.240363 0.244140 0.247918 0.251697 0.255476 0.259257 0.263039 0.266822 0.270605 0.274390 0.278176 0.281964 0.285752 0.289541 0.293332 0.297124 0.300917 0.304711 0.308506 0.312303 0.316101 0.319900 0.323700 0.327502 0.331305 0.335109 0.338915 0.342722 0.346531 0.350340 0.354152 0.357964 0.361778 0.365594 0.369411 0.373229 0.377049 0.380870 0.384693 0.388518 0.392344 0.396171 0.400001 0.403831 0.407664 0.411498 0.415333 0.419171 0.423010 0.426850 0.430693 0.434537 0.438382 0.442230 0.446079 0.449930 0.453783 0.457638 0.461494 0.465353 0.469213 0.473075 0.476939 0.480805 0.484672 0.488542 0.492414 0.496287 0.500163 0.504040 0.507920 0.511801 0.515685 0.519571 0.523458 0.527348 0.531240 0.535134 0.539030 0.542928 0.546829 0.550731 0.554636 0.558543 0.562452 0.566363 0.570277 0.574193 0.578111 0.582031 0.585955 0.589885 0.593819 0.597758 0.601703 0.605652 0.609606 0.613565 0.617529 0.621498 0.625471 0.629448 0.633431 0.637418 0.641409 0.645405 0.649405 0.653409 0.657418 0.661431 0.665448 0.669469 0.673495 0.677524 0.681557 0.685595 0.689636 0.693680 0.697729 0.701781 0.705837 0.709897 0.713960 0.718027 0.722097 0.726170 0.730247 0.734327 0.738411 0.742497 0.746587 0.750680 0.754776 0.758875 0.762976 0.767081 0.771189 0.775299 0.779412 0.783528 0.787646 0.791768 0.795891 0.800017 0.804146 0.808277 0.812410 0.816545 0.820683 0.824823 0.828965 0.833109 0.837255 0.841404 0.845554 0.849706 0.853859 0.858015 0.862172 0.866331 0.870492 0.874654 0.878818 0.882983 0.887150 0.891318 0.895487 0.899657 0.903829 0.908002 0.912176 0.916351 0.920528 0.924705 0.928883 0.933062 0.937241 0.941422 0.945603 0.949785 0.953967 0.958150 0.962334 0.966518 0.970702 0.974887 0.979072 0.983257 0.987443 0.991628 0.995814 1.000000))
(channel green)
(curve
    (curve-type smooth)
    (n-points 17)
    (points 34 0.000000 0.000000 -1.000000 -1.000000 -1.000000 -1.000000 -1.000000 -1.000000 -1.000000 -1.000000 0.315152 0.296875 -1.000000 -1.000000 -1.000000 -1.000000 -1.000000 -1.000000 0.575758 0.523438 -1.000000 -1.000000 -1.000000 -1.000000 0.763636 0.734375 -1.000000 -1.000000 -1.000000 -1.000000 -1.000000 -1.000000 1.000000 1.000000)
    (n-samples 256)
    (samples 256 0.000000 0.003759 0.007517 0.011276 0.015034 0.018792 0.022550 0.026307 0.030064 0.033820 0.037576 0.041331 0.045086 0.048840 0.052593 0.056346 0.060097 0.063847 0.067597 0.071345 0.075092 0.078838 0.082583 0.086327 0.090069 0.093809 0.097549 0.101286 0.105022 0.108756 0.112489 0.116220 0.119949 0.123676 0.127401 0.131124 0.134844 0.138563 0.142280 0.145994 0.149706 0.153415 0.157122 0.160827 0.164529 0.168228 0.171925 0.175618 0.179310 0.182998 0.186683 0.190365 0.194044 0.197720 0.201393 0.205063 0.208729 0.212392 0.216052 0.219708 0.223361 0.227010 0.230655 0.234297 0.237935 0.241569 0.245199 0.248825 0.252447 0.256065 0.259679 0.263289 0.266894 0.270496 0.274092 0.277685 0.281273 0.284856 0.288435 0.292009 0.296875 0.300429 0.303963 0.307476 0.310969 0.314443 0.317900 0.321339 0.324762 0.328169 0.331561 0.334939 0.338304 0.341656 0.344996 0.348325 0.351644 0.354954 0.358255 0.361547 0.364833 0.368113 0.371386 0.374655 0.377920 0.381182 0.384441 0.387699 0.390955 0.394212 0.397469 0.400727 0.403988 0.407252 0.410519 0.413791 0.417068 0.420351 0.423642 0.426939 0.430245 0.433561 0.436886 0.440222 0.443570 0.446929 0.450302 0.453689 0.457090 0.460507 0.463940 0.467390 0.470858 0.474344 0.477849 0.481375 0.484921 0.488489 0.492079 0.495693 0.499330 0.502993 0.506680 0.510394 0.514135 0.517904 0.521702 0.523438 0.527287 0.531183 0.535124 0.539108 0.543135 0.547202 0.551309 0.555453 0.559633 0.563847 0.568095 0.572374 0.576684 0.581022 0.585387 0.589777 0.594192 0.598629 0.603087 0.607565 0.612061 0.616573 0.621101 0.625641 0.630194 0.634758 0.639330 0.643910 0.648496 0.653087 0.657680 0.662276 0.666871 0.671464 0.676055 0.680641 0.685221 0.689793 0.694357 0.698910 0.703451 0.707979 0.712491 0.716987 0.721465 0.725923 0.730361 0.734375 0.738780 0.743186 0.747591 0.751997 0.756402 0.760808 0.765214 0.769619 0.774025 0.778431 0.782837 0.787244 0.791650 0.796056 0.800463 0.804869 0.809275 0.813682 0.818089 0.822495 0.826902 0.831309 0.835716 0.840123 0.844530 0.848937 0.853344 0.857751 0.862158 0.866566 0.870973 0.875380 0.879788 0.884195 0.888603 0.893010 0.897418 0.901825 0.906233 0.910640 0.915048 0.919456 0.923864 0.928271 0.932679 0.937087 0.941495 0.945903 0.950310 0.954718 0.959126 0.963534 0.967942 0.972350 0.976758 0.981166 0.985574 0.989982 0.994390 1.000000))
(channel blue)
(curve
    (curve-type smooth)
    (n-points 17)
    (points 34 0.000000 0.000000 -1.000000 -1.000000 -1.000000 -1.000000 -1.000000 -1.000000 0.236364 0.378906 -1.000000 -1.000000 -1.000000 -1.000000 -1.000000 -1.000000 -1.000000 -1.000000 -1.000000 -1.000000 0.612121 0.648438 -1.000000 -1.000000 -1.000000 -1.000000 0.839394 0.765625 -1.000000 -1.000000 -1.000000 -1.000000 1.000000 1.000000)
    (n-samples 256)
    (samples 256 0.000000 0.007352 0.014703 0.022050 0.029392 0.036727 0.044053 0.051368 0.058671 0.065960 0.073233 0.080489 0.087725 0.094940 0.102132 0.109300 0.116441 0.123554 0.130637 0.137688 0.144706 0.151688 0.158634 0.165541 0.172407 0.179231 0.186011 0.192746 0.199433 0.206070 0.212656 0.219190 0.225669 0.232092 0.238456 0.244761 0.251004 0.257184 0.263298 0.269346 0.275325 0.281233 0.287069 0.292832 0.298518 0.304127 0.309657 0.315106 0.320472 0.325754 0.330949 0.336056 0.341074 0.346000 0.350832 0.355570 0.360210 0.364752 0.369194 0.373534 0.378906 0.383036 0.387116 0.391148 0.395132 0.399069 0.402960 0.406805 0.410606 0.414361 0.418074 0.421743 0.425370 0.428955 0.432500 0.436004 0.439469 0.442894 0.446282 0.449632 0.452946 0.456223 0.459465 0.462672 0.465844 0.468984 0.472091 0.475165 0.478209 0.481221 0.484204 0.487157 0.490082 0.492979 0.495848 0.498691 0.501508 0.504300 0.507067 0.509810 0.512530 0.515228 0.517904 0.520559 0.523193 0.525807 0.528403 0.530980 0.533539 0.536081 0.538607 0.541117 0.543612 0.546093 0.548560 0.551014 0.553456 0.555887 0.558306 0.560715 0.563115 0.565506 0.567888 0.570263 0.572632 0.574994 0.577350 0.579702 0.582050 0.584395 0.586736 0.589076 0.591414 0.593752 0.596089 0.598428 0.600767 0.603109 0.605453 0.607801 0.610153 0.612510 0.614872 0.617240 0.619615 0.621997 0.624388 0.626788 0.629197 0.631616 0.634046 0.636488 0.638942 0.641409 0.643890 0.646385 0.648438 0.650910 0.653298 0.655607 0.657840 0.660001 0.662093 0.664120 0.666085 0.667992 0.669844 0.671647 0.673401 0.675113 0.676785 0.678420 0.680023 0.681596 0.683145 0.684671 0.686180 0.687674 0.689156 0.690632 0.692104 0.693576 0.695051 0.696534 0.698027 0.699535 0.701061 0.702608 0.704181 0.705782 0.707417 0.709087 0.710797 0.712550 0.714350 0.716201 0.718106 0.720068 0.722093 0.724182 0.726340 0.728570 0.730876 0.733262 0.735731 0.738286 0.740932 0.743672 0.746509 0.749448 0.752492 0.755644 0.758908 0.762288 0.765625 0.769258 0.773046 0.776986 0.781072 0.785302 0.789671 0.794176 0.798812 0.803576 0.808465 0.813473 0.818597 0.823834 0.829179 0.834629 0.840179 0.845826 0.851566 0.857396 0.863310 0.869305 0.875378 0.881525 0.887741 0.894022 0.900366 0.906768 0.913224 0.919730 0.926282 0.932877 0.939510 0.946179 0.952878 0.959604 0.966353 0.973121 0.979905 0.986700 0.993503 1.000000))
(channel alpha)
(curve
    (curve-type smooth)
    (n-points 17)
    (points 34 0.000000 0.000000 -1.000000 -1.000000 -1.000000 -1.000000 -1.000000 -1.000000 -1.000000 -1.000000 -1.000000 -1.000000 -1.000000 -1.000000 -1.000000 -1.000000 -1.000000 -1.000000 -1.000000 -1.000000 -1.000000 -1.000000 -1.000000 -1.000000 -1.000000 -1.000000 -1.000000 -1.000000 -1.000000 -1.000000 -1.000000 -1.000000 1.000000 1.000000)
    (n-samples 256)
    (samples 256 0.000000 0.003922 0.007843 0.011765 0.015686 0.019608 0.023529 0.027451 0.031373 0.035294 0.039216 0.043137 0.047059 0.050980 0.054902 0.058824 0.062745 0.066667 0.070588 0.074510 0.078431 0.082353 0.086275 0.090196 0.094118 0.098039 0.101961 0.105882 0.109804 0.113725 0.117647 0.121569 0.125490 0.129412 0.133333 0.137255 0.141176 0.145098 0.149020 0.152941 0.156863 0.160784 0.164706 0.168627 0.172549 0.176471 0.180392 0.184314 0.188235 0.192157 0.196078 0.200000 0.203922 0.207843 0.211765 0.215686 0.219608 0.223529 0.227451 0.231373 0.235294 0.239216 0.243137 0.247059 0.250980 0.254902 0.258824 0.262745 0.266667 0.270588 0.274510 0.278431 0.282353 0.286275 0.290196 0.294118 0.298039 0.301961 0.305882 0.309804 0.313725 0.317647 0.321569 0.325490 0.329412 0.333333 0.337255 0.341176 0.345098 0.349020 0.352941 0.356863 0.360784 0.364706 0.368627 0.372549 0.376471 0.380392 0.384314 0.388235 0.392157 0.396078 0.400000 0.403922 0.407843 0.411765 0.415686 0.419608 0.423529 0.427451 0.431373 0.435294 0.439216 0.443137 0.447059 0.450980 0.454902 0.458824 0.462745 0.466667 0.470588 0.474510 0.478431 0.482353 0.486275 0.490196 0.494118 0.498039 0.501961 0.505882 0.509804 0.513725 0.517647 0.521569 0.525490 0.529412 0.533333 0.537255 0.541176 0.545098 0.549020 0.552941 0.556863 0.560784 0.564706 0.568627 0.572549 0.576471 0.580392 0.584314 0.588235 0.592157 0.596078 0.600000 0.603922 0.607843 0.611765 0.615686 0.619608 0.623529 0.627451 0.631373 0.635294 0.639216 0.643137 0.647059 0.650980 0.654902 0.658824 0.662745 0.666667 0.670588 0.674510 0.678431 0.682353 0.686275 0.690196 0.694118 0.698039 0.701961 0.705882 0.709804 0.713725 0.717647 0.721569 0.725490 0.729412 0.733333 0.737255 0.741176 0.745098 0.749020 0.752941 0.756863 0.760784 0.764706 0.768627 0.772549 0.776471 0.780392 0.784314 0.788235 0.792157 0.796078 0.800000 0.803922 0.807843 0.811765 0.815686 0.819608 0.823529 0.827451 0.831373 0.835294 0.839216 0.843137 0.847059 0.850980 0.854902 0.858824 0.862745 0.866667 0.870588 0.874510 0.878431 0.882353 0.886275 0.890196 0.894118 0.898039 0.901961 0.905882 0.909804 0.913725 0.917647 0.921569 0.925490 0.929412 0.933333 0.937255 0.941176 0.945098 0.949020 0.952941 0.956863 0.960784 0.964706 0.968627 0.972549 0.976471 0.980392 0.984314 0.988235 0.992157 0.996078 1.000000))

# end of curves tool settings
