# GIMP curves tool settings

(time 0)
(channel value)
(curve
    (curve-type smooth)
    (n-points 17)
    (points 34 0.000000 0.000000 -1.000000 -1.000000 -1.000000 -1.000000 0.206061 0.210938 -1.000000 -1.000000 -1.000000 -1.000000 -1.000000 -1.000000 -1.000000 -1.000000 -1.000000 -1.000000 0.533333 0.640625 -1.000000 -1.000000 -1.000000 -1.000000 -1.000000 -1.000000 0.790909 0.847656 -1.000000 -1.000000 -1.000000 -1.000000 1.000000 1.000000)
    (n-samples 256)
    (samples 256 0.000000 0.003666 0.007334 0.011002 0.014673 0.018347 0.022025 0.025708 0.029395 0.033089 0.036789 0.040497 0.044214 0.047939 0.051675 0.055420 0.059178 0.062947 0.066729 0.070525 0.074335 0.078160 0.082002 0.085859 0.089735 0.093628 0.097540 0.101472 0.105425 0.109398 0.113394 0.117412 0.121453 0.125519 0.129610 0.133726 0.137869 0.142040 0.146238 0.150465 0.154721 0.159008 0.163325 0.167675 0.172057 0.176472 0.180921 0.185405 0.189925 0.194481 0.199074 0.203705 0.208374 0.210938 0.215669 0.220441 0.225253 0.230104 0.234992 0.239917 0.244877 0.249871 0.254898 0.259957 0.265047 0.270166 0.275314 0.280489 0.285690 0.290917 0.296167 0.301440 0.306735 0.312050 0.317384 0.322737 0.328107 0.333493 0.338894 0.344308 0.349735 0.355174 0.360622 0.366080 0.371546 0.377019 0.382498 0.387981 0.393468 0.398957 0.404447 0.409937 0.415426 0.420914 0.426397 0.431877 0.437350 0.442817 0.448276 0.453727 0.459167 0.464595 0.470012 0.475414 0.480802 0.486175 0.491530 0.496867 0.502185 0.507483 0.512759 0.518013 0.523242 0.528447 0.533626 0.538778 0.543901 0.548995 0.554059 0.559090 0.564089 0.569054 0.573984 0.578878 0.583734 0.588551 0.593329 0.598067 0.602762 0.607414 0.612022 0.616585 0.621101 0.625570 0.629990 0.634360 0.640625 0.644863 0.649038 0.653151 0.657205 0.661200 0.665138 0.669020 0.672848 0.676623 0.680346 0.684019 0.687642 0.691219 0.694749 0.698234 0.701675 0.705075 0.708434 0.711753 0.715035 0.718280 0.721489 0.724665 0.727808 0.730920 0.734003 0.737057 0.740083 0.743085 0.746062 0.749016 0.751948 0.754861 0.757754 0.760630 0.763490 0.766336 0.769168 0.771988 0.774797 0.777597 0.780390 0.783176 0.785957 0.788734 0.791509 0.794282 0.797057 0.799832 0.802612 0.805395 0.808184 0.810981 0.813786 0.816601 0.819428 0.822267 0.825120 0.827989 0.830875 0.833779 0.836702 0.839646 0.842613 0.845603 0.847656 0.850672 0.853678 0.856676 0.859665 0.862645 0.865617 0.868581 0.871538 0.874486 0.877427 0.880360 0.883286 0.886205 0.889117 0.892022 0.894921 0.897813 0.900699 0.903579 0.906453 0.909322 0.912185 0.915042 0.917894 0.920742 0.923584 0.926422 0.929255 0.932083 0.934908 0.937729 0.940545 0.943359 0.946168 0.948975 0.951778 0.954578 0.957375 0.960170 0.962962 0.965752 0.968540 0.971326 0.974110 0.976893 0.979674 0.982454 0.985233 0.988011 0.990788 0.993565 0.996341 1.000000))
(channel red)
(curve
    (curve-type smooth)
    (n-points 17)
    (points 34 0.000000 0.000000 -1.000000 -1.000000 -1.000000 -1.000000 -1.000000 -1.000000 -1.000000 -1.000000 -1.000000 -1.000000 0.354545 0.265625 -1.000000 -1.000000 -1.000000 -1.000000 0.578788 0.515625 -1.000000 -1.000000 -1.000000 -1.000000 0.763636 0.789063 -1.000000 -1.000000 -1.000000 -1.000000 -1.000000 -1.000000 1.000000 1.000000)
    (n-samples 256)
    (samples 256 0.000000 0.002660 0.005321 0.007982 0.010643 0.013305 0.015969 0.018633 0.021299 0.023967 0.026636 0.029308 0.031982 0.034658 0.037337 0.040018 0.042703 0.045391 0.048083 0.050778 0.053477 0.056180 0.058887 0.061599 0.064316 0.067037 0.069764 0.072496 0.075233 0.077976 0.080725 0.083480 0.086242 0.089009 0.091784 0.094566 0.097354 0.100151 0.102954 0.105766 0.108585 0.111412 0.114248 0.117093 0.119946 0.122808 0.125679 0.128560 0.131450 0.134350 0.137260 0.140181 0.143111 0.146053 0.149005 0.151968 0.154942 0.157928 0.160925 0.163934 0.166956 0.169989 0.173035 0.176093 0.179165 0.182249 0.185347 0.188458 0.191583 0.194721 0.197874 0.201041 0.204223 0.207419 0.210630 0.213856 0.217097 0.220354 0.223627 0.226915 0.230220 0.233541 0.236879 0.240233 0.243604 0.246992 0.250398 0.253821 0.257262 0.260720 0.265625 0.269138 0.272689 0.276279 0.279906 0.283570 0.287271 0.291008 0.294781 0.298590 0.302433 0.306311 0.310223 0.314169 0.318149 0.322161 0.326206 0.330282 0.334391 0.338530 0.342700 0.346901 0.351131 0.355391 0.359680 0.363998 0.368344 0.372717 0.377118 0.381546 0.386000 0.390480 0.394986 0.399517 0.404073 0.408653 0.413258 0.417885 0.422536 0.427209 0.431905 0.436622 0.441361 0.446120 0.450900 0.455701 0.460520 0.465359 0.470217 0.475094 0.479988 0.484899 0.489828 0.494773 0.499735 0.504712 0.509705 0.514713 0.515625 0.520702 0.525895 0.531199 0.536606 0.542113 0.547712 0.553400 0.559169 0.565015 0.570931 0.576913 0.582955 0.589050 0.595194 0.601381 0.607605 0.613861 0.620142 0.626445 0.632761 0.639088 0.645417 0.651745 0.658065 0.664372 0.670660 0.676924 0.683158 0.689356 0.695513 0.701623 0.707681 0.713680 0.719616 0.725483 0.731275 0.736987 0.742612 0.748146 0.753583 0.758917 0.764142 0.769253 0.774245 0.779111 0.783847 0.789063 0.793547 0.797982 0.802369 0.806708 0.811000 0.815245 0.819446 0.823602 0.827715 0.831784 0.835812 0.839799 0.843745 0.847653 0.851521 0.855352 0.859145 0.862903 0.866626 0.870314 0.873968 0.877590 0.881180 0.884738 0.888267 0.891766 0.895236 0.898679 0.902094 0.905484 0.908849 0.912189 0.915505 0.918799 0.922070 0.925321 0.928552 0.931763 0.934955 0.938130 0.941288 0.944429 0.947556 0.950668 0.953767 0.956852 0.959926 0.962989 0.966042 0.969085 0.972120 0.975146 0.978166 0.981180 0.984189 0.987193 0.990194 0.993192 0.996188 1.000000))
(channel green)
(curve
    (curve-type smooth)
    (n-points 17)
    (points 34 0.000000 0.000000 -1.000000 -1.000000 -1.000000 -1.000000 -1.000000 -1.000000 -1.000000 -1.000000 0.281818 0.148438 -1.000000 -1.000000 -1.000000 -1.000000 0.481818 0.574219 -1.000000 -1.000000 -1.000000 -1.000000 -1.000000 -1.000000 -1.000000 -1.000000 0.800000 0.859375 -1.000000 -1.000000 -1.000000 -1.000000 1.000000 1.000000)
    (n-samples 256)
    (samples 256 0.000000 0.000762 0.001525 0.002291 0.003062 0.003839 0.004624 0.005417 0.006221 0.007038 0.007868 0.008713 0.009574 0.010454 0.011354 0.012275 0.013218 0.014186 0.015180 0.016200 0.017250 0.018330 0.019442 0.020587 0.021767 0.022983 0.024237 0.025531 0.026865 0.028242 0.029663 0.031129 0.032642 0.034204 0.035816 0.037479 0.039195 0.040966 0.042793 0.044677 0.046621 0.048625 0.050691 0.052821 0.055016 0.057277 0.059607 0.062007 0.064477 0.067021 0.069638 0.072332 0.075103 0.077952 0.080882 0.083893 0.086988 0.090168 0.093434 0.096788 0.100232 0.103766 0.107393 0.111113 0.114929 0.118842 0.122854 0.126965 0.131178 0.135494 0.139915 0.144442 0.148438 0.153311 0.158574 0.164210 0.170206 0.176544 0.183211 0.190191 0.197467 0.205026 0.212852 0.220929 0.229242 0.237775 0.246515 0.255444 0.264548 0.273811 0.283219 0.292755 0.302405 0.312153 0.321984 0.331882 0.341833 0.351820 0.361829 0.371844 0.381850 0.391831 0.401773 0.411660 0.421476 0.431206 0.440836 0.450348 0.459730 0.468964 0.478035 0.486930 0.495631 0.504123 0.512392 0.520422 0.528198 0.535704 0.542925 0.549845 0.556451 0.562725 0.568653 0.574219 0.579557 0.584812 0.589985 0.595077 0.600091 0.605026 0.609886 0.614671 0.619382 0.624022 0.628591 0.633092 0.637524 0.641891 0.646193 0.650431 0.654608 0.658724 0.662782 0.666782 0.670725 0.674615 0.678450 0.682235 0.685968 0.689653 0.693290 0.696882 0.700428 0.703932 0.707393 0.710815 0.714197 0.717542 0.720851 0.724126 0.727367 0.730576 0.733756 0.736906 0.740029 0.743126 0.746199 0.749248 0.752276 0.755283 0.758272 0.761243 0.764199 0.767139 0.770067 0.772983 0.775889 0.778786 0.781676 0.784560 0.787440 0.790316 0.793191 0.796066 0.798942 0.801820 0.804703 0.807591 0.810487 0.813390 0.816304 0.819229 0.822167 0.825119 0.828086 0.831071 0.834074 0.837097 0.840141 0.843208 0.846300 0.849417 0.852561 0.855733 0.859375 0.862584 0.865766 0.868921 0.872051 0.875156 0.878236 0.881292 0.884324 0.887333 0.890320 0.893284 0.896228 0.899150 0.902052 0.904934 0.907797 0.910641 0.913467 0.916275 0.919066 0.921840 0.924599 0.927341 0.930069 0.932782 0.935481 0.938167 0.940840 0.943501 0.946150 0.948787 0.951414 0.954031 0.956638 0.959236 0.961825 0.964406 0.966980 0.969547 0.972107 0.974662 0.977211 0.979755 0.982295 0.984831 0.987364 0.989895 0.992423 0.994950 0.997475 1.000000))
(channel blue)
(curve
    (curve-type smooth)
    (n-points 17)
    (points 34 0.000000 0.000000 -1.000000 -1.000000 -1.000000 -1.000000 0.209091 0.207031 -1.000000 -1.000000 -1.000000 -1.000000 -1.000000 -1.000000 -1.000000 -1.000000 0.481818 0.632813 -1.000000 -1.000000 -1.000000 -1.000000 -1.000000 -1.000000 -1.000000 -1.000000 0.812121 0.707031 -1.000000 -1.000000 -1.000000 -1.000000 1.000000 1.000000)
    (n-samples 256)
    (samples 256 0.000000 0.003249 0.006500 0.009753 0.013011 0.016274 0.019543 0.022820 0.026107 0.029405 0.032714 0.036037 0.039375 0.042729 0.046100 0.049490 0.052900 0.056331 0.059785 0.063263 0.066766 0.070297 0.073855 0.077443 0.081061 0.084712 0.088396 0.092115 0.095870 0.099663 0.103494 0.107365 0.111278 0.115234 0.119234 0.123279 0.127371 0.131511 0.135701 0.139942 0.144234 0.148581 0.152982 0.157439 0.161954 0.166527 0.171161 0.175857 0.180615 0.185437 0.190325 0.195280 0.200303 0.207031 0.212250 0.217603 0.223084 0.228690 0.234415 0.240255 0.246205 0.252259 0.258414 0.264665 0.271006 0.277433 0.283942 0.290527 0.297184 0.303908 0.310694 0.317537 0.324433 0.331377 0.338364 0.345389 0.352448 0.359536 0.366647 0.373778 0.380924 0.388079 0.395240 0.402400 0.409556 0.416703 0.423835 0.430949 0.438039 0.445101 0.452129 0.459120 0.466068 0.472968 0.479816 0.486608 0.493337 0.500000 0.506592 0.513107 0.519542 0.525891 0.532150 0.538314 0.544378 0.550337 0.556187 0.561922 0.567539 0.573032 0.578396 0.583627 0.588720 0.593670 0.598473 0.603123 0.607617 0.611948 0.616113 0.620106 0.623923 0.627560 0.631010 0.632813 0.635986 0.639005 0.641874 0.644596 0.647175 0.649614 0.651918 0.654089 0.656131 0.658048 0.659844 0.661521 0.663085 0.664537 0.665883 0.667125 0.668267 0.669313 0.670266 0.671130 0.671909 0.672606 0.673225 0.673769 0.674242 0.674648 0.674989 0.675271 0.675496 0.675669 0.675792 0.675869 0.675904 0.675900 0.675862 0.675792 0.675695 0.675574 0.675432 0.675273 0.675101 0.674920 0.674732 0.674542 0.674353 0.674169 0.673994 0.673830 0.673682 0.673554 0.673448 0.673368 0.673319 0.673304 0.673325 0.673388 0.673495 0.673650 0.673857 0.674120 0.674441 0.674825 0.675275 0.675794 0.676388 0.677058 0.677809 0.678644 0.679566 0.680581 0.681690 0.682898 0.684208 0.685624 0.687150 0.688789 0.690544 0.692420 0.694420 0.696547 0.698805 0.701198 0.703730 0.707031 0.709914 0.713001 0.716288 0.719771 0.723446 0.727308 0.731352 0.735575 0.739972 0.744539 0.749270 0.754163 0.759213 0.764414 0.769764 0.775257 0.780889 0.786656 0.792553 0.798576 0.804721 0.810984 0.817359 0.823843 0.830432 0.837120 0.843903 0.850778 0.857740 0.864784 0.871906 0.879102 0.886368 0.893698 0.901089 0.908536 0.916036 0.923582 0.931173 0.938801 0.946465 0.954158 0.961877 0.969618 0.977376 0.985146 0.992925 1.000000))
(channel alpha)
(curve
    (curve-type smooth)
    (n-points 17)
    (points 34 0.000000 0.000000 -1.000000 -1.000000 -1.000000 -1.000000 -1.000000 -1.000000 -1.000000 -1.000000 -1.000000 -1.000000 -1.000000 -1.000000 -1.000000 -1.000000 -1.000000 -1.000000 -1.000000 -1.000000 -1.000000 -1.000000 -1.000000 -1.000000 -1.000000 -1.000000 -1.000000 -1.000000 -1.000000 -1.000000 -1.000000 -1.000000 1.000000 1.000000)
    (n-samples 256)
    (samples 256 0.000000 0.003922 0.007843 0.011765 0.015686 0.019608 0.023529 0.027451 0.031373 0.035294 0.039216 0.043137 0.047059 0.050980 0.054902 0.058824 0.062745 0.066667 0.070588 0.074510 0.078431 0.082353 0.086275 0.090196 0.094118 0.098039 0.101961 0.105882 0.109804 0.113725 0.117647 0.121569 0.125490 0.129412 0.133333 0.137255 0.141176 0.145098 0.149020 0.152941 0.156863 0.160784 0.164706 0.168627 0.172549 0.176471 0.180392 0.184314 0.188235 0.192157 0.196078 0.200000 0.203922 0.207843 0.211765 0.215686 0.219608 0.223529 0.227451 0.231373 0.235294 0.239216 0.243137 0.247059 0.250980 0.254902 0.258824 0.262745 0.266667 0.270588 0.274510 0.278431 0.282353 0.286275 0.290196 0.294118 0.298039 0.301961 0.305882 0.309804 0.313725 0.317647 0.321569 0.325490 0.329412 0.333333 0.337255 0.341176 0.345098 0.349020 0.352941 0.356863 0.360784 0.364706 0.368627 0.372549 0.376471 0.380392 0.384314 0.388235 0.392157 0.396078 0.400000 0.403922 0.407843 0.411765 0.415686 0.419608 0.423529 0.427451 0.431373 0.435294 0.439216 0.443137 0.447059 0.450980 0.454902 0.458824 0.462745 0.466667 0.470588 0.474510 0.478431 0.482353 0.486275 0.490196 0.494118 0.498039 0.501961 0.505882 0.509804 0.513725 0.517647 0.521569 0.525490 0.529412 0.533333 0.537255 0.541176 0.545098 0.549020 0.552941 0.556863 0.560784 0.564706 0.568627 0.572549 0.576471 0.580392 0.584314 0.588235 0.592157 0.596078 0.600000 0.603922 0.607843 0.611765 0.615686 0.619608 0.623529 0.627451 0.631373 0.635294 0.639216 0.643137 0.647059 0.650980 0.654902 0.658824 0.662745 0.666667 0.670588 0.674510 0.678431 0.682353 0.686275 0.690196 0.694118 0.698039 0.701961 0.705882 0.709804 0.713725 0.717647 0.721569 0.725490 0.729412 0.733333 0.737255 0.741176 0.745098 0.749020 0.752941 0.756863 0.760784 0.764706 0.768627 0.772549 0.776471 0.780392 0.784314 0.788235 0.792157 0.796078 0.800000 0.803922 0.807843 0.811765 0.815686 0.819608 0.823529 0.827451 0.831373 0.835294 0.839216 0.843137 0.847059 0.850980 0.854902 0.858824 0.862745 0.866667 0.870588 0.874510 0.878431 0.882353 0.886275 0.890196 0.894118 0.898039 0.901961 0.905882 0.909804 0.913725 0.917647 0.921569 0.925490 0.929412 0.933333 0.937255 0.941176 0.945098 0.949020 0.952941 0.956863 0.960784 0.964706 0.968627 0.972549 0.976471 0.980392 0.984314 0.988235 0.992157 0.996078 1.000000))

# end of curves tool settings
