# GIMP curves tool settings

(time 0)
(channel value)
(curve
    (curve-type smooth)
    (n-points 17)
    (points 34 0.000000 0.000000 -1.000000 -1.000000 -1.000000 -1.000000 -1.000000 -1.000000 -1.000000 -1.000000 -1.000000 -1.000000 -1.000000 -1.000000 -1.000000 -1.000000 -1.000000 -1.000000 -1.000000 -1.000000 0.603030 0.414063 -1.000000 -1.000000 -1.000000 -1.000000 0.781818 0.707031 -1.000000 -1.000000 -1.000000 -1.000000 1.000000 1.000000)
    (n-samples 256)
    (samples 256 0.000000 0.002266 0.004532 0.006798 0.009064 0.011331 0.013599 0.015867 0.018136 0.020406 0.022676 0.024948 0.027221 0.029495 0.031771 0.034048 0.036327 0.038608 0.040890 0.043174 0.045461 0.047749 0.050040 0.052333 0.054629 0.056927 0.059229 0.061532 0.063839 0.066149 0.068462 0.070778 0.073098 0.075421 0.077747 0.080078 0.082412 0.084750 0.087092 0.089438 0.091788 0.094143 0.096502 0.098865 0.101234 0.103607 0.105985 0.108368 0.110756 0.113149 0.115547 0.117951 0.120361 0.122776 0.125197 0.127623 0.130056 0.132495 0.134940 0.137391 0.139848 0.142312 0.144783 0.147260 0.149745 0.152236 0.154734 0.157239 0.159752 0.162272 0.164799 0.167334 0.169877 0.172427 0.174986 0.177552 0.180127 0.182710 0.185301 0.187900 0.190508 0.193125 0.195751 0.198385 0.201029 0.203681 0.206343 0.209014 0.211694 0.214384 0.217084 0.219793 0.222513 0.225242 0.227981 0.230731 0.233490 0.236260 0.239041 0.241832 0.244634 0.247447 0.250271 0.253106 0.255952 0.258809 0.261678 0.264558 0.267449 0.270353 0.273268 0.276195 0.279134 0.282085 0.285049 0.288025 0.291013 0.294014 0.297028 0.300054 0.303093 0.306145 0.309211 0.312289 0.315381 0.318486 0.321605 0.324738 0.327884 0.331044 0.334218 0.337406 0.340608 0.343825 0.347056 0.350302 0.353562 0.356837 0.360126 0.363431 0.366751 0.370086 0.373436 0.376802 0.380183 0.383579 0.386992 0.390420 0.393864 0.397324 0.400800 0.404293 0.407802 0.411327 0.414063 0.417748 0.421703 0.425919 0.430385 0.435091 0.440027 0.445182 0.450547 0.456112 0.461866 0.467799 0.473900 0.480161 0.486570 0.493118 0.499794 0.506588 0.513490 0.520490 0.527578 0.534743 0.541976 0.549266 0.556603 0.563977 0.571378 0.578795 0.586219 0.593639 0.601046 0.608428 0.615777 0.623081 0.630330 0.637515 0.644626 0.651651 0.658581 0.665406 0.672116 0.678700 0.685149 0.691452 0.697599 0.707031 0.712806 0.718552 0.724272 0.729965 0.735631 0.741272 0.746888 0.752479 0.758047 0.763590 0.769111 0.774608 0.780084 0.785538 0.790971 0.796384 0.801776 0.807149 0.812503 0.817838 0.823155 0.828455 0.833737 0.839003 0.844253 0.849488 0.854707 0.859912 0.865103 0.870281 0.875445 0.880597 0.885737 0.890866 0.895984 0.901091 0.906188 0.911276 0.916355 0.921425 0.926488 0.931543 0.936591 0.941633 0.946669 0.951699 0.956725 0.961746 0.966764 0.971778 0.976789 0.981798 0.986805 0.991810 0.996815 1.000000))
(channel red)
(curve
    (curve-type smooth)
    (n-points 17)
    (points 34 0.000000 0.000000 -1.000000 -1.000000 -1.000000 -1.000000 -1.000000 -1.000000 0.239394 0.523438 -1.000000 -1.000000 -1.000000 -1.000000 -1.000000 -1.000000 -1.000000 -1.000000 0.572727 0.464844 -1.000000 -1.000000 -1.000000 -1.000000 -1.000000 -1.000000 0.784848 0.812500 -1.000000 -1.000000 -1.000000 -1.000000 1.000000 1.000000)
    (n-samples 256)
    (samples 256 0.000000 0.011270 0.022535 0.033792 0.045035 0.056262 0.067466 0.078645 0.089793 0.100906 0.111981 0.123011 0.133995 0.144926 0.155800 0.166614 0.177363 0.188043 0.198648 0.209176 0.219621 0.229979 0.240246 0.250417 0.260489 0.270457 0.280316 0.290062 0.299691 0.309198 0.318580 0.327831 0.336948 0.345926 0.354760 0.363447 0.371983 0.380361 0.388580 0.396633 0.404517 0.412228 0.419760 0.427110 0.434274 0.441247 0.448024 0.454601 0.460975 0.467140 0.473093 0.478828 0.484343 0.489631 0.494689 0.499513 0.504099 0.508441 0.512536 0.516379 0.519966 0.523438 0.526498 0.529316 0.531898 0.534249 0.536375 0.538281 0.539973 0.541456 0.542736 0.543818 0.544708 0.545411 0.545934 0.546280 0.546456 0.546468 0.546321 0.546020 0.545570 0.544979 0.544250 0.543390 0.542403 0.541297 0.540075 0.538743 0.537308 0.535774 0.534147 0.532433 0.530637 0.528765 0.526821 0.524813 0.522744 0.520621 0.518449 0.516234 0.513981 0.511696 0.509384 0.507050 0.504701 0.502342 0.499978 0.497615 0.495258 0.492913 0.490585 0.488280 0.486003 0.483761 0.481557 0.479399 0.477291 0.475239 0.473248 0.471325 0.469474 0.467700 0.466011 0.464410 0.462904 0.461498 0.460197 0.459008 0.457935 0.456984 0.456161 0.455470 0.454919 0.454512 0.454254 0.454152 0.454210 0.454434 0.454831 0.455404 0.456160 0.457105 0.458243 0.459580 0.461123 0.462875 0.464844 0.467109 0.469739 0.472724 0.476050 0.479705 0.483678 0.487956 0.492528 0.497381 0.502504 0.507884 0.513509 0.519368 0.525448 0.531737 0.538224 0.544896 0.551741 0.558747 0.565902 0.573194 0.580612 0.588142 0.595774 0.603495 0.611292 0.619155 0.627070 0.635027 0.643012 0.651014 0.659021 0.667021 0.675001 0.682950 0.690856 0.698707 0.706490 0.714194 0.721807 0.729316 0.736710 0.743976 0.751103 0.758078 0.764890 0.771526 0.777974 0.784223 0.790260 0.796074 0.801652 0.806982 0.812500 0.817371 0.822162 0.826874 0.831509 0.836068 0.840553 0.844966 0.849306 0.853578 0.857780 0.861916 0.865987 0.869994 0.873939 0.877822 0.881646 0.885413 0.889123 0.892778 0.896380 0.899930 0.903429 0.906879 0.910282 0.913639 0.916952 0.920222 0.923450 0.926638 0.929787 0.932900 0.935977 0.939020 0.942030 0.945009 0.947959 0.950881 0.953776 0.956646 0.959492 0.962316 0.965120 0.967904 0.970671 0.973421 0.976157 0.978880 0.981591 0.984291 0.986983 0.989668 0.992347 0.995022 0.997694 1.000000))
(channel green)
(curve
    (curve-type smooth)
    (n-points 17)
    (points 34 0.000000 0.000000 -1.000000 -1.000000 -1.000000 -1.000000 -1.000000 -1.000000 -1.000000 -1.000000 -1.000000 -1.000000 -1.000000 -1.000000 -1.000000 -1.000000 0.527273 0.558594 -1.000000 -1.000000 -1.000000 -1.000000 -1.000000 -1.000000 -1.000000 -1.000000 -1.000000 -1.000000 -1.000000 -1.000000 -1.000000 -1.000000 1.000000 1.000000)
    (n-samples 256)
    (samples 256 0.000000 0.004271 0.008542 0.012813 0.017084 0.021354 0.025625 0.029895 0.034165 0.038434 0.042703 0.046972 0.051241 0.055509 0.059776 0.064043 0.068309 0.072575 0.076840 0.081105 0.085368 0.089631 0.093893 0.098154 0.102415 0.106674 0.110933 0.115190 0.119446 0.123702 0.127956 0.132209 0.136461 0.140711 0.144960 0.149208 0.153455 0.157700 0.161944 0.166186 0.170427 0.174667 0.178904 0.183140 0.187375 0.191608 0.195838 0.200068 0.204295 0.208521 0.212744 0.216966 0.221186 0.225403 0.229619 0.233833 0.238044 0.242253 0.246460 0.250665 0.254868 0.259068 0.263266 0.267461 0.271655 0.275845 0.280033 0.284219 0.288402 0.292582 0.296760 0.300934 0.305107 0.309276 0.313443 0.317606 0.321767 0.325925 0.330080 0.334232 0.338381 0.342526 0.346669 0.350808 0.354945 0.359078 0.363207 0.367334 0.371457 0.375576 0.379692 0.383805 0.387914 0.392020 0.396122 0.400220 0.404315 0.408406 0.412493 0.416577 0.420656 0.424732 0.428804 0.432872 0.436936 0.440996 0.445052 0.449103 0.453151 0.457194 0.461234 0.465269 0.469299 0.473326 0.477348 0.481365 0.485378 0.489387 0.493391 0.497391 0.501386 0.505376 0.509362 0.513343 0.517319 0.521290 0.525257 0.529218 0.533175 0.537127 0.541074 0.545016 0.548953 0.552884 0.558594 0.562512 0.566424 0.570330 0.574229 0.578122 0.582009 0.585889 0.589764 0.593633 0.597495 0.601352 0.605202 0.609047 0.612887 0.616720 0.620548 0.624370 0.628187 0.631998 0.635803 0.639604 0.643399 0.647188 0.650973 0.654752 0.658526 0.662295 0.666059 0.669818 0.673572 0.677322 0.681066 0.684806 0.688541 0.692271 0.695997 0.699718 0.703435 0.707148 0.710856 0.714559 0.718259 0.721954 0.725645 0.729332 0.733015 0.736694 0.740369 0.744040 0.747707 0.751370 0.755030 0.758686 0.762338 0.765987 0.769633 0.773274 0.776913 0.780548 0.784180 0.787808 0.791434 0.795056 0.798675 0.802291 0.805904 0.809514 0.813121 0.816726 0.820328 0.823927 0.827523 0.831117 0.834708 0.838297 0.841883 0.845467 0.849048 0.852628 0.856205 0.859779 0.863352 0.866923 0.870491 0.874058 0.877623 0.881186 0.884747 0.888306 0.891864 0.895420 0.898974 0.902527 0.906079 0.909629 0.913177 0.916725 0.920271 0.923816 0.927359 0.930902 0.934444 0.937984 0.941524 0.945063 0.948600 0.952138 0.955674 0.959210 0.962745 0.966279 0.969813 0.973347 0.976880 0.980413 0.983945 0.987478 0.991010 0.994542 0.998074 1.000000))
(channel blue)
(curve
    (curve-type smooth)
    (n-points 17)
    (points 34 0.000000 0.000000 -1.000000 -1.000000 -1.000000 -1.000000 -1.000000 -1.000000 0.266667 0.375000 -1.000000 -1.000000 -1.000000 -1.000000 -1.000000 -1.000000 0.527273 0.570313 -1.000000 -1.000000 0.645455 0.675781 -1.000000 -1.000000 -1.000000 -1.000000 -1.000000 -1.000000 -1.000000 -1.000000 -1.000000 -1.000000 1.000000 1.000000)
    (n-samples 256)
    (samples 256 0.000000 0.006151 0.012301 0.018450 0.024596 0.030739 0.036878 0.043011 0.049139 0.055261 0.061375 0.067480 0.073577 0.079663 0.085739 0.091804 0.097856 0.103894 0.109919 0.115929 0.121923 0.127901 0.133861 0.139803 0.145726 0.151630 0.157512 0.163374 0.169212 0.175028 0.180820 0.186587 0.192328 0.198043 0.203731 0.209391 0.215022 0.220623 0.226193 0.231732 0.237239 0.242713 0.248153 0.253558 0.258928 0.264261 0.269557 0.274816 0.280035 0.285215 0.290354 0.295452 0.300508 0.305521 0.310490 0.315415 0.320294 0.325127 0.329913 0.334651 0.339340 0.343979 0.348569 0.353107 0.357593 0.362026 0.366405 0.370730 0.375000 0.379200 0.383319 0.387358 0.391319 0.395204 0.399016 0.402757 0.406427 0.410030 0.413568 0.417042 0.420454 0.423807 0.427102 0.430341 0.433527 0.436662 0.439746 0.442784 0.445776 0.448724 0.451631 0.454498 0.457328 0.460122 0.462883 0.465612 0.468312 0.470984 0.473631 0.476255 0.478857 0.481439 0.484005 0.486554 0.489091 0.491616 0.494131 0.496639 0.499142 0.501642 0.504140 0.506638 0.509140 0.511646 0.514158 0.516680 0.519212 0.521756 0.524316 0.526892 0.529487 0.532102 0.534740 0.537403 0.540093 0.542811 0.545561 0.548343 0.551159 0.554013 0.556905 0.559838 0.562814 0.565835 0.570313 0.573450 0.576631 0.579856 0.583121 0.586424 0.589764 0.593138 0.596544 0.599980 0.603444 0.606933 0.610446 0.613981 0.617535 0.621106 0.624692 0.628291 0.631901 0.635519 0.639145 0.642775 0.646407 0.650039 0.653670 0.657296 0.660917 0.664529 0.668131 0.671720 0.675295 0.675781 0.679346 0.682912 0.686478 0.690045 0.693613 0.697181 0.700750 0.704320 0.707890 0.711461 0.715033 0.718605 0.722178 0.725751 0.729325 0.732900 0.736475 0.740051 0.743628 0.747205 0.750782 0.754360 0.757939 0.761518 0.765098 0.768678 0.772259 0.775840 0.779422 0.783004 0.786587 0.790170 0.793753 0.797338 0.800922 0.804507 0.808092 0.811678 0.815265 0.818851 0.822438 0.826026 0.829614 0.833202 0.836790 0.840379 0.843969 0.847558 0.851148 0.854738 0.858329 0.861920 0.865511 0.869103 0.872695 0.876287 0.879879 0.883472 0.887065 0.890658 0.894251 0.897845 0.901439 0.905033 0.908627 0.912221 0.915816 0.919411 0.923006 0.926601 0.930196 0.933792 0.937388 0.940983 0.944579 0.948175 0.951772 0.955368 0.958964 0.962561 0.966157 0.969754 0.973351 0.976947 0.980544 0.984141 0.987738 0.991335 0.994932 1.000000))
(channel alpha)
(curve
    (curve-type smooth)
    (n-points 17)
    (points 34 0.000000 0.000000 -1.000000 -1.000000 -1.000000 -1.000000 -1.000000 -1.000000 -1.000000 -1.000000 -1.000000 -1.000000 -1.000000 -1.000000 -1.000000 -1.000000 -1.000000 -1.000000 -1.000000 -1.000000 -1.000000 -1.000000 -1.000000 -1.000000 -1.000000 -1.000000 -1.000000 -1.000000 -1.000000 -1.000000 -1.000000 -1.000000 1.000000 1.000000)
    (n-samples 256)
    (samples 256 0.000000 0.003922 0.007843 0.011765 0.015686 0.019608 0.023529 0.027451 0.031373 0.035294 0.039216 0.043137 0.047059 0.050980 0.054902 0.058824 0.062745 0.066667 0.070588 0.074510 0.078431 0.082353 0.086275 0.090196 0.094118 0.098039 0.101961 0.105882 0.109804 0.113725 0.117647 0.121569 0.125490 0.129412 0.133333 0.137255 0.141176 0.145098 0.149020 0.152941 0.156863 0.160784 0.164706 0.168627 0.172549 0.176471 0.180392 0.184314 0.188235 0.192157 0.196078 0.200000 0.203922 0.207843 0.211765 0.215686 0.219608 0.223529 0.227451 0.231373 0.235294 0.239216 0.243137 0.247059 0.250980 0.254902 0.258824 0.262745 0.266667 0.270588 0.274510 0.278431 0.282353 0.286275 0.290196 0.294118 0.298039 0.301961 0.305882 0.309804 0.313725 0.317647 0.321569 0.325490 0.329412 0.333333 0.337255 0.341176 0.345098 0.349020 0.352941 0.356863 0.360784 0.364706 0.368627 0.372549 0.376471 0.380392 0.384314 0.388235 0.392157 0.396078 0.400000 0.403922 0.407843 0.411765 0.415686 0.419608 0.423529 0.427451 0.431373 0.435294 0.439216 0.443137 0.447059 0.450980 0.454902 0.458824 0.462745 0.466667 0.470588 0.474510 0.478431 0.482353 0.486275 0.490196 0.494118 0.498039 0.501961 0.505882 0.509804 0.513725 0.517647 0.521569 0.525490 0.529412 0.533333 0.537255 0.541176 0.545098 0.549020 0.552941 0.556863 0.560784 0.564706 0.568627 0.572549 0.576471 0.580392 0.584314 0.588235 0.592157 0.596078 0.600000 0.603922 0.607843 0.611765 0.615686 0.619608 0.623529 0.627451 0.631373 0.635294 0.639216 0.643137 0.647059 0.650980 0.654902 0.658824 0.662745 0.666667 0.670588 0.674510 0.678431 0.682353 0.686275 0.690196 0.694118 0.698039 0.701961 0.705882 0.709804 0.713725 0.717647 0.721569 0.725490 0.729412 0.733333 0.737255 0.741176 0.745098 0.749020 0.752941 0.756863 0.760784 0.764706 0.768627 0.772549 0.776471 0.780392 0.784314 0.788235 0.792157 0.796078 0.800000 0.803922 0.807843 0.811765 0.815686 0.819608 0.823529 0.827451 0.831373 0.835294 0.839216 0.843137 0.847059 0.850980 0.854902 0.858824 0.862745 0.866667 0.870588 0.874510 0.878431 0.882353 0.886275 0.890196 0.894118 0.898039 0.901961 0.905882 0.909804 0.913725 0.917647 0.921569 0.925490 0.929412 0.933333 0.937255 0.941176 0.945098 0.949020 0.952941 0.956863 0.960784 0.964706 0.968627 0.972549 0.976471 0.980392 0.984314 0.988235 0.992157 0.996078 1.000000))

# end of curves tool settings
