# GIMP curves tool settings

(time 0)
(channel value)
(curve
    (curve-type smooth)
    (n-points 17)
    (points 34 -1.000000 -1.000000 -1.000000 -1.000000 0.109756 0.003861 -1.000000 -1.000000 -1.000000 -1.000000 -1.000000 -1.000000 -1.000000 -1.000000 -1.000000 -1.000000 -1.000000 -1.000000 -1.000000 -1.000000 -1.000000 -1.000000 -1.000000 -1.000000 -1.000000 -1.000000 -1.000000 -1.000000 -1.000000 -1.000000 -1.000000 -1.000000 1.000000 1.000000)
    (n-samples 256)
    (samples 256 0.003861 0.003861 0.003861 0.003861 0.003861 0.003861 0.003861 0.003861 0.003861 0.003861 0.003861 0.003861 0.003861 0.003861 0.003861 0.003861 0.003861 0.003861 0.003861 0.003861 0.003861 0.003861 0.003861 0.003861 0.003861 0.003861 0.003861 0.003861 0.003861 0.008249 0.012637 0.017025 0.021413 0.025801 0.030189 0.034577 0.038965 0.043353 0.047741 0.052129 0.056517 0.060906 0.065294 0.069682 0.074070 0.078458 0.082846 0.087234 0.091622 0.096010 0.100398 0.104786 0.109174 0.113562 0.117950 0.122338 0.126726 0.131114 0.135502 0.139890 0.144278 0.148666 0.153054 0.157442 0.161830 0.166219 0.170607 0.174995 0.179383 0.183771 0.188159 0.192547 0.196935 0.201323 0.205711 0.210099 0.214487 0.218875 0.223263 0.227651 0.232039 0.236427 0.240815 0.245203 0.249591 0.253979 0.258367 0.262755 0.267143 0.271532 0.275920 0.280308 0.284696 0.289084 0.293472 0.297860 0.302248 0.306636 0.311024 0.315412 0.319800 0.324188 0.328576 0.332964 0.337352 0.341740 0.346128 0.350516 0.354904 0.359292 0.363680 0.368068 0.372456 0.376845 0.381233 0.385621 0.390009 0.394397 0.398785 0.403173 0.407561 0.411949 0.416337 0.420725 0.425113 0.429501 0.433889 0.438277 0.442665 0.447053 0.451441 0.455829 0.460217 0.464605 0.468993 0.473381 0.477769 0.482158 0.486546 0.490934 0.495322 0.499710 0.504098 0.508486 0.512874 0.517262 0.521650 0.526038 0.530426 0.534814 0.539202 0.543590 0.547978 0.552366 0.556754 0.561142 0.565530 0.569918 0.574306 0.578694 0.583082 0.587470 0.591859 0.596247 0.600635 0.605023 0.609411 0.613799 0.618187 0.622575 0.626963 0.631351 0.635739 0.640127 0.644515 0.648903 0.653291 0.657679 0.662067 0.666455 0.670843 0.675231 0.679619 0.684007 0.688395 0.692783 0.697172 0.701560 0.705948 0.710336 0.714724 0.719112 0.723500 0.727888 0.732276 0.736664 0.741052 0.745440 0.749828 0.754216 0.758604 0.762992 0.767380 0.771768 0.776156 0.780544 0.784932 0.789320 0.793708 0.798096 0.802485 0.806873 0.811261 0.815649 0.820037 0.824425 0.828813 0.833201 0.837589 0.841977 0.846365 0.850753 0.855141 0.859529 0.863917 0.868305 0.872693 0.877081 0.881469 0.885857 0.890245 0.894633 0.899021 0.903409 0.907798 0.912186 0.916574 0.920962 0.925350 0.929738 0.934126 0.938514 0.942902 0.947290 0.951678 0.956066 0.960454 0.964842 0.969230 0.973618 0.978006 0.982394 0.986782 0.991170 0.995558 1.000000))
(time 0)
(channel red)
(curve
    (curve-type smooth)
    (n-points 17)
    (points 34 0.000000 0.000000 -1.000000 -1.000000 -1.000000 -1.000000 -1.000000 -1.000000 0.234756 0.181467 -1.000000 -1.000000 -1.000000 -1.000000 0.442073 0.478764 -1.000000 -1.000000 -1.000000 -1.000000 -1.000000 -1.000000 -1.000000 -1.000000 -1.000000 -1.000000 -1.000000 -1.000000 -1.000000 -1.000000 -1.000000 -1.000000 1.000000 1.000000)
    (n-samples 256)
    (samples 256 0.000000 0.002424 0.004848 0.007275 0.009705 0.012139 0.014578 0.017023 0.019475 0.021936 0.024405 0.026885 0.029376 0.031879 0.034395 0.036926 0.039472 0.042034 0.044613 0.047211 0.049828 0.052465 0.055124 0.057805 0.060510 0.063239 0.065993 0.068774 0.071583 0.074420 0.077286 0.080183 0.083112 0.086073 0.089067 0.092097 0.095161 0.098263 0.101402 0.104580 0.107797 0.111056 0.114356 0.117698 0.121085 0.124516 0.127993 0.131517 0.135089 0.138709 0.142380 0.146101 0.149874 0.153700 0.157580 0.161515 0.165506 0.169554 0.173660 0.177825 0.181467 0.185792 0.190269 0.194893 0.199657 0.204554 0.209580 0.214728 0.219992 0.225366 0.230844 0.236420 0.242088 0.247842 0.253676 0.259584 0.265560 0.271597 0.277690 0.283833 0.290020 0.296245 0.302501 0.308783 0.315085 0.321400 0.327724 0.334048 0.340368 0.346678 0.352972 0.359243 0.365485 0.371693 0.377860 0.383981 0.390049 0.396059 0.402004 0.407878 0.413675 0.419390 0.425016 0.430548 0.435978 0.441302 0.446513 0.451605 0.456573 0.461409 0.466109 0.470665 0.475073 0.478764 0.482953 0.487131 0.491298 0.495454 0.499599 0.503733 0.507857 0.511970 0.516072 0.520164 0.524245 0.528316 0.532377 0.536428 0.540468 0.544499 0.548520 0.552530 0.556531 0.560523 0.564504 0.568476 0.572439 0.576392 0.580336 0.584271 0.588197 0.592113 0.596021 0.599919 0.603809 0.607690 0.611562 0.615426 0.619281 0.623128 0.626967 0.630797 0.634619 0.638432 0.642238 0.646036 0.649826 0.653608 0.657382 0.661149 0.664908 0.668660 0.672404 0.676141 0.679870 0.683593 0.687308 0.691016 0.694718 0.698412 0.702100 0.705781 0.709455 0.713123 0.716784 0.720439 0.724087 0.727730 0.731366 0.734996 0.738620 0.742238 0.745851 0.749457 0.753058 0.756653 0.760243 0.763827 0.767406 0.770980 0.774548 0.778112 0.781670 0.785223 0.788771 0.792315 0.795854 0.799388 0.802917 0.806442 0.809963 0.813479 0.816991 0.820499 0.824003 0.827502 0.830998 0.834490 0.837978 0.841462 0.844942 0.848420 0.851893 0.855363 0.858830 0.862294 0.865754 0.869212 0.872666 0.876117 0.879566 0.883012 0.886455 0.889895 0.893333 0.896768 0.900201 0.903632 0.907061 0.910487 0.913911 0.917334 0.920754 0.924173 0.927590 0.931005 0.934418 0.937830 0.941241 0.944650 0.948058 0.951465 0.954871 0.958275 0.961679 0.965082 0.968484 0.971885 0.975285 0.978685 0.982085 0.985484 0.988883 0.992281 0.995680 1.000000))
(time 0)
(channel green)
(curve
    (curve-type smooth)
    (n-points 17)
    (points 34 0.000000 0.000000 -1.000000 -1.000000 -1.000000 -1.000000 -1.000000 -1.000000 -1.000000 -1.000000 -1.000000 -1.000000 -1.000000 -1.000000 -1.000000 -1.000000 0.521341 0.540541 -1.000000 -1.000000 -1.000000 -1.000000 -1.000000 -1.000000 -1.000000 -1.000000 -1.000000 -1.000000 -1.000000 -1.000000 -1.000000 -1.000000 1.000000 1.000000)
    (n-samples 256)
    (samples 256 0.000000 0.004138 0.008276 0.012415 0.016553 0.020691 0.024828 0.028966 0.033104 0.037241 0.041378 0.045515 0.049651 0.053788 0.057924 0.062059 0.066195 0.070329 0.074464 0.078598 0.082731 0.086864 0.090997 0.095129 0.099260 0.103391 0.107522 0.111651 0.115780 0.119908 0.124036 0.128163 0.132289 0.136414 0.140538 0.144662 0.148785 0.152907 0.157028 0.161148 0.165267 0.169385 0.173502 0.177618 0.181733 0.185847 0.189960 0.194071 0.198182 0.202291 0.206399 0.210506 0.214612 0.218717 0.222820 0.226921 0.231022 0.235121 0.239219 0.243315 0.247410 0.251503 0.255595 0.259685 0.263774 0.267861 0.271947 0.276031 0.280113 0.284194 0.288273 0.292350 0.296426 0.300499 0.304571 0.308642 0.312710 0.316776 0.320841 0.324904 0.328964 0.333023 0.337080 0.341135 0.345187 0.349238 0.353287 0.357333 0.361378 0.365420 0.369460 0.373498 0.377533 0.381567 0.385598 0.389626 0.393653 0.397677 0.401698 0.405718 0.409735 0.413749 0.417761 0.421770 0.425777 0.429782 0.433783 0.437783 0.441779 0.445773 0.449764 0.453753 0.457739 0.461722 0.465702 0.469679 0.473654 0.477626 0.481595 0.485561 0.489524 0.493484 0.497442 0.501396 0.505347 0.509295 0.513240 0.517183 0.521121 0.525057 0.528990 0.532919 0.536846 0.540541 0.544461 0.548376 0.552288 0.556197 0.560101 0.564002 0.567899 0.571793 0.575682 0.579569 0.583451 0.587331 0.591206 0.595079 0.598947 0.602813 0.606675 0.610534 0.614389 0.618241 0.622090 0.625936 0.629779 0.633618 0.637455 0.641288 0.645118 0.648945 0.652769 0.656591 0.660409 0.664225 0.668037 0.671847 0.675654 0.679458 0.683260 0.687059 0.690855 0.694649 0.698440 0.702228 0.706014 0.709797 0.713578 0.717357 0.721133 0.724906 0.728678 0.732447 0.736213 0.739978 0.743740 0.747500 0.751258 0.755014 0.758767 0.762519 0.766269 0.770016 0.773762 0.777506 0.781247 0.784987 0.788725 0.792462 0.796196 0.799929 0.803660 0.807389 0.811117 0.814843 0.818568 0.822291 0.826012 0.829732 0.833450 0.837168 0.840883 0.844597 0.848310 0.852022 0.855733 0.859442 0.863150 0.866856 0.870562 0.874267 0.877970 0.881672 0.885374 0.889074 0.892774 0.896472 0.900170 0.903867 0.907563 0.911258 0.914952 0.918646 0.922339 0.926031 0.929723 0.933414 0.937104 0.940794 0.944484 0.948173 0.951861 0.955549 0.959237 0.962925 0.966612 0.970298 0.973985 0.977671 0.981357 0.985043 0.988729 0.992415 0.996100 1.000000))
(time 0)
(channel blue)
(curve
    (curve-type smooth)
    (n-points 17)
    (points 34 0.000000 0.000000 -1.000000 -1.000000 -1.000000 -1.000000 -1.000000 -1.000000 -1.000000 -1.000000 -1.000000 -1.000000 0.381098 0.409266 -1.000000 -1.000000 -1.000000 -1.000000 -1.000000 -1.000000 -1.000000 -1.000000 -1.000000 -1.000000 -1.000000 -1.000000 -1.000000 -1.000000 -1.000000 -1.000000 -1.000000 -1.000000 1.000000 1.000000)
    (n-samples 256)
    (samples 256 0.000000 0.004356 0.008713 0.013069 0.017424 0.021780 0.026135 0.030489 0.034843 0.039196 0.043548 0.047899 0.052250 0.056599 0.060947 0.065293 0.069639 0.073983 0.078325 0.082665 0.087004 0.091341 0.095676 0.100009 0.104340 0.108669 0.112995 0.117319 0.121641 0.125960 0.130276 0.134590 0.138900 0.143208 0.147513 0.151814 0.156113 0.160408 0.164699 0.168987 0.173272 0.177553 0.181830 0.186103 0.190372 0.194637 0.198898 0.203155 0.207408 0.211656 0.215899 0.220138 0.224372 0.228602 0.232826 0.237046 0.241261 0.245470 0.249674 0.253873 0.258066 0.262254 0.266436 0.270613 0.274784 0.278948 0.283107 0.287260 0.291406 0.295547 0.299681 0.303808 0.307929 0.312044 0.316151 0.320252 0.324346 0.328433 0.332513 0.336585 0.340651 0.344709 0.348759 0.352802 0.356838 0.360865 0.364885 0.368897 0.372901 0.376897 0.380884 0.384863 0.388834 0.392797 0.396751 0.400696 0.404632 0.409266 0.413186 0.417102 0.421016 0.424925 0.428832 0.432735 0.436635 0.440532 0.444425 0.448316 0.452203 0.456087 0.459968 0.463845 0.467720 0.471592 0.475460 0.479326 0.483188 0.487047 0.490904 0.494758 0.498608 0.502456 0.506301 0.510143 0.513982 0.517819 0.521652 0.525483 0.529311 0.533137 0.536959 0.540779 0.544596 0.548411 0.552223 0.556033 0.559840 0.563644 0.567446 0.571245 0.575042 0.578836 0.582628 0.586417 0.590204 0.593989 0.597771 0.601551 0.605329 0.609104 0.612877 0.616648 0.620417 0.624183 0.627947 0.631709 0.635469 0.639227 0.642983 0.646736 0.650488 0.654237 0.657985 0.661730 0.665474 0.669215 0.672955 0.676692 0.680428 0.684162 0.687894 0.691625 0.695353 0.699080 0.702805 0.706528 0.710249 0.713969 0.717687 0.721404 0.725119 0.728832 0.732543 0.736253 0.739962 0.743669 0.747374 0.751078 0.754781 0.758482 0.762182 0.765880 0.769577 0.773273 0.776967 0.780660 0.784352 0.788042 0.791731 0.795419 0.799106 0.802791 0.806476 0.810159 0.813841 0.817522 0.821202 0.824881 0.828559 0.832236 0.835912 0.839587 0.843261 0.846934 0.850606 0.854278 0.857948 0.861618 0.865287 0.868955 0.872622 0.876288 0.879954 0.883619 0.887284 0.890947 0.894610 0.898273 0.901935 0.905596 0.909257 0.912917 0.916577 0.920236 0.923895 0.927553 0.931211 0.934868 0.938525 0.942182 0.945838 0.949494 0.953150 0.956806 0.960461 0.964116 0.967771 0.971425 0.975080 0.978734 0.982388 0.986042 0.989696 0.993350 0.997004 1.000000))
(time 0)
(channel alpha)
(curve
    (curve-type smooth)
    (n-points 17)
    (points 34 0.000000 0.000000 -1.000000 -1.000000 -1.000000 -1.000000 -1.000000 -1.000000 -1.000000 -1.000000 -1.000000 -1.000000 -1.000000 -1.000000 -1.000000 -1.000000 -1.000000 -1.000000 -1.000000 -1.000000 -1.000000 -1.000000 -1.000000 -1.000000 -1.000000 -1.000000 -1.000000 -1.000000 -1.000000 -1.000000 -1.000000 -1.000000 1.000000 1.000000)
    (n-samples 256)
    (samples 256 0.000000 0.003922 0.007843 0.011765 0.015686 0.019608 0.023529 0.027451 0.031373 0.035294 0.039216 0.043137 0.047059 0.050980 0.054902 0.058824 0.062745 0.066667 0.070588 0.074510 0.078431 0.082353 0.086275 0.090196 0.094118 0.098039 0.101961 0.105882 0.109804 0.113725 0.117647 0.121569 0.125490 0.129412 0.133333 0.137255 0.141176 0.145098 0.149020 0.152941 0.156863 0.160784 0.164706 0.168627 0.172549 0.176471 0.180392 0.184314 0.188235 0.192157 0.196078 0.200000 0.203922 0.207843 0.211765 0.215686 0.219608 0.223529 0.227451 0.231373 0.235294 0.239216 0.243137 0.247059 0.250980 0.254902 0.258824 0.262745 0.266667 0.270588 0.274510 0.278431 0.282353 0.286275 0.290196 0.294118 0.298039 0.301961 0.305882 0.309804 0.313725 0.317647 0.321569 0.325490 0.329412 0.333333 0.337255 0.341176 0.345098 0.349020 0.352941 0.356863 0.360784 0.364706 0.368627 0.372549 0.376471 0.380392 0.384314 0.388235 0.392157 0.396078 0.400000 0.403922 0.407843 0.411765 0.415686 0.419608 0.423529 0.427451 0.431373 0.435294 0.439216 0.443137 0.447059 0.450980 0.454902 0.458824 0.462745 0.466667 0.470588 0.474510 0.478431 0.482353 0.486275 0.490196 0.494118 0.498039 0.501961 0.505882 0.509804 0.513725 0.517647 0.521569 0.525490 0.529412 0.533333 0.537255 0.541176 0.545098 0.549020 0.552941 0.556863 0.560784 0.564706 0.568627 0.572549 0.576471 0.580392 0.584314 0.588235 0.592157 0.596078 0.600000 0.603922 0.607843 0.611765 0.615686 0.619608 0.623529 0.627451 0.631373 0.635294 0.639216 0.643137 0.647059 0.650980 0.654902 0.658824 0.662745 0.666667 0.670588 0.674510 0.678431 0.682353 0.686275 0.690196 0.694118 0.698039 0.701961 0.705882 0.709804 0.713725 0.717647 0.721569 0.725490 0.729412 0.733333 0.737255 0.741176 0.745098 0.749020 0.752941 0.756863 0.760784 0.764706 0.768627 0.772549 0.776471 0.780392 0.784314 0.788235 0.792157 0.796078 0.800000 0.803922 0.807843 0.811765 0.815686 0.819608 0.823529 0.827451 0.831373 0.835294 0.839216 0.843137 0.847059 0.850980 0.854902 0.858824 0.862745 0.866667 0.870588 0.874510 0.878431 0.882353 0.886275 0.890196 0.894118 0.898039 0.901961 0.905882 0.909804 0.913725 0.917647 0.921569 0.925490 0.929412 0.933333 0.937255 0.941176 0.945098 0.949020 0.952941 0.956863 0.960784 0.964706 0.968627 0.972549 0.976471 0.980392 0.984314 0.988235 0.992157 0.996078 1.000000))

# end of curves tool settings
