# GIMP curves tool settings

(time 0)
(channel value)
(curve
    (curve-type smooth)
    (n-points 17)
    (points 34 0.000000 0.000000 -1.000000 -1.000000 -1.000000 -1.000000 -1.000000 -1.000000 -1.000000 -1.000000 0.306061 0.195313 -1.000000 -1.000000 -1.000000 -1.000000 0.521212 0.621094 -1.000000 -1.000000 -1.000000 -1.000000 -1.000000 -1.000000 0.769697 0.941406 -1.000000 -1.000000 -1.000000 -1.000000 -1.000000 -1.000000 1.000000 1.000000)
    (n-samples 256)
    (samples 256 0.000000 0.001417 0.002836 0.004257 0.005681 0.007109 0.008542 0.009982 0.011430 0.012885 0.014351 0.015827 0.017315 0.018816 0.020331 0.021861 0.023406 0.024969 0.026550 0.028151 0.029771 0.031413 0.033077 0.034765 0.036478 0.038216 0.039981 0.041774 0.043595 0.045447 0.047329 0.049244 0.051191 0.053173 0.055191 0.057244 0.059335 0.061465 0.063634 0.065843 0.068094 0.070389 0.072726 0.075109 0.077538 0.080014 0.082538 0.085111 0.087734 0.090409 0.093136 0.095916 0.098751 0.101642 0.104589 0.107594 0.110658 0.113782 0.116966 0.120213 0.123522 0.126896 0.130335 0.133840 0.137413 0.141054 0.144765 0.148546 0.152398 0.156324 0.160323 0.164397 0.168547 0.172774 0.177079 0.181463 0.185927 0.190472 0.195313 0.200123 0.205203 0.210542 0.216132 0.221964 0.228029 0.234317 0.240820 0.247529 0.254434 0.261527 0.268798 0.276239 0.283840 0.291593 0.299488 0.307516 0.315668 0.323935 0.332309 0.340779 0.349338 0.357975 0.366683 0.375451 0.384271 0.393134 0.402031 0.410953 0.419890 0.428834 0.437775 0.446705 0.455614 0.464494 0.473335 0.482129 0.490865 0.499537 0.508133 0.516645 0.525065 0.533383 0.541589 0.549676 0.557634 0.565453 0.573126 0.580642 0.587993 0.595169 0.602163 0.608964 0.615563 0.621094 0.627395 0.633678 0.639942 0.646184 0.652405 0.658603 0.664776 0.670925 0.677048 0.683144 0.689212 0.695251 0.701260 0.707237 0.713182 0.719094 0.724972 0.730814 0.736620 0.742389 0.748119 0.753810 0.759460 0.765068 0.770634 0.776156 0.781633 0.787065 0.792450 0.797787 0.803075 0.808314 0.813501 0.818636 0.823719 0.828747 0.833720 0.838637 0.843497 0.848299 0.853041 0.857723 0.862344 0.866902 0.871397 0.875828 0.880192 0.884491 0.888721 0.892884 0.896976 0.900998 0.904948 0.908825 0.912628 0.916357 0.920009 0.923585 0.927083 0.930501 0.933840 0.937097 0.941406 0.944456 0.947401 0.950241 0.952979 0.955617 0.958157 0.960600 0.962948 0.965204 0.967368 0.969443 0.971431 0.973333 0.975151 0.976887 0.978543 0.980121 0.981623 0.983050 0.984404 0.985687 0.986902 0.988048 0.989130 0.990148 0.991104 0.992000 0.992838 0.993620 0.994347 0.995022 0.995645 0.996220 0.996748 0.997231 0.997670 0.998067 0.998425 0.998744 0.999028 0.999277 0.999494 0.999680 0.999837 0.999967 1.000000 1.000000 1.000000 1.000000 1.000000 1.000000 1.000000 1.000000 1.000000 1.000000 1.000000 1.000000 1.000000 1.000000))
(channel red)
(curve
    (curve-type smooth)
    (n-points 17)
    (points 34 0.000000 0.000000 -1.000000 -1.000000 -1.000000 -1.000000 -1.000000 -1.000000 -1.000000 -1.000000 -1.000000 -1.000000 -1.000000 -1.000000 -1.000000 -1.000000 -1.000000 -1.000000 -1.000000 -1.000000 0.603030 0.511719 -1.000000 -1.000000 -1.000000 -1.000000 -1.000000 -1.000000 0.866667 0.601563 -1.000000 -1.000000 1.000000 1.000000)
    (n-samples 256)
    (samples 256 0.000000 0.003631 0.007261 0.010892 0.014522 0.018152 0.021781 0.025410 0.029039 0.032666 0.036294 0.039920 0.043546 0.047170 0.050794 0.054416 0.058038 0.061658 0.065277 0.068894 0.072510 0.076125 0.079738 0.083349 0.086958 0.090566 0.094171 0.097775 0.101377 0.104976 0.108573 0.112168 0.115761 0.119351 0.122938 0.126523 0.130105 0.133685 0.137261 0.140835 0.144406 0.147973 0.151538 0.155099 0.158657 0.162212 0.165763 0.169310 0.172854 0.176394 0.179931 0.183463 0.186992 0.190517 0.194038 0.197554 0.201066 0.204574 0.208078 0.211577 0.215072 0.218562 0.222047 0.225527 0.229003 0.232474 0.235940 0.239400 0.242856 0.246306 0.249751 0.253191 0.256625 0.260054 0.263477 0.266894 0.270306 0.273712 0.277111 0.280505 0.283893 0.287275 0.290650 0.294019 0.297382 0.300738 0.304088 0.307431 0.310767 0.314097 0.317420 0.320736 0.324045 0.327347 0.330641 0.333929 0.337209 0.340482 0.343747 0.347005 0.350255 0.353498 0.356732 0.359959 0.363178 0.366389 0.369592 0.372787 0.375974 0.379152 0.382322 0.385483 0.388636 0.391780 0.394916 0.398043 0.401161 0.404270 0.407370 0.410461 0.413543 0.416616 0.419679 0.422733 0.425778 0.428813 0.431838 0.434854 0.437860 0.440856 0.443842 0.446818 0.449784 0.452740 0.455686 0.458622 0.461547 0.464461 0.467366 0.470259 0.473142 0.476014 0.478875 0.481726 0.484565 0.487393 0.490210 0.493016 0.495811 0.498594 0.501366 0.504126 0.506875 0.509612 0.511719 0.514349 0.516799 0.519076 0.521186 0.523136 0.524932 0.526581 0.528089 0.529462 0.530708 0.531832 0.532841 0.533741 0.534539 0.535242 0.535855 0.536386 0.536841 0.537225 0.537547 0.537812 0.538026 0.538197 0.538330 0.538432 0.538510 0.538570 0.538618 0.538661 0.538706 0.538758 0.538825 0.538913 0.539028 0.539177 0.539366 0.539601 0.539890 0.540239 0.540653 0.541140 0.541707 0.542358 0.543102 0.543944 0.544891 0.545950 0.547126 0.548427 0.549858 0.551427 0.553139 0.555002 0.557021 0.559204 0.561556 0.564084 0.566794 0.569694 0.572789 0.576086 0.579592 0.583313 0.587254 0.591424 0.595828 0.601563 0.606687 0.612403 0.618691 0.625533 0.632913 0.640811 0.649211 0.658093 0.667441 0.677236 0.687461 0.698097 0.709127 0.720532 0.732296 0.744399 0.756825 0.769555 0.782571 0.795855 0.809390 0.823158 0.837140 0.851319 0.865677 0.880196 0.894859 0.909646 0.924541 0.939526 0.954582 0.969691 0.984837 1.000000))
(channel green)
(curve
    (curve-type smooth)
    (n-points 17)
    (points 34 0.000000 0.000000 -1.000000 -1.000000 -1.000000 -1.000000 -1.000000 -1.000000 -1.000000 -1.000000 0.342424 0.394531 -1.000000 -1.000000 -1.000000 -1.000000 0.515152 0.582031 -1.000000 -1.000000 -1.000000 -1.000000 -1.000000 -1.000000 -1.000000 -1.000000 -1.000000 -1.000000 0.857576 0.730469 -1.000000 -1.000000 1.000000 1.000000)
    (n-samples 256)
    (samples 256 0.000000 0.004562 0.009124 0.013686 0.018248 0.022810 0.027372 0.031933 0.036494 0.041055 0.045616 0.050176 0.054736 0.059295 0.063854 0.068413 0.072971 0.077528 0.082085 0.086641 0.091197 0.095752 0.100306 0.104859 0.109412 0.113964 0.118514 0.123064 0.127614 0.132162 0.136709 0.141255 0.145800 0.150344 0.154887 0.159428 0.163969 0.168508 0.173046 0.177582 0.182117 0.186651 0.191184 0.195715 0.200244 0.204772 0.209299 0.213824 0.218347 0.222868 0.227388 0.231906 0.236423 0.240937 0.245450 0.249961 0.254470 0.258977 0.263482 0.267986 0.272487 0.276986 0.281483 0.285977 0.290470 0.294960 0.299449 0.303934 0.308418 0.312899 0.317378 0.321855 0.326329 0.330800 0.335269 0.339736 0.344199 0.348661 0.353119 0.357575 0.362028 0.366479 0.370926 0.375371 0.379813 0.384252 0.388688 0.394531 0.398992 0.403509 0.408078 0.412695 0.417354 0.422051 0.426781 0.431539 0.436321 0.441122 0.445937 0.450761 0.455590 0.460420 0.465245 0.470060 0.474861 0.479643 0.484402 0.489133 0.493830 0.498490 0.503107 0.507678 0.512196 0.516658 0.521058 0.525393 0.529657 0.533845 0.537953 0.541976 0.545910 0.549749 0.553489 0.557126 0.560654 0.564068 0.567365 0.570539 0.573586 0.576501 0.579279 0.582031 0.584550 0.586993 0.589362 0.591660 0.593887 0.596047 0.598141 0.600172 0.602140 0.604049 0.605900 0.607695 0.609436 0.611126 0.612765 0.614357 0.615903 0.617405 0.618866 0.620286 0.621669 0.623016 0.624329 0.625611 0.626862 0.628086 0.629283 0.630457 0.631610 0.632742 0.633856 0.634955 0.636039 0.637112 0.638175 0.639230 0.640279 0.641325 0.642368 0.643412 0.644458 0.645507 0.646563 0.647627 0.648702 0.649788 0.650888 0.652005 0.653139 0.654294 0.655471 0.656672 0.657899 0.659154 0.660439 0.661756 0.663107 0.664495 0.665920 0.667386 0.668893 0.670445 0.672042 0.673688 0.675384 0.677132 0.678934 0.680792 0.682708 0.684684 0.686722 0.688824 0.690992 0.693228 0.695534 0.697913 0.700365 0.702893 0.705499 0.708186 0.710954 0.713806 0.716745 0.719771 0.722887 0.726096 0.729398 0.730469 0.734015 0.737885 0.742071 0.746563 0.751353 0.756430 0.761785 0.767410 0.773296 0.779432 0.785811 0.792422 0.799256 0.806305 0.813559 0.821009 0.828645 0.836459 0.844442 0.852583 0.860875 0.869307 0.877871 0.886558 0.895357 0.904261 0.913259 0.922343 0.931504 0.940732 0.950017 0.959352 0.968726 0.978131 0.987558 1.000000))
(channel blue)
(curve
    (curve-type smooth)
    (n-points 17)
    (points 34 0.000000 0.000000 -1.000000 -1.000000 -1.000000 -1.000000 -1.000000 -1.000000 -1.000000 -1.000000 0.296970 0.398438 -1.000000 -1.000000 -1.000000 -1.000000 0.500000 0.628906 -1.000000 -1.000000 -1.000000 -1.000000 -1.000000 -1.000000 -1.000000 -1.000000 -1.000000 -1.000000 -1.000000 -1.000000 -1.000000 -1.000000 1.000000 1.000000)
    (n-samples 256)
    (samples 256 0.000000 0.005426 0.010852 0.016277 0.021702 0.027126 0.032549 0.037972 0.043393 0.048812 0.054231 0.059647 0.065061 0.070474 0.075884 0.081292 0.086697 0.092100 0.097499 0.102896 0.108289 0.113679 0.119065 0.124447 0.129826 0.135200 0.140570 0.145935 0.151296 0.156652 0.162003 0.167349 0.172690 0.178025 0.183354 0.188678 0.193995 0.199307 0.204612 0.209910 0.215202 0.220486 0.225764 0.231035 0.236298 0.241553 0.246801 0.252041 0.257273 0.262497 0.267712 0.272918 0.278116 0.283305 0.288484 0.293655 0.298816 0.303967 0.309109 0.314240 0.319361 0.324472 0.329573 0.334663 0.339742 0.344810 0.349867 0.354912 0.359946 0.364968 0.369979 0.374977 0.379963 0.384937 0.389898 0.394847 0.398438 0.403372 0.408311 0.413252 0.418195 0.423136 0.428077 0.433014 0.437946 0.442873 0.447793 0.452704 0.457605 0.462494 0.467371 0.472234 0.477081 0.481912 0.486724 0.491517 0.496288 0.501038 0.505763 0.510464 0.515138 0.519784 0.524401 0.528987 0.533541 0.538062 0.542548 0.546999 0.551411 0.555785 0.560118 0.564410 0.568659 0.572863 0.577022 0.581133 0.585196 0.589209 0.593171 0.597080 0.600936 0.604735 0.608478 0.612163 0.615789 0.619353 0.622855 0.626294 0.628906 0.632257 0.635597 0.638926 0.642246 0.645555 0.648854 0.652143 0.655423 0.658692 0.661952 0.665202 0.668443 0.671674 0.674896 0.678108 0.681311 0.684505 0.687690 0.690866 0.694033 0.697191 0.700341 0.703481 0.706613 0.709737 0.712852 0.715959 0.719058 0.722148 0.725231 0.728305 0.731372 0.734430 0.737481 0.740524 0.743560 0.746588 0.749609 0.752622 0.755628 0.758627 0.761619 0.764603 0.767581 0.770552 0.773516 0.776474 0.779424 0.782369 0.785307 0.788238 0.791163 0.794082 0.796995 0.799902 0.802803 0.805698 0.808587 0.811471 0.814349 0.817221 0.820088 0.822950 0.825806 0.828657 0.831503 0.834343 0.837179 0.840010 0.842836 0.845658 0.848475 0.851287 0.854095 0.856898 0.859697 0.862492 0.865283 0.868069 0.870852 0.873631 0.876406 0.879177 0.881944 0.884708 0.887469 0.890226 0.892980 0.895730 0.898477 0.901222 0.903963 0.906701 0.909437 0.912169 0.914899 0.917627 0.920352 0.923074 0.925795 0.928513 0.931228 0.933942 0.936654 0.939364 0.942071 0.944778 0.947482 0.950185 0.952886 0.955586 0.958285 0.960982 0.963678 0.966373 0.969067 0.971760 0.974452 0.977143 0.979834 0.982524 0.985214 0.987903 0.990591 0.993280 0.995968 1.000000))
(channel alpha)
(curve
    (curve-type smooth)
    (n-points 17)
    (points 34 0.000000 0.000000 -1.000000 -1.000000 -1.000000 -1.000000 -1.000000 -1.000000 -1.000000 -1.000000 -1.000000 -1.000000 -1.000000 -1.000000 -1.000000 -1.000000 -1.000000 -1.000000 -1.000000 -1.000000 -1.000000 -1.000000 -1.000000 -1.000000 -1.000000 -1.000000 -1.000000 -1.000000 -1.000000 -1.000000 -1.000000 -1.000000 1.000000 1.000000)
    (n-samples 256)
    (samples 256 0.000000 0.003922 0.007843 0.011765 0.015686 0.019608 0.023529 0.027451 0.031373 0.035294 0.039216 0.043137 0.047059 0.050980 0.054902 0.058824 0.062745 0.066667 0.070588 0.074510 0.078431 0.082353 0.086275 0.090196 0.094118 0.098039 0.101961 0.105882 0.109804 0.113725 0.117647 0.121569 0.125490 0.129412 0.133333 0.137255 0.141176 0.145098 0.149020 0.152941 0.156863 0.160784 0.164706 0.168627 0.172549 0.176471 0.180392 0.184314 0.188235 0.192157 0.196078 0.200000 0.203922 0.207843 0.211765 0.215686 0.219608 0.223529 0.227451 0.231373 0.235294 0.239216 0.243137 0.247059 0.250980 0.254902 0.258824 0.262745 0.266667 0.270588 0.274510 0.278431 0.282353 0.286275 0.290196 0.294118 0.298039 0.301961 0.305882 0.309804 0.313725 0.317647 0.321569 0.325490 0.329412 0.333333 0.337255 0.341176 0.345098 0.349020 0.352941 0.356863 0.360784 0.364706 0.368627 0.372549 0.376471 0.380392 0.384314 0.388235 0.392157 0.396078 0.400000 0.403922 0.407843 0.411765 0.415686 0.419608 0.423529 0.427451 0.431373 0.435294 0.439216 0.443137 0.447059 0.450980 0.454902 0.458824 0.462745 0.466667 0.470588 0.474510 0.478431 0.482353 0.486275 0.490196 0.494118 0.498039 0.501961 0.505882 0.509804 0.513725 0.517647 0.521569 0.525490 0.529412 0.533333 0.537255 0.541176 0.545098 0.549020 0.552941 0.556863 0.560784 0.564706 0.568627 0.572549 0.576471 0.580392 0.584314 0.588235 0.592157 0.596078 0.600000 0.603922 0.607843 0.611765 0.615686 0.619608 0.623529 0.627451 0.631373 0.635294 0.639216 0.643137 0.647059 0.650980 0.654902 0.658824 0.662745 0.666667 0.670588 0.674510 0.678431 0.682353 0.686275 0.690196 0.694118 0.698039 0.701961 0.705882 0.709804 0.713725 0.717647 0.721569 0.725490 0.729412 0.733333 0.737255 0.741176 0.745098 0.749020 0.752941 0.756863 0.760784 0.764706 0.768627 0.772549 0.776471 0.780392 0.784314 0.788235 0.792157 0.796078 0.800000 0.803922 0.807843 0.811765 0.815686 0.819608 0.823529 0.827451 0.831373 0.835294 0.839216 0.843137 0.847059 0.850980 0.854902 0.858824 0.862745 0.866667 0.870588 0.874510 0.878431 0.882353 0.886275 0.890196 0.894118 0.898039 0.901961 0.905882 0.909804 0.913725 0.917647 0.921569 0.925490 0.929412 0.933333 0.937255 0.941176 0.945098 0.949020 0.952941 0.956863 0.960784 0.964706 0.968627 0.972549 0.976471 0.980392 0.984314 0.988235 0.992157 0.996078 1.000000))

# end of curves tool settings
