# GIMP curves tool settings

(time 0)
(channel value)
(curve
    (curve-type smooth)
    (n-points 17)
    (points 34 0.000000 0.000000 -1.000000 -1.000000 -1.000000 -1.000000 -1.000000 -1.000000 -1.000000 -1.000000 -1.000000 -1.000000 -1.000000 -1.000000 0.429448 0.488281 -1.000000 -1.000000 -1.000000 -1.000000 -1.000000 -1.000000 -1.000000 -1.000000 -1.000000 -1.000000 -1.000000 -1.000000 -1.000000 -1.000000 -1.000000 -1.000000 1.000000 1.000000)
    (n-samples 256)
    (samples 256 0.000000 0.004727 0.009455 0.014182 0.018908 0.023634 0.028360 0.033084 0.037808 0.042531 0.047252 0.051972 0.056691 0.061407 0.066123 0.070836 0.075547 0.080256 0.084963 0.089668 0.094370 0.099069 0.103765 0.108459 0.113149 0.117836 0.122520 0.127200 0.131877 0.136549 0.141218 0.145883 0.150544 0.155200 0.159852 0.164500 0.169143 0.173781 0.178414 0.183041 0.187664 0.192281 0.196893 0.201499 0.206099 0.210694 0.215282 0.219864 0.224440 0.229009 0.233572 0.238128 0.242677 0.247219 0.251754 0.256282 0.260803 0.265316 0.269821 0.274318 0.278808 0.283289 0.287763 0.292228 0.296684 0.301132 0.305571 0.310001 0.314423 0.318835 0.323238 0.327631 0.332015 0.336389 0.340754 0.345108 0.349452 0.353787 0.358110 0.362424 0.366726 0.371018 0.375299 0.379569 0.383828 0.388076 0.392312 0.396537 0.400750 0.404951 0.409140 0.413317 0.417482 0.421634 0.425774 0.429902 0.434016 0.438118 0.442206 0.446282 0.450344 0.454393 0.458428 0.462449 0.466457 0.470451 0.474430 0.478395 0.482346 0.486282 0.488281 0.492199 0.496108 0.500009 0.503901 0.507786 0.511663 0.515531 0.519392 0.523245 0.527090 0.530927 0.534756 0.538578 0.542392 0.546199 0.549998 0.553790 0.557574 0.561352 0.565121 0.568884 0.572640 0.576388 0.580130 0.583864 0.587592 0.591312 0.595026 0.598733 0.602434 0.606128 0.609815 0.613496 0.617171 0.620839 0.624500 0.628156 0.631805 0.635448 0.639085 0.642716 0.646340 0.649959 0.653573 0.657180 0.660781 0.664377 0.667967 0.671552 0.675131 0.678704 0.682273 0.685835 0.689393 0.692945 0.696492 0.700034 0.703571 0.707103 0.710630 0.714152 0.717669 0.721181 0.724689 0.728192 0.731690 0.735184 0.738673 0.742158 0.745639 0.749115 0.752587 0.756054 0.759518 0.762977 0.766433 0.769884 0.773332 0.776775 0.780215 0.783651 0.787083 0.790512 0.793937 0.797359 0.800777 0.804192 0.807603 0.811011 0.814416 0.817818 0.821216 0.824612 0.828004 0.831393 0.834780 0.838164 0.841545 0.844923 0.848299 0.851672 0.855042 0.858410 0.861776 0.865139 0.868500 0.871858 0.875215 0.878569 0.881921 0.885271 0.888619 0.891965 0.895310 0.898652 0.901993 0.905332 0.908670 0.912005 0.915340 0.918673 0.922004 0.925334 0.928663 0.931991 0.935317 0.938643 0.941967 0.945290 0.948612 0.951934 0.955255 0.958574 0.961894 0.965212 0.968530 0.971847 0.975164 0.978480 0.981796 0.985112 0.988428 0.991743 0.995058 1.000000))
(time 0)
(channel red)
(curve
    (curve-type smooth)
    (n-points 17)
    (points 34 0.000000 0.000000 -1.000000 -1.000000 -1.000000 -1.000000 -1.000000 -1.000000 -1.000000 -1.000000 -1.000000 -1.000000 0.401840 0.597656 -1.000000 -1.000000 -1.000000 -1.000000 -1.000000 -1.000000 -1.000000 -1.000000 -1.000000 -1.000000 -1.000000 -1.000000 -1.000000 -1.000000 -1.000000 -1.000000 -1.000000 -1.000000 1.000000 1.000000)
    (n-samples 256)
    (samples 256 0.000000 0.006788 0.013575 0.020362 0.027146 0.033929 0.040708 0.047485 0.054258 0.061026 0.067789 0.074547 0.081299 0.088044 0.094783 0.101513 0.108236 0.114949 0.121654 0.128348 0.135032 0.141706 0.148368 0.155017 0.161655 0.168279 0.174889 0.181485 0.188067 0.194633 0.201184 0.207718 0.214235 0.220735 0.227216 0.233679 0.240123 0.246547 0.252952 0.259335 0.265697 0.272037 0.278355 0.284650 0.290921 0.297169 0.303392 0.309589 0.315761 0.321907 0.328026 0.334118 0.340182 0.346218 0.352224 0.358201 0.364148 0.370065 0.375950 0.381804 0.387626 0.393414 0.399170 0.404891 0.410579 0.416231 0.421848 0.427428 0.432973 0.438480 0.443949 0.449380 0.454773 0.460126 0.465439 0.470712 0.475943 0.481134 0.486282 0.491388 0.496450 0.501469 0.506444 0.511374 0.516259 0.521097 0.525890 0.530635 0.535333 0.539983 0.544584 0.549136 0.553638 0.558091 0.562492 0.566842 0.571140 0.575386 0.579579 0.583718 0.587803 0.591834 0.597656 0.601565 0.605449 0.609308 0.613142 0.616952 0.620737 0.624498 0.628235 0.631948 0.635637 0.639303 0.642945 0.646564 0.650159 0.653732 0.657282 0.660810 0.664315 0.667798 0.671258 0.674697 0.678114 0.681509 0.684883 0.688236 0.691568 0.694878 0.698168 0.701437 0.704686 0.707914 0.711123 0.714311 0.717480 0.720629 0.723758 0.726868 0.729960 0.733032 0.736085 0.739120 0.742136 0.745134 0.748114 0.751076 0.754020 0.756946 0.759855 0.762747 0.765621 0.768479 0.771320 0.774144 0.776951 0.779743 0.782518 0.785277 0.788020 0.790748 0.793460 0.796157 0.798839 0.801506 0.804158 0.806795 0.809418 0.812027 0.814621 0.817201 0.819768 0.822321 0.824860 0.827386 0.829899 0.832399 0.834886 0.837360 0.839822 0.842272 0.844709 0.847134 0.849548 0.851950 0.854340 0.856719 0.859087 0.861443 0.863789 0.866125 0.868449 0.870764 0.873068 0.875362 0.877646 0.879921 0.882186 0.884442 0.886689 0.888926 0.891155 0.893375 0.895586 0.897789 0.899984 0.902171 0.904350 0.906521 0.908685 0.910841 0.912991 0.915133 0.917268 0.919396 0.921518 0.923634 0.925743 0.927847 0.929944 0.932036 0.934122 0.936203 0.938279 0.940349 0.942415 0.944476 0.946532 0.948584 0.950632 0.952676 0.954715 0.956752 0.958784 0.960813 0.962839 0.964862 0.966882 0.968899 0.970914 0.972926 0.974936 0.976944 0.978950 0.980954 0.982957 0.984958 0.986958 0.988957 0.990955 0.992952 0.994949 0.996945 0.998941 1.000000))
(time 0)
(channel green)
(curve
    (curve-type smooth)
    (n-points 17)
    (points 34 0.000000 0.000000 -1.000000 -1.000000 -1.000000 -1.000000 -1.000000 -1.000000 -1.000000 -1.000000 -1.000000 -1.000000 -1.000000 -1.000000 -1.000000 -1.000000 0.530675 0.429688 -1.000000 -1.000000 -1.000000 -1.000000 -1.000000 -1.000000 -1.000000 -1.000000 -1.000000 -1.000000 -1.000000 -1.000000 -1.000000 -1.000000 1.000000 1.000000)
    (n-samples 256)
    (samples 256 0.000000 0.002802 0.005604 0.008407 0.011210 0.014013 0.016817 0.019622 0.022428 0.025234 0.028042 0.030851 0.033661 0.036473 0.039286 0.042101 0.044918 0.047737 0.050558 0.053381 0.056206 0.059034 0.061864 0.064698 0.067533 0.070372 0.073214 0.076059 0.078908 0.081760 0.084615 0.087474 0.090337 0.093203 0.096074 0.098949 0.101828 0.104712 0.107600 0.110493 0.113390 0.116293 0.119200 0.122113 0.125031 0.127954 0.130883 0.133817 0.136757 0.139703 0.142655 0.145613 0.148577 0.151548 0.154525 0.157509 0.160499 0.163497 0.166501 0.169512 0.172531 0.175557 0.178590 0.181631 0.184680 0.187736 0.190801 0.193873 0.196954 0.200043 0.203140 0.206246 0.209361 0.212484 0.215617 0.218758 0.221909 0.225069 0.228238 0.231417 0.234605 0.237804 0.241012 0.244230 0.247459 0.250697 0.253946 0.257206 0.260476 0.263757 0.267049 0.270352 0.273665 0.276991 0.280327 0.283675 0.287035 0.290406 0.293790 0.297185 0.300592 0.304012 0.307444 0.310888 0.314345 0.317815 0.321298 0.324793 0.328302 0.331823 0.335359 0.338907 0.342469 0.346045 0.349635 0.353238 0.356856 0.360488 0.364134 0.367795 0.371470 0.375159 0.378864 0.382583 0.386318 0.390068 0.393833 0.397613 0.401409 0.405220 0.409048 0.412891 0.416750 0.420626 0.424517 0.429688 0.433620 0.437573 0.441547 0.445541 0.449556 0.453591 0.457647 0.461722 0.465817 0.469931 0.474065 0.478218 0.482391 0.486582 0.490791 0.495019 0.499266 0.503531 0.507813 0.512114 0.516432 0.520767 0.525120 0.529490 0.533877 0.538280 0.542700 0.547137 0.551589 0.556058 0.560542 0.565042 0.569558 0.574089 0.578635 0.583196 0.587772 0.592363 0.596968 0.601587 0.606220 0.610867 0.615528 0.620203 0.624891 0.629592 0.634306 0.639033 0.643772 0.648524 0.653289 0.658065 0.662854 0.667654 0.672466 0.677289 0.682124 0.686969 0.691826 0.696693 0.701571 0.706459 0.711358 0.716266 0.721184 0.726112 0.731050 0.735996 0.740952 0.745917 0.750890 0.755873 0.760863 0.765862 0.770869 0.775884 0.780906 0.785936 0.790974 0.796019 0.801070 0.806129 0.811194 0.816265 0.821343 0.826427 0.831518 0.836613 0.841715 0.846822 0.851934 0.857051 0.862173 0.867299 0.872431 0.877566 0.882706 0.887850 0.892998 0.898149 0.903304 0.908462 0.913623 0.918787 0.923954 0.929124 0.934296 0.939470 0.944646 0.949824 0.955004 0.960186 0.965368 0.970552 0.975737 0.980923 0.986109 0.991296 0.996483 1.000000))
(time 0)
(channel blue)
(curve
    (curve-type smooth)
    (n-points 17)
    (points 34 0.000000 0.000000 -1.000000 -1.000000 -1.000000 -1.000000 -1.000000 -1.000000 -1.000000 -1.000000 -1.000000 -1.000000 -1.000000 -1.000000 -1.000000 -1.000000 0.509202 0.414062 -1.000000 -1.000000 -1.000000 -1.000000 -1.000000 -1.000000 -1.000000 -1.000000 -1.000000 -1.000000 -1.000000 -1.000000 -1.000000 -1.000000 1.000000 1.000000)
    (n-samples 256)
    (samples 256 0.000000 0.002823 0.005645 0.008468 0.011291 0.014115 0.016940 0.019765 0.022591 0.025418 0.028247 0.031076 0.033908 0.036740 0.039575 0.042411 0.045249 0.048089 0.050932 0.053777 0.056624 0.059474 0.062326 0.065182 0.068040 0.070902 0.073767 0.076635 0.079507 0.082383 0.085262 0.088145 0.091032 0.093923 0.096819 0.099719 0.102624 0.105533 0.108447 0.111367 0.114291 0.117220 0.120155 0.123095 0.126041 0.128993 0.131950 0.134914 0.137883 0.140859 0.143841 0.146830 0.149825 0.152828 0.155837 0.158853 0.161876 0.164907 0.167945 0.170990 0.174044 0.177105 0.180174 0.183251 0.186336 0.189430 0.192532 0.195643 0.198763 0.201891 0.205028 0.208175 0.211331 0.214496 0.217670 0.220855 0.224049 0.227253 0.230467 0.233691 0.236926 0.240170 0.243426 0.246692 0.249969 0.253257 0.256556 0.259866 0.263188 0.266521 0.269866 0.273222 0.276590 0.279971 0.283363 0.286768 0.290185 0.293614 0.297057 0.300512 0.303979 0.307460 0.310954 0.314462 0.317983 0.321517 0.325065 0.328627 0.332203 0.335793 0.339397 0.343015 0.346648 0.350296 0.353958 0.357635 0.361327 0.365034 0.368757 0.372495 0.376248 0.380017 0.383802 0.387603 0.391420 0.395252 0.399102 0.402967 0.406850 0.410748 0.414062 0.417993 0.421942 0.425909 0.429893 0.433895 0.437915 0.441952 0.446006 0.450077 0.454165 0.458270 0.462391 0.466529 0.470684 0.474854 0.479041 0.483243 0.487461 0.491695 0.495944 0.500209 0.504488 0.508783 0.513093 0.517417 0.521756 0.526109 0.530477 0.534859 0.539254 0.543664 0.548087 0.552524 0.556974 0.561438 0.565915 0.570404 0.574907 0.579422 0.583950 0.588490 0.593042 0.597607 0.602183 0.606772 0.611372 0.615983 0.620606 0.625240 0.629885 0.634541 0.639208 0.643886 0.648574 0.653272 0.657981 0.662700 0.667428 0.672167 0.676915 0.681672 0.686439 0.691215 0.696001 0.700795 0.705597 0.710409 0.715229 0.720057 0.724893 0.729738 0.734590 0.739450 0.744317 0.749192 0.754075 0.758964 0.763861 0.768764 0.773674 0.778591 0.783514 0.788444 0.793379 0.798321 0.803268 0.808221 0.813180 0.818144 0.823113 0.828088 0.833067 0.838051 0.843040 0.848033 0.853031 0.858033 0.863040 0.868050 0.873064 0.878081 0.883102 0.888127 0.893155 0.898185 0.903219 0.908256 0.913295 0.918336 0.923380 0.928427 0.933475 0.938525 0.943577 0.948631 0.953686 0.958742 0.963800 0.968858 0.973918 0.978978 0.984039 0.989100 0.994162 1.000000))
(time 0)
(channel alpha)
(curve
    (curve-type smooth)
    (n-points 17)
    (points 34 0.000000 0.000000 -1.000000 -1.000000 -1.000000 -1.000000 -1.000000 -1.000000 -1.000000 -1.000000 -1.000000 -1.000000 -1.000000 -1.000000 -1.000000 -1.000000 -1.000000 -1.000000 -1.000000 -1.000000 -1.000000 -1.000000 -1.000000 -1.000000 -1.000000 -1.000000 -1.000000 -1.000000 -1.000000 -1.000000 -1.000000 -1.000000 1.000000 1.000000)
    (n-samples 256)
    (samples 256 0.000000 0.003922 0.007843 0.011765 0.015686 0.019608 0.023529 0.027451 0.031373 0.035294 0.039216 0.043137 0.047059 0.050980 0.054902 0.058824 0.062745 0.066667 0.070588 0.074510 0.078431 0.082353 0.086275 0.090196 0.094118 0.098039 0.101961 0.105882 0.109804 0.113725 0.117647 0.121569 0.125490 0.129412 0.133333 0.137255 0.141176 0.145098 0.149020 0.152941 0.156863 0.160784 0.164706 0.168627 0.172549 0.176471 0.180392 0.184314 0.188235 0.192157 0.196078 0.200000 0.203922 0.207843 0.211765 0.215686 0.219608 0.223529 0.227451 0.231373 0.235294 0.239216 0.243137 0.247059 0.250980 0.254902 0.258824 0.262745 0.266667 0.270588 0.274510 0.278431 0.282353 0.286275 0.290196 0.294118 0.298039 0.301961 0.305882 0.309804 0.313725 0.317647 0.321569 0.325490 0.329412 0.333333 0.337255 0.341176 0.345098 0.349020 0.352941 0.356863 0.360784 0.364706 0.368627 0.372549 0.376471 0.380392 0.384314 0.388235 0.392157 0.396078 0.400000 0.403922 0.407843 0.411765 0.415686 0.419608 0.423529 0.427451 0.431373 0.435294 0.439216 0.443137 0.447059 0.450980 0.454902 0.458824 0.462745 0.466667 0.470588 0.474510 0.478431 0.482353 0.486275 0.490196 0.494118 0.498039 0.501961 0.505882 0.509804 0.513725 0.517647 0.521569 0.525490 0.529412 0.533333 0.537255 0.541176 0.545098 0.549020 0.552941 0.556863 0.560784 0.564706 0.568627 0.572549 0.576471 0.580392 0.584314 0.588235 0.592157 0.596078 0.600000 0.603922 0.607843 0.611765 0.615686 0.619608 0.623529 0.627451 0.631373 0.635294 0.639216 0.643137 0.647059 0.650980 0.654902 0.658824 0.662745 0.666667 0.670588 0.674510 0.678431 0.682353 0.686275 0.690196 0.694118 0.698039 0.701961 0.705882 0.709804 0.713725 0.717647 0.721569 0.725490 0.729412 0.733333 0.737255 0.741176 0.745098 0.749020 0.752941 0.756863 0.760784 0.764706 0.768627 0.772549 0.776471 0.780392 0.784314 0.788235 0.792157 0.796078 0.800000 0.803922 0.807843 0.811765 0.815686 0.819608 0.823529 0.827451 0.831373 0.835294 0.839216 0.843137 0.847059 0.850980 0.854902 0.858824 0.862745 0.866667 0.870588 0.874510 0.878431 0.882353 0.886275 0.890196 0.894118 0.898039 0.901961 0.905882 0.909804 0.913725 0.917647 0.921569 0.925490 0.929412 0.933333 0.937255 0.941176 0.945098 0.949020 0.952941 0.956863 0.960784 0.964706 0.968627 0.972549 0.976471 0.980392 0.984314 0.988235 0.992157 0.996078 1.000000))

# end of curves tool settings
