# GIMP curves tool settings

(time 0)
(channel value)
(curve
    (curve-type smooth)
    (n-points 17)
    (points 34 0.000000 0.000000 -1.000000 -1.000000 0.142424 0.292969 -1.000000 -1.000000 -1.000000 -1.000000 -1.000000 -1.000000 -1.000000 -1.000000 -1.000000 -1.000000 -1.000000 -1.000000 0.539394 0.585938 -1.000000 -1.000000 -1.000000 -1.000000 0.757576 0.718750 -1.000000 -1.000000 -1.000000 -1.000000 -1.000000 -1.000000 1.000000 1.000000)
    (n-samples 256)
    (samples 256 0.000000 0.009969 0.019929 0.029871 0.039788 0.049670 0.059509 0.069296 0.079022 0.088679 0.098258 0.107751 0.117148 0.126441 0.135622 0.144681 0.153611 0.162402 0.171046 0.179534 0.187858 0.196008 0.203977 0.211755 0.219334 0.226705 0.233860 0.240790 0.247485 0.253939 0.260141 0.266084 0.271758 0.277155 0.282266 0.287083 0.292969 0.297204 0.301389 0.305525 0.309613 0.313653 0.317646 0.321593 0.325494 0.329351 0.333163 0.336932 0.340658 0.344342 0.347985 0.351587 0.355149 0.358671 0.362156 0.365602 0.369011 0.372383 0.375719 0.379021 0.382288 0.385521 0.388721 0.391889 0.395025 0.398130 0.401205 0.404250 0.407267 0.410255 0.413216 0.416150 0.419057 0.421940 0.424797 0.427631 0.430441 0.433229 0.435995 0.438739 0.441463 0.444167 0.446852 0.449518 0.452167 0.454798 0.457413 0.460013 0.462597 0.465168 0.467724 0.470268 0.472799 0.475319 0.477828 0.480327 0.482816 0.485297 0.487770 0.490235 0.492693 0.495146 0.497593 0.500036 0.502475 0.504911 0.507344 0.509775 0.512206 0.514635 0.517066 0.519497 0.521929 0.524365 0.526803 0.529245 0.531691 0.534143 0.536600 0.539064 0.541535 0.544014 0.546501 0.548998 0.551505 0.554023 0.556552 0.559093 0.561647 0.564214 0.566796 0.569392 0.572004 0.574632 0.577277 0.579940 0.582621 0.585321 0.585938 0.588620 0.591241 0.593803 0.596310 0.598763 0.601166 0.603522 0.605833 0.608102 0.610332 0.612527 0.614688 0.616819 0.618922 0.621001 0.623058 0.625096 0.627118 0.629126 0.631124 0.633114 0.635100 0.637083 0.639068 0.641056 0.643051 0.645055 0.647072 0.649103 0.651153 0.653223 0.655317 0.657437 0.659587 0.661768 0.663985 0.666240 0.668535 0.670873 0.673258 0.675693 0.678179 0.680720 0.683319 0.685978 0.688701 0.691490 0.694348 0.697277 0.700282 0.703364 0.706527 0.709773 0.713105 0.718750 0.722300 0.725899 0.729546 0.733240 0.736981 0.740768 0.744599 0.748475 0.752393 0.756354 0.760357 0.764401 0.768485 0.772608 0.776770 0.780969 0.785205 0.789477 0.793784 0.798126 0.802501 0.806909 0.811350 0.815821 0.820323 0.824854 0.829415 0.834003 0.838618 0.843260 0.847927 0.852620 0.857336 0.862075 0.866837 0.871620 0.876424 0.881248 0.886091 0.890953 0.895832 0.900728 0.905639 0.910566 0.915507 0.920462 0.925429 0.930409 0.935399 0.940400 0.945410 0.950429 0.955456 0.960490 0.965530 0.970576 0.975626 0.980681 0.985738 0.990798 0.995859 1.000000))
(channel red)
(curve
    (curve-type smooth)
    (n-points 17)
    (points 34 0.000000 0.000000 -1.000000 -1.000000 -1.000000 -1.000000 -1.000000 -1.000000 -1.000000 -1.000000 0.330303 0.257813 -1.000000 -1.000000 -1.000000 -1.000000 0.518182 0.601563 -1.000000 -1.000000 -1.000000 -1.000000 -1.000000 -1.000000 -1.000000 -1.000000 -1.000000 -1.000000 0.851515 0.714844 -1.000000 -1.000000 1.000000 1.000000)
    (n-samples 256)
    (samples 256 0.000000 0.002315 0.004631 0.006948 0.009267 0.011589 0.013913 0.016242 0.018574 0.020912 0.023256 0.025606 0.027963 0.030327 0.032700 0.035081 0.037472 0.039873 0.042285 0.044708 0.047143 0.049590 0.052051 0.054526 0.057015 0.059520 0.062040 0.064576 0.067130 0.069701 0.072291 0.074899 0.077527 0.080176 0.082845 0.085535 0.088248 0.090983 0.093742 0.096524 0.099332 0.102164 0.105022 0.107907 0.110819 0.113759 0.116727 0.119724 0.122751 0.125808 0.128895 0.132015 0.135167 0.138351 0.141569 0.144821 0.148107 0.151429 0.154787 0.158182 0.161613 0.165083 0.168591 0.172138 0.175725 0.179352 0.183020 0.186730 0.190482 0.194277 0.198116 0.201999 0.205926 0.209899 0.213918 0.217984 0.222097 0.226258 0.230467 0.234726 0.239034 0.243393 0.247803 0.252265 0.257813 0.262550 0.267645 0.273083 0.278845 0.284916 0.291278 0.297916 0.304813 0.311951 0.319315 0.326887 0.334651 0.342591 0.350690 0.358931 0.367297 0.375773 0.384341 0.392985 0.401687 0.410432 0.419203 0.427984 0.436757 0.445506 0.454214 0.462865 0.471442 0.479929 0.488308 0.496564 0.504680 0.512638 0.520423 0.528017 0.535405 0.542569 0.549494 0.556161 0.562555 0.568659 0.574457 0.579931 0.585066 0.589844 0.594249 0.598264 0.601563 0.604930 0.608156 0.611245 0.614200 0.617025 0.619722 0.622295 0.624747 0.627082 0.629303 0.631413 0.633416 0.635314 0.637112 0.638813 0.640420 0.641936 0.643364 0.644709 0.645973 0.647160 0.648272 0.649314 0.650289 0.651199 0.652049 0.652842 0.653580 0.654268 0.654909 0.655505 0.656061 0.656580 0.657065 0.657519 0.657945 0.658348 0.658730 0.659095 0.659445 0.659785 0.660118 0.660447 0.660775 0.661106 0.661443 0.661789 0.662148 0.662523 0.662918 0.663335 0.663778 0.664251 0.664756 0.665297 0.665878 0.666501 0.667171 0.667890 0.668661 0.669489 0.670376 0.671326 0.672342 0.673427 0.674585 0.675819 0.677133 0.678529 0.680011 0.681583 0.683247 0.685008 0.686868 0.688831 0.690900 0.693078 0.695369 0.697776 0.700303 0.702952 0.705727 0.708632 0.711670 0.714844 0.718255 0.721997 0.726061 0.730438 0.735118 0.740094 0.745355 0.750894 0.756700 0.762766 0.769081 0.775637 0.782426 0.789438 0.796663 0.804094 0.811721 0.819536 0.827528 0.835690 0.844012 0.852486 0.861102 0.869851 0.878725 0.887714 0.896809 0.906002 0.915284 0.924645 0.934076 0.943569 0.953115 0.962705 0.972329 0.981979 0.991645 1.000000))
(channel green)
(curve
    (curve-type smooth)
    (n-points 17)
    (points 34 0.000000 0.000000 -1.000000 -1.000000 -1.000000 -1.000000 -1.000000 -1.000000 -1.000000 -1.000000 -1.000000 -1.000000 -1.000000 -1.000000 -1.000000 -1.000000 0.530303 0.519531 -1.000000 -1.000000 -1.000000 -1.000000 -1.000000 -1.000000 -1.000000 -1.000000 -1.000000 -1.000000 -1.000000 -1.000000 -1.000000 -1.000000 1.000000 1.000000)
    (n-samples 256)
    (samples 256 0.000000 0.003802 0.007604 0.011406 0.015208 0.019011 0.022813 0.026615 0.030418 0.034220 0.038023 0.041826 0.045629 0.049432 0.053235 0.057039 0.060842 0.064646 0.068450 0.072255 0.076059 0.079864 0.083669 0.087474 0.091280 0.095086 0.098892 0.102699 0.106506 0.110314 0.114121 0.117929 0.121738 0.125547 0.129356 0.133166 0.136977 0.140787 0.144599 0.148410 0.152223 0.156036 0.159849 0.163663 0.167477 0.171292 0.175108 0.178924 0.182741 0.186558 0.190376 0.194195 0.198015 0.201835 0.205655 0.209477 0.213299 0.217122 0.220946 0.224770 0.228595 0.232421 0.236248 0.240076 0.243904 0.247734 0.251564 0.255395 0.259227 0.263059 0.266893 0.270727 0.274563 0.278399 0.282237 0.286075 0.289914 0.293755 0.297596 0.301438 0.305282 0.309126 0.312972 0.316818 0.320666 0.324515 0.328365 0.332215 0.336068 0.339921 0.343775 0.347631 0.351488 0.355346 0.359205 0.363065 0.366927 0.370790 0.374654 0.378520 0.382386 0.386254 0.390124 0.393995 0.397867 0.401740 0.405615 0.409491 0.413369 0.417248 0.421128 0.425010 0.428893 0.432778 0.436664 0.440552 0.444441 0.448332 0.452224 0.456118 0.460014 0.463911 0.467809 0.471709 0.475611 0.479514 0.483419 0.487326 0.491234 0.495144 0.499056 0.502969 0.506884 0.510801 0.514720 0.519531 0.523454 0.527379 0.531306 0.535235 0.539167 0.543101 0.547036 0.550974 0.554914 0.558856 0.562801 0.566747 0.570695 0.574645 0.578598 0.582552 0.586508 0.590466 0.594426 0.598388 0.602352 0.606318 0.610285 0.614254 0.618225 0.622198 0.626173 0.630149 0.634128 0.638107 0.642089 0.646072 0.650057 0.654043 0.658032 0.662021 0.666012 0.670005 0.674000 0.677995 0.681993 0.685992 0.689992 0.693994 0.697997 0.702002 0.706008 0.710015 0.714024 0.718034 0.722045 0.726058 0.730072 0.734087 0.738103 0.742121 0.746140 0.750160 0.754181 0.758203 0.762226 0.766251 0.770277 0.774303 0.778331 0.782360 0.786390 0.790420 0.794452 0.798485 0.802519 0.806553 0.810589 0.814625 0.818662 0.822700 0.826739 0.830779 0.834819 0.838860 0.842902 0.846945 0.850988 0.855032 0.859077 0.863123 0.867169 0.871215 0.875263 0.879311 0.883359 0.887408 0.891457 0.895507 0.899558 0.903609 0.907660 0.911712 0.915764 0.919817 0.923870 0.927923 0.931977 0.936031 0.940085 0.944140 0.948194 0.952249 0.956305 0.960360 0.964416 0.968472 0.972528 0.976584 0.980640 0.984696 0.988753 0.992809 0.996865 1.000000))
(channel blue)
(curve
    (curve-type smooth)
    (n-points 17)
    (points 34 0.000000 0.000000 -1.000000 -1.000000 -1.000000 -1.000000 -1.000000 -1.000000 -1.000000 -1.000000 -1.000000 -1.000000 -1.000000 -1.000000 -1.000000 -1.000000 -1.000000 -1.000000 -1.000000 -1.000000 -1.000000 -1.000000 -1.000000 -1.000000 -1.000000 -1.000000 -1.000000 -1.000000 -1.000000 -1.000000 -1.000000 -1.000000 1.000000 1.000000)
    (n-samples 256)
    (samples 256 0.000000 0.003922 0.007843 0.011765 0.015686 0.019608 0.023529 0.027451 0.031373 0.035294 0.039216 0.043137 0.047059 0.050980 0.054902 0.058824 0.062745 0.066667 0.070588 0.074510 0.078431 0.082353 0.086275 0.090196 0.094118 0.098039 0.101961 0.105882 0.109804 0.113725 0.117647 0.121569 0.125490 0.129412 0.133333 0.137255 0.141176 0.145098 0.149020 0.152941 0.156863 0.160784 0.164706 0.168627 0.172549 0.176471 0.180392 0.184314 0.188235 0.192157 0.196078 0.200000 0.203922 0.207843 0.211765 0.215686 0.219608 0.223529 0.227451 0.231373 0.235294 0.239216 0.243137 0.247059 0.250980 0.254902 0.258824 0.262745 0.266667 0.270588 0.274510 0.278431 0.282353 0.286275 0.290196 0.294118 0.298039 0.301961 0.305882 0.309804 0.313725 0.317647 0.321569 0.325490 0.329412 0.333333 0.337255 0.341176 0.345098 0.349020 0.352941 0.356863 0.360784 0.364706 0.368627 0.372549 0.376471 0.380392 0.384314 0.388235 0.392157 0.396078 0.400000 0.403922 0.407843 0.411765 0.415686 0.419608 0.423529 0.427451 0.431373 0.435294 0.439216 0.443137 0.447059 0.450980 0.454902 0.458824 0.462745 0.466667 0.470588 0.474510 0.478431 0.482353 0.486275 0.490196 0.494118 0.498039 0.501961 0.505882 0.509804 0.513725 0.517647 0.521569 0.525490 0.529412 0.533333 0.537255 0.541176 0.545098 0.549020 0.552941 0.556863 0.560784 0.564706 0.568627 0.572549 0.576471 0.580392 0.584314 0.588235 0.592157 0.596078 0.600000 0.603922 0.607843 0.611765 0.615686 0.619608 0.623529 0.627451 0.631373 0.635294 0.639216 0.643137 0.647059 0.650980 0.654902 0.658824 0.662745 0.666667 0.670588 0.674510 0.678431 0.682353 0.686275 0.690196 0.694118 0.698039 0.701961 0.705882 0.709804 0.713725 0.717647 0.721569 0.725490 0.729412 0.733333 0.737255 0.741176 0.745098 0.749020 0.752941 0.756863 0.760784 0.764706 0.768627 0.772549 0.776471 0.780392 0.784314 0.788235 0.792157 0.796078 0.800000 0.803922 0.807843 0.811765 0.815686 0.819608 0.823529 0.827451 0.831373 0.835294 0.839216 0.843137 0.847059 0.850980 0.854902 0.858824 0.862745 0.866667 0.870588 0.874510 0.878431 0.882353 0.886275 0.890196 0.894118 0.898039 0.901961 0.905882 0.909804 0.913725 0.917647 0.921569 0.925490 0.929412 0.933333 0.937255 0.941176 0.945098 0.949020 0.952941 0.956863 0.960784 0.964706 0.968627 0.972549 0.976471 0.980392 0.984314 0.988235 0.992157 0.996078 1.000000))
(channel alpha)
(curve
    (curve-type smooth)
    (n-points 17)
    (points 34 0.000000 0.000000 -1.000000 -1.000000 -1.000000 -1.000000 -1.000000 -1.000000 -1.000000 -1.000000 -1.000000 -1.000000 -1.000000 -1.000000 -1.000000 -1.000000 -1.000000 -1.000000 -1.000000 -1.000000 -1.000000 -1.000000 -1.000000 -1.000000 -1.000000 -1.000000 -1.000000 -1.000000 -1.000000 -1.000000 -1.000000 -1.000000 1.000000 1.000000)
    (n-samples 256)
    (samples 256 0.000000 0.003922 0.007843 0.011765 0.015686 0.019608 0.023529 0.027451 0.031373 0.035294 0.039216 0.043137 0.047059 0.050980 0.054902 0.058824 0.062745 0.066667 0.070588 0.074510 0.078431 0.082353 0.086275 0.090196 0.094118 0.098039 0.101961 0.105882 0.109804 0.113725 0.117647 0.121569 0.125490 0.129412 0.133333 0.137255 0.141176 0.145098 0.149020 0.152941 0.156863 0.160784 0.164706 0.168627 0.172549 0.176471 0.180392 0.184314 0.188235 0.192157 0.196078 0.200000 0.203922 0.207843 0.211765 0.215686 0.219608 0.223529 0.227451 0.231373 0.235294 0.239216 0.243137 0.247059 0.250980 0.254902 0.258824 0.262745 0.266667 0.270588 0.274510 0.278431 0.282353 0.286275 0.290196 0.294118 0.298039 0.301961 0.305882 0.309804 0.313725 0.317647 0.321569 0.325490 0.329412 0.333333 0.337255 0.341176 0.345098 0.349020 0.352941 0.356863 0.360784 0.364706 0.368627 0.372549 0.376471 0.380392 0.384314 0.388235 0.392157 0.396078 0.400000 0.403922 0.407843 0.411765 0.415686 0.419608 0.423529 0.427451 0.431373 0.435294 0.439216 0.443137 0.447059 0.450980 0.454902 0.458824 0.462745 0.466667 0.470588 0.474510 0.478431 0.482353 0.486275 0.490196 0.494118 0.498039 0.501961 0.505882 0.509804 0.513725 0.517647 0.521569 0.525490 0.529412 0.533333 0.537255 0.541176 0.545098 0.549020 0.552941 0.556863 0.560784 0.564706 0.568627 0.572549 0.576471 0.580392 0.584314 0.588235 0.592157 0.596078 0.600000 0.603922 0.607843 0.611765 0.615686 0.619608 0.623529 0.627451 0.631373 0.635294 0.639216 0.643137 0.647059 0.650980 0.654902 0.658824 0.662745 0.666667 0.670588 0.674510 0.678431 0.682353 0.686275 0.690196 0.694118 0.698039 0.701961 0.705882 0.709804 0.713725 0.717647 0.721569 0.725490 0.729412 0.733333 0.737255 0.741176 0.745098 0.749020 0.752941 0.756863 0.760784 0.764706 0.768627 0.772549 0.776471 0.780392 0.784314 0.788235 0.792157 0.796078 0.800000 0.803922 0.807843 0.811765 0.815686 0.819608 0.823529 0.827451 0.831373 0.835294 0.839216 0.843137 0.847059 0.850980 0.854902 0.858824 0.862745 0.866667 0.870588 0.874510 0.878431 0.882353 0.886275 0.890196 0.894118 0.898039 0.901961 0.905882 0.909804 0.913725 0.917647 0.921569 0.925490 0.929412 0.933333 0.937255 0.941176 0.945098 0.949020 0.952941 0.956863 0.960784 0.964706 0.968627 0.972549 0.976471 0.980392 0.984314 0.988235 0.992157 0.996078 1.000000))

# end of curves tool settings
