# GIMP curves tool settings

(time 0)
(channel value)
(curve
    (curve-type smooth)
    (n-points 17)
    (points 34 0.000000 0.000000 -1.000000 -1.000000 -1.000000 -1.000000 -1.000000 -1.000000 -1.000000 -1.000000 -1.000000 -1.000000 -1.000000 -1.000000 -1.000000 -1.000000 -1.000000 -1.000000 -1.000000 -1.000000 -1.000000 -1.000000 -1.000000 -1.000000 -1.000000 -1.000000 -1.000000 -1.000000 -1.000000 -1.000000 -1.000000 -1.000000 1.000000 1.000000)
    (n-samples 256)
    (samples 256 0.000000 0.003922 0.007843 0.011765 0.015686 0.019608 0.023529 0.027451 0.031373 0.035294 0.039216 0.043137 0.047059 0.050980 0.054902 0.058824 0.062745 0.066667 0.070588 0.074510 0.078431 0.082353 0.086275 0.090196 0.094118 0.098039 0.101961 0.105882 0.109804 0.113725 0.117647 0.121569 0.125490 0.129412 0.133333 0.137255 0.141176 0.145098 0.149020 0.152941 0.156863 0.160784 0.164706 0.168627 0.172549 0.176471 0.180392 0.184314 0.188235 0.192157 0.196078 0.200000 0.203922 0.207843 0.211765 0.215686 0.219608 0.223529 0.227451 0.231373 0.235294 0.239216 0.243137 0.247059 0.250980 0.254902 0.258824 0.262745 0.266667 0.270588 0.274510 0.278431 0.282353 0.286275 0.290196 0.294118 0.298039 0.301961 0.305882 0.309804 0.313725 0.317647 0.321569 0.325490 0.329412 0.333333 0.337255 0.341176 0.345098 0.349020 0.352941 0.356863 0.360784 0.364706 0.368627 0.372549 0.376471 0.380392 0.384314 0.388235 0.392157 0.396078 0.400000 0.403922 0.407843 0.411765 0.415686 0.419608 0.423529 0.427451 0.431373 0.435294 0.439216 0.443137 0.447059 0.450980 0.454902 0.458824 0.462745 0.466667 0.470588 0.474510 0.478431 0.482353 0.486275 0.490196 0.494118 0.498039 0.501961 0.505882 0.509804 0.513725 0.517647 0.521569 0.525490 0.529412 0.533333 0.537255 0.541176 0.545098 0.549020 0.552941 0.556863 0.560784 0.564706 0.568627 0.572549 0.576471 0.580392 0.584314 0.588235 0.592157 0.596078 0.600000 0.603922 0.607843 0.611765 0.615686 0.619608 0.623529 0.627451 0.631373 0.635294 0.639216 0.643137 0.647059 0.650980 0.654902 0.658824 0.662745 0.666667 0.670588 0.674510 0.678431 0.682353 0.686275 0.690196 0.694118 0.698039 0.701961 0.705882 0.709804 0.713725 0.717647 0.721569 0.725490 0.729412 0.733333 0.737255 0.741176 0.745098 0.749020 0.752941 0.756863 0.760784 0.764706 0.768627 0.772549 0.776471 0.780392 0.784314 0.788235 0.792157 0.796078 0.800000 0.803922 0.807843 0.811765 0.815686 0.819608 0.823529 0.827451 0.831373 0.835294 0.839216 0.843137 0.847059 0.850980 0.854902 0.858824 0.862745 0.866667 0.870588 0.874510 0.878431 0.882353 0.886275 0.890196 0.894118 0.898039 0.901961 0.905882 0.909804 0.913725 0.917647 0.921569 0.925490 0.929412 0.933333 0.937255 0.941176 0.945098 0.949020 0.952941 0.956863 0.960784 0.964706 0.968627 0.972549 0.976471 0.980392 0.984314 0.988235 0.992157 0.996078 1.000000))
(time 0)
(channel red)
(curve
    (curve-type smooth)
    (n-points 17)
    (points 34 0.000000 0.000000 -1.000000 -1.000000 -1.000000 -1.000000 -1.000000 -1.000000 -1.000000 -1.000000 -1.000000 -1.000000 -1.000000 -1.000000 0.441718 0.609375 -1.000000 -1.000000 -1.000000 -1.000000 -1.000000 -1.000000 -1.000000 -1.000000 -1.000000 -1.000000 -1.000000 -1.000000 -1.000000 -1.000000 -1.000000 -1.000000 1.000000 1.000000)
    (n-samples 256)
    (samples 256 0.000000 0.006154 0.012308 0.018461 0.024613 0.030764 0.036913 0.043060 0.049204 0.055346 0.061484 0.067619 0.073750 0.079876 0.085999 0.092116 0.098228 0.104334 0.110435 0.116529 0.122616 0.128696 0.134769 0.140834 0.146891 0.152940 0.158980 0.165010 0.171032 0.177043 0.183044 0.189034 0.195014 0.200982 0.206939 0.212884 0.218816 0.224736 0.230643 0.236536 0.242416 0.248282 0.254133 0.259969 0.265791 0.271596 0.277386 0.283160 0.288917 0.294657 0.300381 0.306086 0.311773 0.317443 0.323093 0.328725 0.334337 0.339929 0.345502 0.351054 0.356585 0.362095 0.367584 0.373051 0.378495 0.383917 0.389317 0.394693 0.400045 0.405374 0.410678 0.415958 0.421212 0.426441 0.431645 0.436822 0.441974 0.447098 0.452195 0.457265 0.462307 0.467321 0.472306 0.477263 0.482190 0.487088 0.491956 0.496793 0.501600 0.506376 0.511121 0.515834 0.520514 0.525163 0.529779 0.534362 0.538911 0.543426 0.547908 0.552355 0.556767 0.561143 0.565485 0.569790 0.574059 0.578292 0.582487 0.586645 0.590766 0.594849 0.598893 0.602898 0.606865 0.609375 0.613284 0.617169 0.621029 0.624865 0.628676 0.632464 0.636228 0.639968 0.643685 0.647379 0.651049 0.654697 0.658322 0.661925 0.665505 0.669062 0.672598 0.676112 0.679605 0.683075 0.686525 0.689953 0.693360 0.696747 0.700113 0.703458 0.706783 0.710088 0.713373 0.716639 0.719884 0.723111 0.726318 0.729506 0.732675 0.735825 0.738957 0.742071 0.745166 0.748243 0.751303 0.754345 0.757369 0.760376 0.763366 0.766338 0.769294 0.772234 0.775157 0.778064 0.780954 0.783829 0.786688 0.789531 0.792359 0.795172 0.797969 0.800752 0.803520 0.806274 0.809013 0.811738 0.814449 0.817146 0.819829 0.822499 0.825156 0.827800 0.830430 0.833048 0.835653 0.838246 0.840826 0.843395 0.845951 0.848496 0.851029 0.853551 0.856061 0.858561 0.861049 0.863527 0.865995 0.868452 0.870899 0.873335 0.875763 0.878180 0.880588 0.882986 0.885376 0.887756 0.890128 0.892491 0.894846 0.897193 0.899531 0.901861 0.904184 0.906499 0.908807 0.911108 0.913401 0.915688 0.917968 0.920241 0.922509 0.924770 0.927025 0.929274 0.931517 0.933755 0.935988 0.938216 0.940439 0.942657 0.944870 0.947079 0.949283 0.951484 0.953681 0.955874 0.958063 0.960249 0.962432 0.964612 0.966789 0.968963 0.971135 0.973305 0.975472 0.977637 0.979801 0.981963 0.984123 0.986282 0.988440 0.990597 0.992754 0.994909 0.997065 1.000000))
(time 0)
(channel green)
(curve
    (curve-type smooth)
    (n-points 17)
    (points 34 0.000000 0.000000 -1.000000 -1.000000 -1.000000 -1.000000 -1.000000 -1.000000 -1.000000 -1.000000 -1.000000 -1.000000 -1.000000 -1.000000 -1.000000 -1.000000 -1.000000 -1.000000 -1.000000 -1.000000 -1.000000 -1.000000 -1.000000 -1.000000 -1.000000 -1.000000 -1.000000 -1.000000 -1.000000 -1.000000 -1.000000 -1.000000 1.000000 1.000000)
    (n-samples 256)
    (samples 256 0.000000 0.003922 0.007843 0.011765 0.015686 0.019608 0.023529 0.027451 0.031373 0.035294 0.039216 0.043137 0.047059 0.050980 0.054902 0.058824 0.062745 0.066667 0.070588 0.074510 0.078431 0.082353 0.086275 0.090196 0.094118 0.098039 0.101961 0.105882 0.109804 0.113725 0.117647 0.121569 0.125490 0.129412 0.133333 0.137255 0.141176 0.145098 0.149020 0.152941 0.156863 0.160784 0.164706 0.168627 0.172549 0.176471 0.180392 0.184314 0.188235 0.192157 0.196078 0.200000 0.203922 0.207843 0.211765 0.215686 0.219608 0.223529 0.227451 0.231373 0.235294 0.239216 0.243137 0.247059 0.250980 0.254902 0.258824 0.262745 0.266667 0.270588 0.274510 0.278431 0.282353 0.286275 0.290196 0.294118 0.298039 0.301961 0.305882 0.309804 0.313725 0.317647 0.321569 0.325490 0.329412 0.333333 0.337255 0.341176 0.345098 0.349020 0.352941 0.356863 0.360784 0.364706 0.368627 0.372549 0.376471 0.380392 0.384314 0.388235 0.392157 0.396078 0.400000 0.403922 0.407843 0.411765 0.415686 0.419608 0.423529 0.427451 0.431373 0.435294 0.439216 0.443137 0.447059 0.450980 0.454902 0.458824 0.462745 0.466667 0.470588 0.474510 0.478431 0.482353 0.486275 0.490196 0.494118 0.498039 0.501961 0.505882 0.509804 0.513725 0.517647 0.521569 0.525490 0.529412 0.533333 0.537255 0.541176 0.545098 0.549020 0.552941 0.556863 0.560784 0.564706 0.568627 0.572549 0.576471 0.580392 0.584314 0.588235 0.592157 0.596078 0.600000 0.603922 0.607843 0.611765 0.615686 0.619608 0.623529 0.627451 0.631373 0.635294 0.639216 0.643137 0.647059 0.650980 0.654902 0.658824 0.662745 0.666667 0.670588 0.674510 0.678431 0.682353 0.686275 0.690196 0.694118 0.698039 0.701961 0.705882 0.709804 0.713725 0.717647 0.721569 0.725490 0.729412 0.733333 0.737255 0.741176 0.745098 0.749020 0.752941 0.756863 0.760784 0.764706 0.768627 0.772549 0.776471 0.780392 0.784314 0.788235 0.792157 0.796078 0.800000 0.803922 0.807843 0.811765 0.815686 0.819608 0.823529 0.827451 0.831373 0.835294 0.839216 0.843137 0.847059 0.850980 0.854902 0.858824 0.862745 0.866667 0.870588 0.874510 0.878431 0.882353 0.886275 0.890196 0.894118 0.898039 0.901961 0.905882 0.909804 0.913725 0.917647 0.921569 0.925490 0.929412 0.933333 0.937255 0.941176 0.945098 0.949020 0.952941 0.956863 0.960784 0.964706 0.968627 0.972549 0.976471 0.980392 0.984314 0.988235 0.992157 0.996078 1.000000))
(time 0)
(channel blue)
(curve
    (curve-type smooth)
    (n-points 17)
    (points 34 0.000000 0.000000 -1.000000 -1.000000 -1.000000 -1.000000 -1.000000 -1.000000 -1.000000 -1.000000 -1.000000 -1.000000 0.365031 0.535156 -1.000000 -1.000000 -1.000000 -1.000000 -1.000000 -1.000000 -1.000000 -1.000000 -1.000000 -1.000000 -1.000000 -1.000000 -1.000000 -1.000000 -1.000000 -1.000000 -1.000000 -1.000000 1.000000 1.000000)
    (n-samples 256)
    (samples 256 0.000000 0.006663 0.013325 0.019986 0.026646 0.033302 0.039956 0.046605 0.053251 0.059891 0.066525 0.073154 0.079775 0.086388 0.092994 0.099590 0.106177 0.112754 0.119320 0.125875 0.132418 0.138948 0.145465 0.151968 0.158456 0.164929 0.171387 0.177827 0.184251 0.190657 0.197045 0.203414 0.209763 0.216092 0.222400 0.228686 0.234950 0.241192 0.247410 0.253604 0.259773 0.265917 0.272036 0.278127 0.284191 0.290228 0.296236 0.302215 0.308164 0.314083 0.319971 0.325827 0.331651 0.337442 0.343199 0.348922 0.354611 0.360264 0.365881 0.371461 0.377004 0.382509 0.387975 0.393402 0.398789 0.404136 0.409441 0.414705 0.419927 0.425105 0.430240 0.435330 0.440376 0.445376 0.450329 0.455236 0.460096 0.464907 0.469670 0.474383 0.479046 0.483659 0.488220 0.492730 0.497187 0.501590 0.505940 0.510236 0.514477 0.518661 0.522790 0.526862 0.530875 0.535156 0.539068 0.542961 0.546834 0.550688 0.554523 0.558340 0.562137 0.565916 0.569677 0.573419 0.577142 0.580848 0.584536 0.588205 0.591857 0.595492 0.599108 0.602708 0.606290 0.609854 0.613402 0.616933 0.620447 0.623944 0.627425 0.630889 0.634337 0.637769 0.641184 0.644584 0.647968 0.651336 0.654688 0.658025 0.661347 0.664653 0.667944 0.671220 0.674481 0.677728 0.680959 0.684177 0.687379 0.690568 0.693742 0.696902 0.700049 0.703181 0.706300 0.709405 0.712497 0.715576 0.718641 0.721693 0.724732 0.727758 0.730772 0.733773 0.736761 0.739738 0.742701 0.745653 0.748593 0.751521 0.754437 0.757341 0.760234 0.763115 0.765985 0.768844 0.771692 0.774529 0.777355 0.780171 0.782976 0.785770 0.788554 0.791328 0.794092 0.796846 0.799590 0.802324 0.805049 0.807764 0.810470 0.813167 0.815854 0.818533 0.821202 0.823863 0.826515 0.829159 0.831794 0.834421 0.837040 0.839650 0.842253 0.844848 0.847435 0.850015 0.852587 0.855152 0.857710 0.860261 0.862804 0.865341 0.867871 0.870395 0.872912 0.875423 0.877927 0.880426 0.882918 0.885404 0.887885 0.890360 0.892830 0.895294 0.897753 0.900206 0.902655 0.905099 0.907538 0.909972 0.912402 0.914827 0.917248 0.919665 0.922077 0.924486 0.926891 0.929292 0.931689 0.934084 0.936474 0.938862 0.941246 0.943627 0.946006 0.948382 0.950755 0.953125 0.955494 0.957860 0.960223 0.962585 0.964945 0.967303 0.969659 0.972014 0.974367 0.976719 0.979070 0.981420 0.983769 0.986117 0.988464 0.990811 0.993157 0.995503 0.997849 1.000000))
(time 0)
(channel alpha)
(curve
    (curve-type smooth)
    (n-points 17)
    (points 34 0.000000 0.000000 -1.000000 -1.000000 -1.000000 -1.000000 -1.000000 -1.000000 -1.000000 -1.000000 -1.000000 -1.000000 -1.000000 -1.000000 -1.000000 -1.000000 -1.000000 -1.000000 -1.000000 -1.000000 -1.000000 -1.000000 -1.000000 -1.000000 -1.000000 -1.000000 -1.000000 -1.000000 -1.000000 -1.000000 -1.000000 -1.000000 1.000000 1.000000)
    (n-samples 256)
    (samples 256 0.000000 0.003922 0.007843 0.011765 0.015686 0.019608 0.023529 0.027451 0.031373 0.035294 0.039216 0.043137 0.047059 0.050980 0.054902 0.058824 0.062745 0.066667 0.070588 0.074510 0.078431 0.082353 0.086275 0.090196 0.094118 0.098039 0.101961 0.105882 0.109804 0.113725 0.117647 0.121569 0.125490 0.129412 0.133333 0.137255 0.141176 0.145098 0.149020 0.152941 0.156863 0.160784 0.164706 0.168627 0.172549 0.176471 0.180392 0.184314 0.188235 0.192157 0.196078 0.200000 0.203922 0.207843 0.211765 0.215686 0.219608 0.223529 0.227451 0.231373 0.235294 0.239216 0.243137 0.247059 0.250980 0.254902 0.258824 0.262745 0.266667 0.270588 0.274510 0.278431 0.282353 0.286275 0.290196 0.294118 0.298039 0.301961 0.305882 0.309804 0.313725 0.317647 0.321569 0.325490 0.329412 0.333333 0.337255 0.341176 0.345098 0.349020 0.352941 0.356863 0.360784 0.364706 0.368627 0.372549 0.376471 0.380392 0.384314 0.388235 0.392157 0.396078 0.400000 0.403922 0.407843 0.411765 0.415686 0.419608 0.423529 0.427451 0.431373 0.435294 0.439216 0.443137 0.447059 0.450980 0.454902 0.458824 0.462745 0.466667 0.470588 0.474510 0.478431 0.482353 0.486275 0.490196 0.494118 0.498039 0.501961 0.505882 0.509804 0.513725 0.517647 0.521569 0.525490 0.529412 0.533333 0.537255 0.541176 0.545098 0.549020 0.552941 0.556863 0.560784 0.564706 0.568627 0.572549 0.576471 0.580392 0.584314 0.588235 0.592157 0.596078 0.600000 0.603922 0.607843 0.611765 0.615686 0.619608 0.623529 0.627451 0.631373 0.635294 0.639216 0.643137 0.647059 0.650980 0.654902 0.658824 0.662745 0.666667 0.670588 0.674510 0.678431 0.682353 0.686275 0.690196 0.694118 0.698039 0.701961 0.705882 0.709804 0.713725 0.717647 0.721569 0.725490 0.729412 0.733333 0.737255 0.741176 0.745098 0.749020 0.752941 0.756863 0.760784 0.764706 0.768627 0.772549 0.776471 0.780392 0.784314 0.788235 0.792157 0.796078 0.800000 0.803922 0.807843 0.811765 0.815686 0.819608 0.823529 0.827451 0.831373 0.835294 0.839216 0.843137 0.847059 0.850980 0.854902 0.858824 0.862745 0.866667 0.870588 0.874510 0.878431 0.882353 0.886275 0.890196 0.894118 0.898039 0.901961 0.905882 0.909804 0.913725 0.917647 0.921569 0.925490 0.929412 0.933333 0.937255 0.941176 0.945098 0.949020 0.952941 0.956863 0.960784 0.964706 0.968627 0.972549 0.976471 0.980392 0.984314 0.988235 0.992157 0.996078 1.000000))

# end of curves tool settings
