# GIMP curves tool settings

(time 0)
(channel value)
(curve
    (curve-type smooth)
    (n-points 17)
    (points 34 0.009146 0.201521 -1.000000 -1.000000 0.152439 0.110266 -1.000000 -1.000000 -1.000000 -1.000000 -1.000000 -1.000000 -1.000000 -1.000000 0.435976 0.414449 -1.000000 -1.000000 -1.000000 -1.000000 -1.000000 -1.000000 -1.000000 -1.000000 0.765244 0.798479 -1.000000 -1.000000 -1.000000 -1.000000 0.917683 1.000000 -1.000000 -1.000000)
    (n-samples 256)
    (samples 256 0.201521 0.201521 0.201521 0.196798 0.192086 0.187393 0.182731 0.178108 0.173535 0.169023 0.164581 0.160218 0.155946 0.151774 0.147712 0.143770 0.139958 0.136286 0.132764 0.129402 0.126211 0.123200 0.120378 0.117757 0.115346 0.113156 0.111195 0.109474 0.108004 0.106794 0.105854 0.105195 0.104825 0.104756 0.104997 0.105558 0.106450 0.107681 0.109263 0.110266 0.112282 0.114414 0.116660 0.119019 0.121487 0.124062 0.126743 0.129526 0.132409 0.135390 0.138467 0.141636 0.144897 0.148246 0.151681 0.155199 0.158799 0.162478 0.166234 0.170064 0.173966 0.177937 0.181976 0.186080 0.190246 0.194472 0.198756 0.203095 0.207488 0.211931 0.216422 0.220960 0.225541 0.230163 0.234825 0.239523 0.244255 0.249019 0.253812 0.258633 0.263478 0.268346 0.273234 0.278140 0.283061 0.287995 0.292939 0.297892 0.302851 0.307813 0.312777 0.317739 0.322698 0.327651 0.332596 0.337531 0.342452 0.347358 0.352246 0.357115 0.361961 0.366782 0.371576 0.376341 0.381074 0.385773 0.390435 0.395059 0.399641 0.404180 0.408673 0.414449 0.418855 0.423264 0.427677 0.432093 0.436513 0.440937 0.445364 0.449795 0.454229 0.458667 0.463109 0.467555 0.472004 0.476457 0.480913 0.485374 0.489838 0.494306 0.498778 0.503254 0.507734 0.512217 0.516705 0.521196 0.525692 0.530191 0.534695 0.539202 0.543714 0.548229 0.552749 0.557272 0.561800 0.566332 0.570868 0.575409 0.579953 0.584502 0.589055 0.593612 0.598174 0.602739 0.607310 0.611884 0.616463 0.621046 0.625634 0.630226 0.634822 0.639423 0.644029 0.648639 0.653253 0.657872 0.662496 0.667124 0.671757 0.676394 0.681036 0.685683 0.690334 0.694990 0.699651 0.704316 0.708987 0.713662 0.718342 0.723026 0.727716 0.732410 0.737109 0.741814 0.746523 0.751237 0.755956 0.760680 0.765409 0.770143 0.774882 0.779626 0.784375 0.789129 0.793889 0.798479 0.803262 0.808076 0.812921 0.817796 0.822699 0.827631 0.832589 0.837575 0.842585 0.847621 0.852680 0.857763 0.862867 0.867994 0.873140 0.878307 0.883492 0.888696 0.893917 0.899154 0.904407 0.909675 0.914957 0.920252 0.925559 0.930878 0.936207 0.941547 0.946895 0.952251 0.957615 0.962985 0.968361 0.973742 0.979127 0.984515 0.989906 0.995298 1.000000 1.000000 1.000000 1.000000 1.000000 1.000000 1.000000 1.000000 1.000000 1.000000 1.000000 1.000000 1.000000 1.000000 1.000000 1.000000 1.000000 1.000000 1.000000 1.000000 1.000000 1.000000))
(time 0)
(channel red)
(curve
    (curve-type smooth)
    (n-points 17)
    (points 34 0.003049 0.243346 -1.000000 -1.000000 -1.000000 -1.000000 -1.000000 -1.000000 0.274390 0.212928 -1.000000 -1.000000 -1.000000 -1.000000 0.460366 0.441065 -1.000000 -1.000000 -1.000000 -1.000000 -1.000000 -1.000000 -1.000000 -1.000000 -1.000000 -1.000000 0.810976 0.878327 -1.000000 -1.000000 0.951220 1.000000 -1.000000 -1.000000)
    (n-samples 256)
    (samples 256 0.243346 0.243346 0.241839 0.240333 0.238831 0.237332 0.235838 0.234351 0.232872 0.231403 0.229944 0.228497 0.227064 0.225645 0.224243 0.222858 0.221491 0.220145 0.218820 0.217517 0.216239 0.214987 0.213761 0.212563 0.211394 0.210257 0.209151 0.208079 0.207042 0.206040 0.205077 0.204152 0.203267 0.202423 0.201623 0.200867 0.200156 0.199492 0.198876 0.198309 0.197794 0.197330 0.196920 0.196565 0.196267 0.196025 0.195843 0.195721 0.195660 0.195662 0.195729 0.195861 0.196060 0.196327 0.196663 0.197071 0.197551 0.198104 0.198733 0.199437 0.200219 0.201081 0.202022 0.203045 0.204151 0.205341 0.206617 0.207980 0.209431 0.210972 0.212928 0.214752 0.216829 0.219150 0.221707 0.224492 0.227496 0.230712 0.234132 0.237746 0.241548 0.245528 0.249679 0.253993 0.258460 0.263074 0.267826 0.272708 0.277711 0.282828 0.288050 0.293370 0.298778 0.304267 0.309829 0.315455 0.321137 0.326867 0.332638 0.338440 0.344265 0.350107 0.355955 0.361802 0.367641 0.373462 0.379257 0.385019 0.390739 0.396410 0.402022 0.407567 0.413039 0.418427 0.423725 0.428924 0.434016 0.441065 0.445933 0.450812 0.455700 0.460599 0.465507 0.470424 0.475350 0.480284 0.485226 0.490176 0.495133 0.500097 0.505068 0.510045 0.515028 0.520017 0.525011 0.530010 0.535014 0.540022 0.545034 0.550050 0.555069 0.560091 0.565115 0.570142 0.575171 0.580201 0.585232 0.590265 0.595297 0.600330 0.605363 0.610396 0.615428 0.620458 0.625487 0.630514 0.635540 0.640562 0.645582 0.650598 0.655611 0.660620 0.665625 0.670626 0.675621 0.680612 0.685596 0.690575 0.695548 0.700514 0.705473 0.710424 0.715368 0.720305 0.725233 0.730152 0.735062 0.739963 0.744855 0.749736 0.754607 0.759467 0.764317 0.769155 0.773981 0.778795 0.783597 0.788387 0.793163 0.797925 0.802675 0.807410 0.812130 0.816836 0.821527 0.826202 0.830861 0.835505 0.840132 0.844742 0.849335 0.853911 0.858468 0.863008 0.867529 0.872032 0.876515 0.878327 0.882748 0.887083 0.891333 0.895502 0.899592 0.903604 0.907543 0.911410 0.915207 0.918938 0.922605 0.926209 0.929755 0.933244 0.936678 0.940061 0.943395 0.946681 0.949924 0.953124 0.956285 0.959410 0.962500 0.965558 0.968587 0.971589 0.974567 0.977523 0.980459 0.983379 0.986284 0.989178 0.992062 0.994939 0.997812 1.000000 1.000000 1.000000 1.000000 1.000000 1.000000 1.000000 1.000000 1.000000 1.000000 1.000000 1.000000 1.000000))
(time 0)
(channel green)
(curve
    (curve-type smooth)
    (n-points 17)
    (points 34 0.000000 0.019011 -1.000000 -1.000000 -1.000000 -1.000000 -1.000000 -1.000000 -1.000000 -1.000000 -1.000000 -1.000000 -1.000000 -1.000000 -1.000000 -1.000000 -1.000000 -1.000000 -1.000000 -1.000000 -1.000000 -1.000000 0.704268 0.612167 -1.000000 -1.000000 -1.000000 -1.000000 -1.000000 -1.000000 -1.000000 -1.000000 1.000000 0.977186)
    (n-samples 256)
    (samples 256 0.019011 0.022087 0.025163 0.028238 0.031314 0.034390 0.037466 0.040542 0.043619 0.046696 0.049774 0.052852 0.055930 0.059009 0.062088 0.065168 0.068249 0.071330 0.074412 0.077495 0.080578 0.083663 0.086748 0.089834 0.092921 0.096010 0.099099 0.102189 0.105281 0.108373 0.111467 0.114563 0.117659 0.120757 0.123856 0.126957 0.130059 0.133163 0.136268 0.139375 0.142483 0.145594 0.148705 0.151819 0.154935 0.158052 0.161171 0.164293 0.167416 0.170541 0.173669 0.176798 0.179930 0.183063 0.186199 0.189338 0.192478 0.195621 0.198767 0.201915 0.205065 0.208218 0.211374 0.214532 0.217693 0.220856 0.224022 0.227191 0.230363 0.233538 0.236716 0.239896 0.243080 0.246267 0.249456 0.252649 0.255845 0.259045 0.262247 0.265453 0.268662 0.271875 0.275091 0.278310 0.281533 0.284760 0.287990 0.291223 0.294461 0.297702 0.300947 0.304196 0.307448 0.310705 0.313965 0.317229 0.320498 0.323770 0.327047 0.330327 0.333612 0.336901 0.340195 0.343493 0.346795 0.350101 0.353412 0.356727 0.360047 0.363372 0.366701 0.370034 0.373373 0.376716 0.380064 0.383417 0.386774 0.390137 0.393504 0.396877 0.400254 0.403637 0.407025 0.410418 0.413816 0.417219 0.420627 0.424041 0.427461 0.430885 0.434316 0.437751 0.441192 0.444639 0.448092 0.451550 0.455013 0.458483 0.461958 0.465439 0.468927 0.472419 0.475918 0.479423 0.482934 0.486451 0.489975 0.493504 0.497040 0.500581 0.504130 0.507684 0.511245 0.514812 0.518386 0.521966 0.525553 0.529147 0.532747 0.536354 0.539967 0.543587 0.547214 0.550848 0.554489 0.558137 0.561792 0.565453 0.569122 0.572798 0.576481 0.580172 0.583869 0.587574 0.591286 0.595005 0.598732 0.602467 0.606208 0.609958 0.612167 0.615946 0.619768 0.623631 0.627536 0.631482 0.635467 0.639493 0.643557 0.647660 0.651801 0.655980 0.660195 0.664446 0.668733 0.673055 0.677412 0.681802 0.686226 0.690683 0.695172 0.699692 0.704244 0.708826 0.713438 0.718080 0.722750 0.727448 0.732175 0.736928 0.741707 0.746513 0.751344 0.756200 0.761080 0.765984 0.770911 0.775860 0.780831 0.785824 0.790837 0.795871 0.800924 0.805996 0.811087 0.816196 0.821322 0.826465 0.831625 0.836799 0.841989 0.847194 0.852412 0.857644 0.862889 0.868146 0.873414 0.878694 0.883984 0.889284 0.894593 0.899912 0.905238 0.910572 0.915913 0.921261 0.926615 0.931974 0.937338 0.942706 0.948078 0.953452 0.958830 0.964209 0.969590 0.977186))
(time 0)
(channel blue)
(curve
    (curve-type smooth)
    (n-points 17)
    (points 34 0.000000 0.110266 -1.000000 -1.000000 -1.000000 -1.000000 -1.000000 -1.000000 -1.000000 -1.000000 0.326220 0.258555 -1.000000 -1.000000 -1.000000 -1.000000 -1.000000 -1.000000 -1.000000 -1.000000 -1.000000 -1.000000 -1.000000 -1.000000 -1.000000 -1.000000 -1.000000 -1.000000 -1.000000 -1.000000 -1.000000 -1.000000 1.000000 0.821293)
    (n-samples 256)
    (samples 256 0.110266 0.111546 0.112826 0.114107 0.115390 0.116674 0.117960 0.119249 0.120541 0.121837 0.123136 0.124440 0.125749 0.127063 0.128382 0.129708 0.131040 0.132379 0.133726 0.135080 0.136443 0.137814 0.139195 0.140585 0.141985 0.143396 0.144817 0.146250 0.147695 0.149152 0.150621 0.152104 0.153600 0.155110 0.156634 0.158173 0.159728 0.161298 0.162885 0.164487 0.166107 0.167745 0.169400 0.171074 0.172766 0.174477 0.176208 0.177960 0.179731 0.181524 0.183338 0.185173 0.187031 0.188912 0.190816 0.192743 0.194694 0.196670 0.198671 0.200697 0.202748 0.204826 0.206930 0.209062 0.211220 0.213407 0.215622 0.217866 0.220139 0.222442 0.224775 0.227138 0.229532 0.231958 0.234415 0.236905 0.239428 0.241983 0.244572 0.247196 0.249853 0.252546 0.255274 0.258555 0.261348 0.264149 0.266958 0.269776 0.272602 0.275436 0.278279 0.281130 0.283989 0.286855 0.289730 0.292613 0.295504 0.298402 0.301309 0.304223 0.307145 0.310075 0.313012 0.315956 0.318909 0.321868 0.324835 0.327810 0.330792 0.333781 0.336777 0.339780 0.342791 0.345809 0.348833 0.351865 0.354903 0.357949 0.361001 0.364060 0.367126 0.370198 0.373277 0.376363 0.379455 0.382553 0.385658 0.388770 0.391887 0.395011 0.398141 0.401278 0.404420 0.407569 0.410724 0.413884 0.417051 0.420223 0.423401 0.426585 0.429775 0.432970 0.436171 0.439378 0.442590 0.445808 0.449031 0.452259 0.455493 0.458732 0.461977 0.465226 0.468481 0.471740 0.475005 0.478275 0.481550 0.484829 0.488114 0.491403 0.494697 0.497995 0.501299 0.504607 0.507919 0.511236 0.514557 0.517883 0.521213 0.524548 0.527886 0.531229 0.534576 0.537927 0.541282 0.544641 0.548005 0.551372 0.554742 0.558117 0.561495 0.564878 0.568263 0.571653 0.575046 0.578442 0.581842 0.585245 0.588652 0.592062 0.595475 0.598891 0.602311 0.605733 0.609159 0.612588 0.616020 0.619454 0.622892 0.626332 0.629775 0.633221 0.636669 0.640120 0.643574 0.647030 0.650488 0.653949 0.657413 0.660878 0.664346 0.667816 0.671289 0.674763 0.678240 0.681718 0.685199 0.688681 0.692165 0.695651 0.699139 0.702629 0.706120 0.709613 0.713108 0.716604 0.720101 0.723600 0.727100 0.730602 0.734105 0.737609 0.741114 0.744621 0.748128 0.751637 0.755146 0.758657 0.762168 0.765680 0.769193 0.772707 0.776221 0.779736 0.783251 0.786768 0.790284 0.793801 0.797319 0.800836 0.804354 0.807873 0.811391 0.814910 0.818428 0.821293))
(time 0)
(channel alpha)
(curve
    (curve-type smooth)
    (n-points 17)
    (points 34 0.000000 0.000000 -1.000000 -1.000000 -1.000000 -1.000000 -1.000000 -1.000000 -1.000000 -1.000000 -1.000000 -1.000000 -1.000000 -1.000000 -1.000000 -1.000000 -1.000000 -1.000000 -1.000000 -1.000000 -1.000000 -1.000000 -1.000000 -1.000000 -1.000000 -1.000000 -1.000000 -1.000000 -1.000000 -1.000000 -1.000000 -1.000000 1.000000 1.000000)
    (n-samples 256)
    (samples 256 0.000000 0.003922 0.007843 0.011765 0.015686 0.019608 0.023529 0.027451 0.031373 0.035294 0.039216 0.043137 0.047059 0.050980 0.054902 0.058824 0.062745 0.066667 0.070588 0.074510 0.078431 0.082353 0.086275 0.090196 0.094118 0.098039 0.101961 0.105882 0.109804 0.113725 0.117647 0.121569 0.125490 0.129412 0.133333 0.137255 0.141176 0.145098 0.149020 0.152941 0.156863 0.160784 0.164706 0.168627 0.172549 0.176471 0.180392 0.184314 0.188235 0.192157 0.196078 0.200000 0.203922 0.207843 0.211765 0.215686 0.219608 0.223529 0.227451 0.231373 0.235294 0.239216 0.243137 0.247059 0.250980 0.254902 0.258824 0.262745 0.266667 0.270588 0.274510 0.278431 0.282353 0.286275 0.290196 0.294118 0.298039 0.301961 0.305882 0.309804 0.313725 0.317647 0.321569 0.325490 0.329412 0.333333 0.337255 0.341176 0.345098 0.349020 0.352941 0.356863 0.360784 0.364706 0.368627 0.372549 0.376471 0.380392 0.384314 0.388235 0.392157 0.396078 0.400000 0.403922 0.407843 0.411765 0.415686 0.419608 0.423529 0.427451 0.431373 0.435294 0.439216 0.443137 0.447059 0.450980 0.454902 0.458824 0.462745 0.466667 0.470588 0.474510 0.478431 0.482353 0.486275 0.490196 0.494118 0.498039 0.501961 0.505882 0.509804 0.513725 0.517647 0.521569 0.525490 0.529412 0.533333 0.537255 0.541176 0.545098 0.549020 0.552941 0.556863 0.560784 0.564706 0.568627 0.572549 0.576471 0.580392 0.584314 0.588235 0.592157 0.596078 0.600000 0.603922 0.607843 0.611765 0.615686 0.619608 0.623529 0.627451 0.631373 0.635294 0.639216 0.643137 0.647059 0.650980 0.654902 0.658824 0.662745 0.666667 0.670588 0.674510 0.678431 0.682353 0.686275 0.690196 0.694118 0.698039 0.701961 0.705882 0.709804 0.713725 0.717647 0.721569 0.725490 0.729412 0.733333 0.737255 0.741176 0.745098 0.749020 0.752941 0.756863 0.760784 0.764706 0.768627 0.772549 0.776471 0.780392 0.784314 0.788235 0.792157 0.796078 0.800000 0.803922 0.807843 0.811765 0.815686 0.819608 0.823529 0.827451 0.831373 0.835294 0.839216 0.843137 0.847059 0.850980 0.854902 0.858824 0.862745 0.866667 0.870588 0.874510 0.878431 0.882353 0.886275 0.890196 0.894118 0.898039 0.901961 0.905882 0.909804 0.913725 0.917647 0.921569 0.925490 0.929412 0.933333 0.937255 0.941176 0.945098 0.949020 0.952941 0.956863 0.960784 0.964706 0.968627 0.972549 0.976471 0.980392 0.984314 0.988235 0.992157 0.996078 1.000000))

# end of curves tool settings
