# GIMP curves tool settings

(time 0)
(channel value)
(curve
    (curve-type smooth)
    (n-points 17)
    (points 34 0.000000 0.295880 -1.000000 -1.000000 -1.000000 -1.000000 -1.000000 -1.000000 -1.000000 -1.000000 0.314024 0.404494 -1.000000 -1.000000 -1.000000 -1.000000 -1.000000 -1.000000 0.545732 0.573034 -1.000000 -1.000000 -1.000000 -1.000000 -1.000000 -1.000000 -1.000000 -1.000000 -1.000000 -1.000000 -1.000000 -1.000000 0.987805 0.868914)
    (n-samples 256)
    (samples 256 0.295880 0.296919 0.297958 0.298998 0.300038 0.301080 0.302124 0.303169 0.304216 0.305265 0.306317 0.307373 0.308431 0.309493 0.310559 0.311629 0.312704 0.313783 0.314867 0.315957 0.317052 0.318153 0.319261 0.320375 0.321496 0.322624 0.323759 0.324902 0.326053 0.327213 0.328381 0.329558 0.330744 0.331940 0.333145 0.334361 0.335587 0.336824 0.338072 0.339331 0.340601 0.341884 0.343179 0.344486 0.345806 0.347139 0.348485 0.349845 0.351219 0.352608 0.354011 0.355428 0.356861 0.358310 0.359774 0.361254 0.362750 0.364264 0.365794 0.367341 0.368906 0.370488 0.372089 0.373708 0.375346 0.377003 0.378680 0.380376 0.382091 0.383828 0.385584 0.387361 0.389160 0.390980 0.392821 0.394685 0.396571 0.398479 0.400410 0.402365 0.404494 0.406517 0.408602 0.410746 0.412949 0.415208 0.417522 0.419888 0.422306 0.424773 0.427288 0.429849 0.432454 0.435101 0.437790 0.440517 0.443282 0.446082 0.448916 0.451782 0.454679 0.457604 0.460556 0.463533 0.466534 0.469556 0.472598 0.475658 0.478735 0.481826 0.484931 0.488047 0.491172 0.494305 0.497444 0.500587 0.503733 0.506880 0.510026 0.513169 0.516307 0.519440 0.522565 0.525680 0.528784 0.531875 0.534951 0.538011 0.541052 0.544073 0.547072 0.550048 0.552999 0.555923 0.558818 0.561683 0.564516 0.567314 0.570077 0.573034 0.575736 0.578436 0.581134 0.583829 0.586523 0.589215 0.591905 0.594593 0.597279 0.599963 0.602645 0.605325 0.608004 0.610680 0.613355 0.616028 0.618699 0.621369 0.624036 0.626702 0.629366 0.632029 0.634690 0.637349 0.640006 0.642662 0.645317 0.647969 0.650620 0.653270 0.655918 0.658565 0.661210 0.663853 0.666495 0.669136 0.671775 0.674413 0.677050 0.679685 0.682319 0.684951 0.687582 0.690212 0.692841 0.695468 0.698094 0.700719 0.703343 0.705965 0.708587 0.711207 0.713826 0.716444 0.719061 0.721677 0.724291 0.726905 0.729518 0.732130 0.734740 0.737350 0.739959 0.742567 0.745174 0.747780 0.750386 0.752990 0.755594 0.758196 0.760798 0.763400 0.766000 0.768600 0.771199 0.773797 0.776395 0.778992 0.781589 0.784184 0.786779 0.789374 0.791968 0.794561 0.797154 0.799747 0.802339 0.804930 0.807521 0.810112 0.812702 0.815291 0.817881 0.820470 0.823058 0.825647 0.828235 0.830822 0.833410 0.835997 0.838584 0.841171 0.843757 0.846343 0.848930 0.851516 0.854102 0.856687 0.859273 0.861859 0.864444 0.867030 0.868914 0.868914 0.868914 0.868914))
(time 0)
(channel red)
(curve
    (curve-type smooth)
    (n-points 17)
    (points 34 0.000000 0.000000 -1.000000 -1.000000 -1.000000 -1.000000 -1.000000 -1.000000 -1.000000 -1.000000 -1.000000 -1.000000 -1.000000 -1.000000 -1.000000 -1.000000 -1.000000 -1.000000 -1.000000 -1.000000 -1.000000 -1.000000 -1.000000 -1.000000 -1.000000 -1.000000 -1.000000 -1.000000 -1.000000 -1.000000 -1.000000 -1.000000 1.000000 1.000000)
    (n-samples 256)
    (samples 256 0.000000 0.003922 0.007843 0.011765 0.015686 0.019608 0.023529 0.027451 0.031373 0.035294 0.039216 0.043137 0.047059 0.050980 0.054902 0.058824 0.062745 0.066667 0.070588 0.074510 0.078431 0.082353 0.086275 0.090196 0.094118 0.098039 0.101961 0.105882 0.109804 0.113725 0.117647 0.121569 0.125490 0.129412 0.133333 0.137255 0.141176 0.145098 0.149020 0.152941 0.156863 0.160784 0.164706 0.168627 0.172549 0.176471 0.180392 0.184314 0.188235 0.192157 0.196078 0.200000 0.203922 0.207843 0.211765 0.215686 0.219608 0.223529 0.227451 0.231373 0.235294 0.239216 0.243137 0.247059 0.250980 0.254902 0.258824 0.262745 0.266667 0.270588 0.274510 0.278431 0.282353 0.286275 0.290196 0.294118 0.298039 0.301961 0.305882 0.309804 0.313725 0.317647 0.321569 0.325490 0.329412 0.333333 0.337255 0.341176 0.345098 0.349020 0.352941 0.356863 0.360784 0.364706 0.368627 0.372549 0.376471 0.380392 0.384314 0.388235 0.392157 0.396078 0.400000 0.403922 0.407843 0.411765 0.415686 0.419608 0.423529 0.427451 0.431373 0.435294 0.439216 0.443137 0.447059 0.450980 0.454902 0.458824 0.462745 0.466667 0.470588 0.474510 0.478431 0.482353 0.486275 0.490196 0.494118 0.498039 0.501961 0.505882 0.509804 0.513725 0.517647 0.521569 0.525490 0.529412 0.533333 0.537255 0.541176 0.545098 0.549020 0.552941 0.556863 0.560784 0.564706 0.568627 0.572549 0.576471 0.580392 0.584314 0.588235 0.592157 0.596078 0.600000 0.603922 0.607843 0.611765 0.615686 0.619608 0.623529 0.627451 0.631373 0.635294 0.639216 0.643137 0.647059 0.650980 0.654902 0.658824 0.662745 0.666667 0.670588 0.674510 0.678431 0.682353 0.686275 0.690196 0.694118 0.698039 0.701961 0.705882 0.709804 0.713725 0.717647 0.721569 0.725490 0.729412 0.733333 0.737255 0.741176 0.745098 0.749020 0.752941 0.756863 0.760784 0.764706 0.768627 0.772549 0.776471 0.780392 0.784314 0.788235 0.792157 0.796078 0.800000 0.803922 0.807843 0.811765 0.815686 0.819608 0.823529 0.827451 0.831373 0.835294 0.839216 0.843137 0.847059 0.850980 0.854902 0.858824 0.862745 0.866667 0.870588 0.874510 0.878431 0.882353 0.886275 0.890196 0.894118 0.898039 0.901961 0.905882 0.909804 0.913725 0.917647 0.921569 0.925490 0.929412 0.933333 0.937255 0.941176 0.945098 0.949020 0.952941 0.956863 0.960784 0.964706 0.968627 0.972549 0.976471 0.980392 0.984314 0.988235 0.992157 0.996078 1.000000))
(time 0)
(channel green)
(curve
    (curve-type smooth)
    (n-points 17)
    (points 34 0.000000 0.000000 -1.000000 -1.000000 -1.000000 -1.000000 -1.000000 -1.000000 -1.000000 -1.000000 -1.000000 -1.000000 -1.000000 -1.000000 -1.000000 -1.000000 -1.000000 -1.000000 -1.000000 -1.000000 -1.000000 -1.000000 -1.000000 -1.000000 -1.000000 -1.000000 -1.000000 -1.000000 -1.000000 -1.000000 -1.000000 -1.000000 1.000000 1.000000)
    (n-samples 256)
    (samples 256 0.000000 0.003922 0.007843 0.011765 0.015686 0.019608 0.023529 0.027451 0.031373 0.035294 0.039216 0.043137 0.047059 0.050980 0.054902 0.058824 0.062745 0.066667 0.070588 0.074510 0.078431 0.082353 0.086275 0.090196 0.094118 0.098039 0.101961 0.105882 0.109804 0.113725 0.117647 0.121569 0.125490 0.129412 0.133333 0.137255 0.141176 0.145098 0.149020 0.152941 0.156863 0.160784 0.164706 0.168627 0.172549 0.176471 0.180392 0.184314 0.188235 0.192157 0.196078 0.200000 0.203922 0.207843 0.211765 0.215686 0.219608 0.223529 0.227451 0.231373 0.235294 0.239216 0.243137 0.247059 0.250980 0.254902 0.258824 0.262745 0.266667 0.270588 0.274510 0.278431 0.282353 0.286275 0.290196 0.294118 0.298039 0.301961 0.305882 0.309804 0.313725 0.317647 0.321569 0.325490 0.329412 0.333333 0.337255 0.341176 0.345098 0.349020 0.352941 0.356863 0.360784 0.364706 0.368627 0.372549 0.376471 0.380392 0.384314 0.388235 0.392157 0.396078 0.400000 0.403922 0.407843 0.411765 0.415686 0.419608 0.423529 0.427451 0.431373 0.435294 0.439216 0.443137 0.447059 0.450980 0.454902 0.458824 0.462745 0.466667 0.470588 0.474510 0.478431 0.482353 0.486275 0.490196 0.494118 0.498039 0.501961 0.505882 0.509804 0.513725 0.517647 0.521569 0.525490 0.529412 0.533333 0.537255 0.541176 0.545098 0.549020 0.552941 0.556863 0.560784 0.564706 0.568627 0.572549 0.576471 0.580392 0.584314 0.588235 0.592157 0.596078 0.600000 0.603922 0.607843 0.611765 0.615686 0.619608 0.623529 0.627451 0.631373 0.635294 0.639216 0.643137 0.647059 0.650980 0.654902 0.658824 0.662745 0.666667 0.670588 0.674510 0.678431 0.682353 0.686275 0.690196 0.694118 0.698039 0.701961 0.705882 0.709804 0.713725 0.717647 0.721569 0.725490 0.729412 0.733333 0.737255 0.741176 0.745098 0.749020 0.752941 0.756863 0.760784 0.764706 0.768627 0.772549 0.776471 0.780392 0.784314 0.788235 0.792157 0.796078 0.800000 0.803922 0.807843 0.811765 0.815686 0.819608 0.823529 0.827451 0.831373 0.835294 0.839216 0.843137 0.847059 0.850980 0.854902 0.858824 0.862745 0.866667 0.870588 0.874510 0.878431 0.882353 0.886275 0.890196 0.894118 0.898039 0.901961 0.905882 0.909804 0.913725 0.917647 0.921569 0.925490 0.929412 0.933333 0.937255 0.941176 0.945098 0.949020 0.952941 0.956863 0.960784 0.964706 0.968627 0.972549 0.976471 0.980392 0.984314 0.988235 0.992157 0.996078 1.000000))
(time 0)
(channel blue)
(curve
    (curve-type smooth)
    (n-points 17)
    (points 34 0.000000 0.000000 -1.000000 -1.000000 -1.000000 -1.000000 -1.000000 -1.000000 0.262745 0.427451 -1.000000 -1.000000 -1.000000 -1.000000 -1.000000 -1.000000 -1.000000 -1.000000 -1.000000 -1.000000 -1.000000 -1.000000 -1.000000 -1.000000 -1.000000 -1.000000 -1.000000 -1.000000 0.882353 0.792157 -1.000000 -1.000000 1.000000 1.000000)
    (n-samples 256)
    (samples 256 0.000000 0.007809 0.015616 0.023420 0.031217 0.039007 0.046788 0.054557 0.062313 0.070053 0.077776 0.085480 0.093163 0.100823 0.108458 0.116067 0.123647 0.131196 0.138713 0.146195 0.153641 0.161049 0.168417 0.175743 0.183024 0.190260 0.197448 0.204587 0.211674 0.218707 0.225685 0.232606 0.239467 0.246267 0.253004 0.259677 0.266282 0.272818 0.279284 0.285678 0.291996 0.298239 0.304403 0.310486 0.316488 0.322405 0.328237 0.333980 0.339634 0.345196 0.350664 0.356037 0.361313 0.366489 0.371564 0.376535 0.381402 0.386161 0.390812 0.395352 0.399779 0.404091 0.408287 0.412364 0.416321 0.420156 0.423867 0.427451 0.430952 0.434413 0.437835 0.441219 0.444564 0.447872 0.451142 0.454376 0.457573 0.460735 0.463861 0.466952 0.470009 0.473032 0.476022 0.478979 0.481903 0.484795 0.487655 0.490484 0.493283 0.496052 0.498790 0.501500 0.504180 0.506833 0.509457 0.512055 0.514625 0.517169 0.519687 0.522179 0.524646 0.527089 0.529508 0.531903 0.534275 0.536624 0.538951 0.541256 0.543540 0.545803 0.548046 0.550269 0.552472 0.554657 0.556823 0.558971 0.561102 0.563215 0.565312 0.567393 0.569458 0.571508 0.573543 0.575564 0.577571 0.579565 0.581546 0.583515 0.585471 0.587417 0.589351 0.591275 0.593189 0.595093 0.596988 0.598874 0.600753 0.602623 0.604487 0.606343 0.608193 0.610038 0.611877 0.613711 0.615541 0.617367 0.619190 0.621009 0.622826 0.624641 0.626454 0.628266 0.630077 0.631889 0.633700 0.635512 0.637326 0.639141 0.640958 0.642778 0.644601 0.646428 0.648258 0.650093 0.651933 0.653779 0.655630 0.657488 0.659352 0.661224 0.663104 0.664991 0.666888 0.668794 0.670709 0.672634 0.674570 0.676517 0.678476 0.680447 0.682430 0.684426 0.686435 0.688458 0.690496 0.692548 0.694616 0.696699 0.698799 0.700915 0.703048 0.705199 0.707368 0.709556 0.711763 0.713989 0.716235 0.718501 0.720789 0.723098 0.725428 0.727781 0.730157 0.732555 0.734978 0.737425 0.739896 0.742393 0.744915 0.747463 0.750037 0.752639 0.755268 0.757925 0.760610 0.763325 0.766068 0.768841 0.771645 0.774479 0.777345 0.780242 0.783171 0.786133 0.789128 0.792157 0.795394 0.799007 0.802982 0.807307 0.811968 0.816953 0.822248 0.827841 0.833718 0.839868 0.846276 0.852930 0.859817 0.866924 0.874239 0.881747 0.889437 0.897294 0.905307 0.913463 0.921748 0.930149 0.938654 0.947249 0.955923 0.964660 0.973450 0.982278 0.991133 1.000000))
(time 0)
(channel alpha)
(curve
    (curve-type smooth)
    (n-points 17)
    (points 34 0.000000 0.000000 -1.000000 -1.000000 -1.000000 -1.000000 -1.000000 -1.000000 -1.000000 -1.000000 -1.000000 -1.000000 -1.000000 -1.000000 -1.000000 -1.000000 -1.000000 -1.000000 -1.000000 -1.000000 -1.000000 -1.000000 -1.000000 -1.000000 -1.000000 -1.000000 -1.000000 -1.000000 -1.000000 -1.000000 -1.000000 -1.000000 1.000000 1.000000)
    (n-samples 256)
    (samples 256 0.000000 0.003922 0.007843 0.011765 0.015686 0.019608 0.023529 0.027451 0.031373 0.035294 0.039216 0.043137 0.047059 0.050980 0.054902 0.058824 0.062745 0.066667 0.070588 0.074510 0.078431 0.082353 0.086275 0.090196 0.094118 0.098039 0.101961 0.105882 0.109804 0.113725 0.117647 0.121569 0.125490 0.129412 0.133333 0.137255 0.141176 0.145098 0.149020 0.152941 0.156863 0.160784 0.164706 0.168627 0.172549 0.176471 0.180392 0.184314 0.188235 0.192157 0.196078 0.200000 0.203922 0.207843 0.211765 0.215686 0.219608 0.223529 0.227451 0.231373 0.235294 0.239216 0.243137 0.247059 0.250980 0.254902 0.258824 0.262745 0.266667 0.270588 0.274510 0.278431 0.282353 0.286275 0.290196 0.294118 0.298039 0.301961 0.305882 0.309804 0.313725 0.317647 0.321569 0.325490 0.329412 0.333333 0.337255 0.341176 0.345098 0.349020 0.352941 0.356863 0.360784 0.364706 0.368627 0.372549 0.376471 0.380392 0.384314 0.388235 0.392157 0.396078 0.400000 0.403922 0.407843 0.411765 0.415686 0.419608 0.423529 0.427451 0.431373 0.435294 0.439216 0.443137 0.447059 0.450980 0.454902 0.458824 0.462745 0.466667 0.470588 0.474510 0.478431 0.482353 0.486275 0.490196 0.494118 0.498039 0.501961 0.505882 0.509804 0.513725 0.517647 0.521569 0.525490 0.529412 0.533333 0.537255 0.541176 0.545098 0.549020 0.552941 0.556863 0.560784 0.564706 0.568627 0.572549 0.576471 0.580392 0.584314 0.588235 0.592157 0.596078 0.600000 0.603922 0.607843 0.611765 0.615686 0.619608 0.623529 0.627451 0.631373 0.635294 0.639216 0.643137 0.647059 0.650980 0.654902 0.658824 0.662745 0.666667 0.670588 0.674510 0.678431 0.682353 0.686275 0.690196 0.694118 0.698039 0.701961 0.705882 0.709804 0.713725 0.717647 0.721569 0.725490 0.729412 0.733333 0.737255 0.741176 0.745098 0.749020 0.752941 0.756863 0.760784 0.764706 0.768627 0.772549 0.776471 0.780392 0.784314 0.788235 0.792157 0.796078 0.800000 0.803922 0.807843 0.811765 0.815686 0.819608 0.823529 0.827451 0.831373 0.835294 0.839216 0.843137 0.847059 0.850980 0.854902 0.858824 0.862745 0.866667 0.870588 0.874510 0.878431 0.882353 0.886275 0.890196 0.894118 0.898039 0.901961 0.905882 0.909804 0.913725 0.917647 0.921569 0.925490 0.929412 0.933333 0.937255 0.941176 0.945098 0.949020 0.952941 0.956863 0.960784 0.964706 0.968627 0.972549 0.976471 0.980392 0.984314 0.988235 0.992157 0.996078 1.000000))

# end of curves tool settings
