# GIMP curves tool settings

(time 0)
(channel value)
(curve
    (curve-type smooth)
    (n-points 17)
    (points 34 0.000000 0.000000 -1.000000 -1.000000 0.121569 0.172113 -1.000000 -1.000000 0.247059 0.342222 -1.000000 -1.000000 0.372549 0.496898 -1.000000 -1.000000 0.498039 0.629055 -1.000000 -1.000000 0.623529 0.739462 -1.000000 -1.000000 0.749020 0.834777 -1.000000 -1.000000 0.874510 0.920039 -1.000000 -1.000000 1.000000 1.000000)
    (n-samples 256)
    (samples 256 0.000000 0.005612 0.011224 0.016834 0.022444 0.028052 0.033659 0.039263 0.044864 0.050463 0.056058 0.061649 0.067236 0.072819 0.078397 0.083970 0.089537 0.095098 0.100652 0.106200 0.111741 0.117274 0.122800 0.128317 0.133826 0.139325 0.144815 0.150296 0.155766 0.161226 0.166675 0.172113 0.177546 0.182978 0.188409 0.193838 0.199265 0.204689 0.210110 0.215525 0.220935 0.226340 0.231737 0.237127 0.242509 0.247882 0.253245 0.258597 0.263939 0.269268 0.274585 0.279889 0.285178 0.290453 0.295712 0.300955 0.306180 0.311388 0.316578 0.321748 0.326898 0.332028 0.337136 0.342222 0.347293 0.352355 0.357407 0.362449 0.367481 0.372501 0.377509 0.382504 0.387486 0.392454 0.397408 0.402346 0.407268 0.412173 0.417062 0.421932 0.426784 0.431617 0.436430 0.441222 0.445993 0.450743 0.455470 0.460174 0.464854 0.469510 0.474141 0.478746 0.483325 0.487877 0.492402 0.496898 0.501368 0.505816 0.510241 0.514644 0.519024 0.523382 0.527717 0.532030 0.536321 0.540590 0.544837 0.549062 0.553265 0.557446 0.561606 0.565743 0.569859 0.573954 0.578027 0.582079 0.586109 0.590118 0.594106 0.598073 0.602019 0.605944 0.609847 0.613730 0.617593 0.621434 0.625255 0.629055 0.632832 0.636581 0.640303 0.644000 0.647672 0.651318 0.654941 0.658540 0.662116 0.665670 0.669203 0.672714 0.676205 0.679676 0.683128 0.686561 0.689976 0.693374 0.696755 0.700120 0.703470 0.706804 0.710125 0.713431 0.716724 0.720005 0.723274 0.726532 0.729779 0.733016 0.736243 0.739462 0.742666 0.745852 0.749019 0.752167 0.755298 0.758411 0.761507 0.764587 0.767651 0.770700 0.773733 0.776752 0.779757 0.782748 0.785726 0.788691 0.791644 0.794585 0.797515 0.800434 0.803342 0.806240 0.809129 0.812009 0.814880 0.817743 0.820599 0.823447 0.826289 0.829124 0.831953 0.834777 0.837592 0.840392 0.843179 0.845952 0.848713 0.851462 0.854199 0.856924 0.859638 0.862342 0.865036 0.867720 0.870394 0.873060 0.875718 0.878368 0.881010 0.883645 0.886273 0.888896 0.891512 0.894123 0.896730 0.899332 0.901930 0.904524 0.907115 0.909703 0.912290 0.914874 0.917457 0.920039 0.922616 0.925187 0.927750 0.930306 0.932855 0.935397 0.937934 0.940464 0.942988 0.945507 0.948020 0.950529 0.953032 0.955531 0.958026 0.960516 0.963003 0.965486 0.967965 0.970442 0.972915 0.975386 0.977854 0.980320 0.982784 0.985247 0.987708 0.990168 0.992627 0.995085 0.997543 1.000000))
(channel red)
(curve
    (curve-type smooth)
    (n-points 17)
    (points 34 0.000000 0.000000 -1.000000 -1.000000 -1.000000 -1.000000 -1.000000 -1.000000 -1.000000 -1.000000 0.319018 0.583012 -1.000000 -1.000000 -1.000000 -1.000000 -1.000000 -1.000000 -1.000000 -1.000000 -1.000000 -1.000000 -1.000000 -1.000000 -1.000000 -1.000000 -1.000000 -1.000000 -1.000000 -1.000000 -1.000000 -1.000000 1.000000 1.000000)
    (n-samples 256)
    (samples 256 0.000000 0.008789 0.017577 0.026361 0.035142 0.043916 0.052683 0.061441 0.070189 0.078925 0.087648 0.096356 0.105048 0.113722 0.122378 0.131012 0.139625 0.148214 0.156778 0.165315 0.173825 0.182305 0.190754 0.199171 0.207554 0.215902 0.224213 0.232486 0.240719 0.248910 0.257059 0.265164 0.273224 0.281236 0.289200 0.297114 0.304976 0.312785 0.320540 0.328239 0.335881 0.343464 0.350986 0.358447 0.365844 0.373177 0.380443 0.387642 0.394772 0.401831 0.408818 0.415731 0.422569 0.429331 0.436015 0.442620 0.449143 0.455584 0.461942 0.468214 0.474399 0.480496 0.486503 0.492419 0.498242 0.503971 0.509605 0.515141 0.520579 0.525917 0.531153 0.536287 0.541316 0.546239 0.551054 0.555761 0.560357 0.564842 0.569213 0.573470 0.577610 0.583012 0.586920 0.590802 0.594659 0.598489 0.602294 0.606074 0.609828 0.613557 0.617260 0.620939 0.624593 0.628223 0.631828 0.635409 0.638965 0.642498 0.646007 0.649492 0.652954 0.656392 0.659807 0.663199 0.666568 0.669914 0.673237 0.676538 0.679817 0.683073 0.686308 0.689520 0.692711 0.695881 0.699028 0.702155 0.705260 0.708345 0.711409 0.714452 0.717474 0.720476 0.723458 0.726420 0.729362 0.732284 0.735187 0.738070 0.740934 0.743778 0.746604 0.749411 0.752199 0.754968 0.757720 0.760453 0.763167 0.765864 0.768543 0.771205 0.773849 0.776475 0.779085 0.781677 0.784252 0.786811 0.789353 0.791879 0.794388 0.796882 0.799359 0.801821 0.804266 0.806697 0.809112 0.811511 0.813896 0.816266 0.818621 0.820961 0.823287 0.825598 0.827896 0.830179 0.832449 0.834704 0.836947 0.839175 0.841391 0.843593 0.845783 0.847960 0.850124 0.852275 0.854414 0.856541 0.858656 0.860759 0.862851 0.864930 0.866999 0.869056 0.871102 0.873136 0.875160 0.877174 0.879177 0.881169 0.883151 0.885123 0.887085 0.889038 0.890981 0.892914 0.894838 0.896753 0.898658 0.900555 0.902444 0.904323 0.906194 0.908057 0.909912 0.911759 0.913598 0.915429 0.917253 0.919070 0.920879 0.922681 0.924477 0.926265 0.928047 0.929823 0.931592 0.933355 0.935112 0.936864 0.938609 0.940349 0.942084 0.943813 0.945537 0.947257 0.948971 0.950681 0.952387 0.954088 0.955785 0.957478 0.959167 0.960852 0.962534 0.964212 0.965887 0.967559 0.969228 0.970894 0.972557 0.974218 0.975877 0.977533 0.979188 0.980840 0.982490 0.984139 0.985787 0.987433 0.989078 0.990722 0.992365 0.994008 0.995650 0.997291 0.998933 1.000000))
(channel green)
(curve
    (curve-type smooth)
    (n-points 17)
    (points 34 0.000000 0.000000 -1.000000 -1.000000 -1.000000 -1.000000 -1.000000 -1.000000 -1.000000 -1.000000 -1.000000 -1.000000 0.368098 0.528958 -1.000000 -1.000000 -1.000000 -1.000000 -1.000000 -1.000000 -1.000000 -1.000000 -1.000000 -1.000000 -1.000000 -1.000000 -1.000000 -1.000000 -1.000000 -1.000000 -1.000000 -1.000000 1.000000 1.000000)
    (n-samples 256)
    (samples 256 0.000000 0.006492 0.012984 0.019474 0.025962 0.032449 0.038932 0.045412 0.051888 0.058359 0.064824 0.071284 0.077738 0.084184 0.090623 0.097054 0.103476 0.109889 0.116292 0.122684 0.129065 0.135435 0.141792 0.148136 0.154468 0.160785 0.167087 0.173374 0.179646 0.185901 0.192139 0.198360 0.204562 0.210746 0.216911 0.223056 0.229180 0.235284 0.241366 0.247425 0.253462 0.259476 0.265466 0.271431 0.277371 0.283285 0.289173 0.295035 0.300868 0.306674 0.312452 0.318200 0.323918 0.329606 0.335263 0.340889 0.346482 0.352043 0.357570 0.363064 0.368523 0.373947 0.379336 0.384688 0.390004 0.395282 0.400523 0.405725 0.410888 0.416011 0.421094 0.426136 0.431136 0.436095 0.441011 0.445884 0.450713 0.455497 0.460237 0.464931 0.469579 0.474181 0.478735 0.483241 0.487699 0.492108 0.496468 0.500777 0.505035 0.509242 0.513397 0.517500 0.521549 0.525545 0.528958 0.532870 0.536764 0.540639 0.544496 0.548335 0.552157 0.555960 0.559745 0.563513 0.567263 0.570996 0.574711 0.578410 0.582091 0.585755 0.589402 0.593033 0.596647 0.600244 0.603825 0.607390 0.610939 0.614471 0.617988 0.621489 0.624974 0.628444 0.631898 0.635336 0.638760 0.642168 0.645562 0.648940 0.652304 0.655653 0.658987 0.662307 0.665613 0.668904 0.672182 0.675445 0.678695 0.681931 0.685153 0.688362 0.691557 0.694739 0.697908 0.701063 0.704206 0.707336 0.710454 0.713559 0.716651 0.719731 0.722798 0.725854 0.728898 0.731929 0.734949 0.737957 0.740954 0.743939 0.746913 0.749876 0.752827 0.755768 0.758698 0.761617 0.764525 0.767423 0.770311 0.773188 0.776055 0.778912 0.781759 0.784596 0.787424 0.790242 0.793050 0.795849 0.798639 0.801420 0.804192 0.806955 0.809709 0.812454 0.815191 0.817919 0.820639 0.823351 0.826055 0.828751 0.831439 0.834119 0.836792 0.839457 0.842114 0.844765 0.847408 0.850044 0.852674 0.855296 0.857912 0.860521 0.863123 0.865720 0.868310 0.870894 0.873472 0.876044 0.878610 0.881170 0.883725 0.886275 0.888819 0.891358 0.893892 0.896421 0.898945 0.901465 0.903979 0.906490 0.908995 0.911497 0.913994 0.916488 0.918977 0.921463 0.923944 0.926423 0.928897 0.931369 0.933837 0.936302 0.938764 0.941223 0.943680 0.946133 0.948585 0.951033 0.953480 0.955924 0.958366 0.960806 0.963244 0.965681 0.968116 0.970549 0.972981 0.975411 0.977841 0.980269 0.982697 0.985124 0.987550 0.989975 0.992400 0.994824 0.997249 1.000000))
(channel blue)
(curve
    (curve-type smooth)
    (n-points 17)
    (points 34 0.000000 0.000000 -1.000000 -1.000000 -1.000000 -1.000000 -1.000000 -1.000000 -1.000000 -1.000000 -1.000000 -1.000000 -1.000000 -1.000000 -1.000000 -1.000000 0.490798 0.528958 -1.000000 -1.000000 -1.000000 -1.000000 -1.000000 -1.000000 -1.000000 -1.000000 -1.000000 -1.000000 -1.000000 -1.000000 -1.000000 -1.000000 1.000000 1.000000)
    (n-samples 256)
    (samples 256 0.000000 0.004379 0.008758 0.013137 0.017515 0.021893 0.026271 0.030649 0.035026 0.039403 0.043780 0.048155 0.052530 0.056905 0.061278 0.065651 0.070023 0.074394 0.078764 0.083133 0.087501 0.091867 0.096233 0.100597 0.104960 0.109321 0.113681 0.118039 0.122396 0.126752 0.131105 0.135457 0.139807 0.144155 0.148501 0.152845 0.157187 0.161527 0.165865 0.170201 0.174534 0.178865 0.183194 0.187520 0.191844 0.196165 0.200483 0.204799 0.209112 0.213422 0.217730 0.222034 0.226336 0.230634 0.234929 0.239222 0.243511 0.247796 0.252079 0.256358 0.260633 0.264905 0.269174 0.273439 0.277700 0.281957 0.286211 0.290461 0.294707 0.298949 0.303186 0.307420 0.311650 0.315875 0.320097 0.324313 0.328526 0.332734 0.336937 0.341136 0.345331 0.349521 0.353706 0.357886 0.362061 0.366231 0.370397 0.374557 0.378713 0.382863 0.387008 0.391148 0.395282 0.399411 0.403535 0.407653 0.411766 0.415873 0.419974 0.424070 0.428160 0.432244 0.436322 0.440394 0.444460 0.448520 0.452574 0.456622 0.460663 0.464698 0.468727 0.472750 0.476766 0.480775 0.484778 0.488774 0.492763 0.496746 0.500722 0.504691 0.508652 0.512607 0.516555 0.520496 0.524430 0.528958 0.532876 0.536787 0.540692 0.544590 0.548482 0.552367 0.556245 0.560117 0.563983 0.567842 0.571696 0.575543 0.579383 0.583218 0.587047 0.590869 0.594686 0.598497 0.602302 0.606101 0.609894 0.613682 0.617464 0.621240 0.625011 0.628776 0.632536 0.636291 0.640040 0.643784 0.647523 0.651257 0.654985 0.658709 0.662427 0.666141 0.669849 0.673553 0.677252 0.680946 0.684636 0.688320 0.692001 0.695676 0.699347 0.703014 0.706677 0.710335 0.713988 0.717638 0.721283 0.724925 0.728562 0.732195 0.735824 0.739449 0.743071 0.746688 0.750302 0.753912 0.757519 0.761122 0.764721 0.768317 0.771909 0.775498 0.779084 0.782666 0.786245 0.789821 0.793394 0.796964 0.800531 0.804094 0.807655 0.811213 0.814768 0.818321 0.821870 0.825417 0.828962 0.832504 0.836043 0.839580 0.843114 0.846647 0.850176 0.853704 0.857230 0.860753 0.864274 0.867793 0.871310 0.874826 0.878339 0.881851 0.885361 0.888869 0.892375 0.895880 0.899383 0.902885 0.906385 0.909884 0.913382 0.916878 0.920373 0.923867 0.927359 0.930851 0.934341 0.937831 0.941320 0.944807 0.948294 0.951780 0.955266 0.958750 0.962235 0.965718 0.969201 0.972684 0.976166 0.979648 0.983129 0.986610 0.990091 0.993572 0.997053 1.000000))
(channel alpha)
(curve
    (curve-type smooth)
    (n-points 17)
    (points 34 0.000000 0.000000 -1.000000 -1.000000 -1.000000 -1.000000 -1.000000 -1.000000 -1.000000 -1.000000 -1.000000 -1.000000 -1.000000 -1.000000 -1.000000 -1.000000 -1.000000 -1.000000 -1.000000 -1.000000 -1.000000 -1.000000 -1.000000 -1.000000 -1.000000 -1.000000 -1.000000 -1.000000 -1.000000 -1.000000 -1.000000 -1.000000 1.000000 1.000000)
    (n-samples 256)
    (samples 256 0.000000 0.003922 0.007843 0.011765 0.015686 0.019608 0.023529 0.027451 0.031373 0.035294 0.039216 0.043137 0.047059 0.050980 0.054902 0.058824 0.062745 0.066667 0.070588 0.074510 0.078431 0.082353 0.086275 0.090196 0.094118 0.098039 0.101961 0.105882 0.109804 0.113725 0.117647 0.121569 0.125490 0.129412 0.133333 0.137255 0.141176 0.145098 0.149020 0.152941 0.156863 0.160784 0.164706 0.168627 0.172549 0.176471 0.180392 0.184314 0.188235 0.192157 0.196078 0.200000 0.203922 0.207843 0.211765 0.215686 0.219608 0.223529 0.227451 0.231373 0.235294 0.239216 0.243137 0.247059 0.250980 0.254902 0.258824 0.262745 0.266667 0.270588 0.274510 0.278431 0.282353 0.286275 0.290196 0.294118 0.298039 0.301961 0.305882 0.309804 0.313725 0.317647 0.321569 0.325490 0.329412 0.333333 0.337255 0.341176 0.345098 0.349020 0.352941 0.356863 0.360784 0.364706 0.368627 0.372549 0.376471 0.380392 0.384314 0.388235 0.392157 0.396078 0.400000 0.403922 0.407843 0.411765 0.415686 0.419608 0.423529 0.427451 0.431373 0.435294 0.439216 0.443137 0.447059 0.450980 0.454902 0.458824 0.462745 0.466667 0.470588 0.474510 0.478431 0.482353 0.486275 0.490196 0.494118 0.498039 0.501961 0.505882 0.509804 0.513725 0.517647 0.521569 0.525490 0.529412 0.533333 0.537255 0.541176 0.545098 0.549020 0.552941 0.556863 0.560784 0.564706 0.568627 0.572549 0.576471 0.580392 0.584314 0.588235 0.592157 0.596078 0.600000 0.603922 0.607843 0.611765 0.615686 0.619608 0.623529 0.627451 0.631373 0.635294 0.639216 0.643137 0.647059 0.650980 0.654902 0.658824 0.662745 0.666667 0.670588 0.674510 0.678431 0.682353 0.686275 0.690196 0.694118 0.698039 0.701961 0.705882 0.709804 0.713725 0.717647 0.721569 0.725490 0.729412 0.733333 0.737255 0.741176 0.745098 0.749020 0.752941 0.756863 0.760784 0.764706 0.768627 0.772549 0.776471 0.780392 0.784314 0.788235 0.792157 0.796078 0.800000 0.803922 0.807843 0.811765 0.815686 0.819608 0.823529 0.827451 0.831373 0.835294 0.839216 0.843137 0.847059 0.850980 0.854902 0.858824 0.862745 0.866667 0.870588 0.874510 0.878431 0.882353 0.886275 0.890196 0.894118 0.898039 0.901961 0.905882 0.909804 0.913725 0.917647 0.921569 0.925490 0.929412 0.933333 0.937255 0.941176 0.945098 0.949020 0.952941 0.956863 0.960784 0.964706 0.968627 0.972549 0.976471 0.980392 0.984314 0.988235 0.992157 0.996078 1.000000))

# end of curves tool settings
