# GIMP curves tool settings

(time 0)
(channel value)
(curve
    (curve-type smooth)
    (n-points 17)
    (points 34 0.000000 0.000000 -1.000000 -1.000000 -1.000000 -1.000000 -1.000000 -1.000000 0.257576 0.531250 -1.000000 -1.000000 -1.000000 -1.000000 -1.000000 -1.000000 -1.000000 -1.000000 -1.000000 -1.000000 -1.000000 -1.000000 -1.000000 -1.000000 -1.000000 -1.000000 -1.000000 -1.000000 -1.000000 -1.000000 -1.000000 -1.000000 1.000000 1.000000)
    (n-samples 256)
    (samples 256 0.000000 0.010171 0.020339 0.030502 0.040655 0.050797 0.060925 0.071035 0.081125 0.091192 0.101233 0.111244 0.121224 0.131169 0.141077 0.150944 0.160767 0.170544 0.180272 0.189948 0.199568 0.209131 0.218632 0.228070 0.237442 0.246744 0.255973 0.265127 0.274203 0.283198 0.292108 0.300932 0.309666 0.318307 0.326853 0.335300 0.343646 0.351887 0.360021 0.368045 0.375956 0.383752 0.391428 0.398983 0.406413 0.413715 0.420887 0.427926 0.434829 0.441593 0.448214 0.454691 0.461020 0.467199 0.473223 0.479092 0.484801 0.490347 0.495729 0.500942 0.505985 0.510854 0.515546 0.520058 0.524388 0.528532 0.531250 0.535160 0.539047 0.542912 0.546754 0.550574 0.554371 0.558147 0.561900 0.565631 0.569340 0.573028 0.576694 0.580339 0.583962 0.587565 0.591146 0.594706 0.598245 0.601763 0.605261 0.608739 0.612196 0.615633 0.619049 0.622446 0.625823 0.629180 0.632517 0.635835 0.639133 0.642413 0.645673 0.648914 0.652136 0.655339 0.658524 0.661690 0.664837 0.667967 0.671078 0.674171 0.677246 0.680303 0.683343 0.686365 0.689369 0.692357 0.695327 0.698279 0.701215 0.704134 0.707037 0.709922 0.712792 0.715644 0.718481 0.721301 0.724106 0.726894 0.729667 0.732424 0.735166 0.737892 0.740603 0.743299 0.745980 0.748645 0.751296 0.753933 0.756554 0.759162 0.761755 0.764334 0.766898 0.769449 0.771986 0.774509 0.777019 0.779515 0.781998 0.784467 0.786924 0.789367 0.791798 0.794216 0.796621 0.799014 0.801394 0.803763 0.806119 0.808463 0.810795 0.813115 0.815424 0.817721 0.820006 0.822281 0.824544 0.826796 0.829038 0.831268 0.833488 0.835697 0.837896 0.840084 0.842262 0.844431 0.846589 0.848737 0.850876 0.853005 0.855124 0.857235 0.859336 0.861428 0.863510 0.865584 0.867650 0.869706 0.871754 0.873794 0.875826 0.877849 0.879864 0.881872 0.883871 0.885863 0.887848 0.889824 0.891794 0.893757 0.895712 0.897661 0.899602 0.901537 0.903466 0.905388 0.907303 0.909213 0.911116 0.913014 0.914905 0.916791 0.918671 0.920546 0.922415 0.924279 0.926138 0.927992 0.929842 0.931686 0.933526 0.935361 0.937192 0.939018 0.940841 0.942659 0.944473 0.946284 0.948091 0.949895 0.951695 0.953491 0.955285 0.957075 0.958863 0.960648 0.962430 0.964209 0.965986 0.967761 0.969533 0.971303 0.973072 0.974838 0.976603 0.978366 0.980128 0.981888 0.983647 0.985405 0.987162 0.988918 0.990673 0.992428 0.994182 0.995936 0.997689 1.000000))
(channel red)
(curve
    (curve-type smooth)
    (n-points 17)
    (points 34 0.000000 0.000000 -1.000000 -1.000000 -1.000000 -1.000000 -1.000000 -1.000000 -1.000000 -1.000000 -1.000000 -1.000000 -1.000000 -1.000000 -1.000000 -1.000000 -1.000000 -1.000000 0.581818 0.609375 -1.000000 -1.000000 -1.000000 -1.000000 -1.000000 -1.000000 -1.000000 -1.000000 -1.000000 -1.000000 -1.000000 -1.000000 1.000000 1.000000)
    (n-samples 256)
    (samples 256 0.000000 0.004200 0.008400 0.012600 0.016800 0.021000 0.025200 0.029400 0.033599 0.037799 0.041998 0.046196 0.050395 0.054593 0.058791 0.062988 0.067186 0.071382 0.075579 0.079774 0.083970 0.088165 0.092359 0.096553 0.100746 0.104938 0.109130 0.113322 0.117512 0.121702 0.125891 0.130080 0.134267 0.138454 0.142640 0.146825 0.151009 0.155193 0.159375 0.163557 0.167737 0.171916 0.176095 0.180272 0.184448 0.188623 0.192797 0.196970 0.201142 0.205312 0.209481 0.213649 0.217816 0.221981 0.226145 0.230308 0.234469 0.238629 0.242787 0.246944 0.251099 0.255253 0.259405 0.263556 0.267705 0.271853 0.275999 0.280143 0.284285 0.288426 0.292565 0.296702 0.300838 0.304972 0.309103 0.313233 0.317361 0.321487 0.325612 0.329734 0.333854 0.337972 0.342088 0.346202 0.350314 0.354424 0.358532 0.362637 0.366740 0.370841 0.374940 0.379037 0.383131 0.387223 0.391312 0.395399 0.399484 0.403566 0.407646 0.411724 0.415799 0.419871 0.423941 0.428008 0.432072 0.436134 0.440194 0.444250 0.448304 0.452355 0.456404 0.460449 0.464492 0.468532 0.472569 0.476604 0.480635 0.484663 0.488689 0.492711 0.496731 0.500747 0.504760 0.508771 0.512778 0.516782 0.520782 0.524780 0.528775 0.532766 0.536754 0.540738 0.544720 0.548697 0.552672 0.556643 0.560611 0.564575 0.568536 0.572494 0.576448 0.580398 0.584345 0.588288 0.592227 0.596163 0.600095 0.604024 0.609375 0.613293 0.617204 0.621107 0.625004 0.628893 0.632776 0.636652 0.640521 0.644383 0.648239 0.652088 0.655930 0.659766 0.663596 0.667419 0.671236 0.675047 0.678852 0.682650 0.686443 0.690230 0.694011 0.697786 0.701556 0.705320 0.709078 0.712831 0.716578 0.720321 0.724057 0.727789 0.731515 0.735237 0.738953 0.742664 0.746371 0.750072 0.753769 0.757461 0.761149 0.764832 0.768511 0.772185 0.775854 0.779520 0.783181 0.786839 0.790492 0.794141 0.797786 0.801428 0.805065 0.808699 0.812329 0.815956 0.819579 0.823198 0.826815 0.830428 0.834037 0.837644 0.841247 0.844848 0.848445 0.852039 0.855631 0.859220 0.862806 0.866390 0.869971 0.873549 0.877125 0.880699 0.884270 0.887839 0.891406 0.894971 0.898534 0.902095 0.905654 0.909211 0.912767 0.916320 0.919873 0.923423 0.926972 0.930520 0.934067 0.937612 0.941156 0.944699 0.948240 0.951781 0.955321 0.958860 0.962398 0.965935 0.969472 0.973008 0.976544 0.980079 0.983614 0.987149 0.990683 0.994217 0.997751 1.000000))
(channel green)
(curve
    (curve-type smooth)
    (n-points 17)
    (points 34 0.000000 0.000000 -1.000000 -1.000000 -1.000000 -1.000000 -1.000000 -1.000000 -1.000000 -1.000000 -1.000000 -1.000000 -1.000000 -1.000000 -1.000000 -1.000000 0.484848 0.457031 -1.000000 -1.000000 -1.000000 -1.000000 -1.000000 -1.000000 -1.000000 -1.000000 -1.000000 -1.000000 -1.000000 -1.000000 -1.000000 -1.000000 1.000000 1.000000)
    (n-samples 256)
    (samples 256 0.000000 0.003584 0.007168 0.010752 0.014337 0.017921 0.021506 0.025091 0.028676 0.032262 0.035848 0.039435 0.043022 0.046609 0.050197 0.053786 0.057375 0.060966 0.064556 0.068148 0.071740 0.075334 0.078928 0.082523 0.086120 0.089717 0.093315 0.096915 0.100516 0.104118 0.107721 0.111326 0.114932 0.118539 0.122148 0.125758 0.129370 0.132984 0.136599 0.140216 0.143834 0.147455 0.151077 0.154701 0.158326 0.161954 0.165584 0.169216 0.172850 0.176486 0.180124 0.183764 0.187407 0.191052 0.194699 0.198349 0.202001 0.205655 0.209313 0.212972 0.216634 0.220299 0.223967 0.227637 0.231310 0.234986 0.238665 0.242347 0.246031 0.249719 0.253410 0.257104 0.260801 0.264501 0.268204 0.271911 0.275621 0.279334 0.283051 0.286771 0.290494 0.294222 0.297952 0.301687 0.305425 0.309166 0.312912 0.316661 0.320414 0.324171 0.327932 0.331697 0.335466 0.339239 0.343016 0.346797 0.350583 0.354373 0.358167 0.361965 0.365767 0.369575 0.373386 0.377202 0.381023 0.384848 0.388678 0.392512 0.396351 0.400195 0.404044 0.407898 0.411756 0.415620 0.419488 0.423362 0.427241 0.431124 0.435013 0.438907 0.442807 0.446711 0.450621 0.454537 0.457031 0.460955 0.464884 0.468818 0.472756 0.476699 0.480646 0.484599 0.488555 0.492517 0.496483 0.500453 0.504428 0.508407 0.512390 0.516378 0.520370 0.524367 0.528367 0.532372 0.536381 0.540394 0.544411 0.548432 0.552457 0.556486 0.560519 0.564556 0.568596 0.572641 0.576689 0.580741 0.584796 0.588856 0.592919 0.596985 0.601055 0.605129 0.609206 0.613286 0.617370 0.621457 0.625548 0.629642 0.633739 0.637839 0.641943 0.646049 0.650159 0.654272 0.658388 0.662507 0.666628 0.670753 0.674881 0.679011 0.683144 0.687280 0.691419 0.695561 0.699705 0.703852 0.708001 0.712153 0.716307 0.720464 0.724624 0.728785 0.732949 0.737116 0.741285 0.745456 0.749629 0.753804 0.757982 0.762162 0.766343 0.770527 0.774713 0.778901 0.783090 0.787282 0.791475 0.795671 0.799868 0.804067 0.808267 0.812469 0.816673 0.820878 0.825085 0.829294 0.833504 0.837715 0.841928 0.846142 0.850358 0.854574 0.858793 0.863012 0.867232 0.871454 0.875677 0.879901 0.884126 0.888352 0.892578 0.896806 0.901035 0.905265 0.909495 0.913726 0.917958 0.922191 0.926424 0.930658 0.934893 0.939128 0.943363 0.947600 0.951836 0.956073 0.960311 0.964548 0.968786 0.973025 0.977263 0.981502 0.985741 0.989980 0.994219 1.000000))
(channel blue)
(curve
    (curve-type smooth)
    (n-points 17)
    (points 34 0.000000 0.000000 -1.000000 -1.000000 -1.000000 -1.000000 0.218182 0.421875 -1.000000 -1.000000 -1.000000 -1.000000 -1.000000 -1.000000 -1.000000 -1.000000 -1.000000 -1.000000 0.569697 0.628906 -1.000000 -1.000000 -1.000000 -1.000000 -1.000000 -1.000000 -1.000000 -1.000000 -1.000000 -1.000000 -1.000000 -1.000000 1.000000 1.000000)
    (n-samples 256)
    (samples 256 0.000000 0.009209 0.018415 0.027614 0.036804 0.045982 0.055144 0.064286 0.073407 0.082502 0.091570 0.100605 0.109606 0.118569 0.127491 0.136369 0.145200 0.153980 0.162706 0.171376 0.179986 0.188533 0.197013 0.205424 0.213763 0.222026 0.230210 0.238312 0.246329 0.254258 0.262095 0.269838 0.277483 0.285027 0.292467 0.299800 0.307022 0.314131 0.321123 0.327996 0.334745 0.341368 0.347862 0.354224 0.360450 0.366537 0.372483 0.378283 0.383935 0.389436 0.394782 0.399970 0.404998 0.409862 0.414558 0.419085 0.421875 0.426153 0.430329 0.434406 0.438386 0.442270 0.446061 0.449760 0.453369 0.456891 0.460327 0.463679 0.466949 0.470140 0.473252 0.476289 0.479251 0.482141 0.484961 0.487713 0.490399 0.493020 0.495579 0.498078 0.500518 0.502902 0.505231 0.507507 0.509733 0.511910 0.514040 0.516125 0.518168 0.520170 0.522132 0.524058 0.525948 0.527806 0.529632 0.531429 0.533199 0.534943 0.536664 0.538364 0.540044 0.541706 0.543353 0.544986 0.546608 0.548220 0.549824 0.551422 0.553016 0.554609 0.556201 0.557796 0.559394 0.560998 0.562610 0.564231 0.565864 0.567511 0.569174 0.570854 0.572553 0.574274 0.576019 0.577788 0.579585 0.581412 0.583269 0.585160 0.587085 0.589048 0.591049 0.593092 0.595177 0.597307 0.599484 0.601710 0.603986 0.606315 0.608699 0.611139 0.613638 0.616196 0.618818 0.621503 0.624255 0.628906 0.631813 0.634732 0.637665 0.640610 0.643568 0.646538 0.649521 0.652517 0.655524 0.658544 0.661575 0.664619 0.667674 0.670741 0.673819 0.676909 0.680010 0.683122 0.686245 0.689379 0.692524 0.695680 0.698846 0.702022 0.705209 0.708406 0.711613 0.714830 0.718056 0.721293 0.724539 0.727794 0.731059 0.734333 0.737616 0.740908 0.744209 0.747519 0.750837 0.754164 0.757499 0.760843 0.764194 0.767554 0.770921 0.774296 0.777679 0.781070 0.784468 0.787873 0.791285 0.794704 0.798131 0.801564 0.805004 0.808450 0.811903 0.815362 0.818827 0.822299 0.825776 0.829260 0.832749 0.836243 0.839744 0.843249 0.846760 0.850276 0.853797 0.857323 0.860853 0.864388 0.867928 0.871472 0.875021 0.878574 0.882130 0.885691 0.889255 0.892823 0.896395 0.899970 0.903549 0.907130 0.910715 0.914303 0.917894 0.921487 0.925083 0.928681 0.932282 0.935885 0.939490 0.943098 0.946707 0.950318 0.953930 0.957544 0.961160 0.964776 0.968394 0.972013 0.975633 0.979254 0.982875 0.986497 0.990119 0.993742 0.997365 1.000000))
(channel alpha)
(curve
    (curve-type smooth)
    (n-points 17)
    (points 34 0.000000 0.000000 -1.000000 -1.000000 -1.000000 -1.000000 -1.000000 -1.000000 -1.000000 -1.000000 -1.000000 -1.000000 -1.000000 -1.000000 -1.000000 -1.000000 -1.000000 -1.000000 -1.000000 -1.000000 -1.000000 -1.000000 -1.000000 -1.000000 -1.000000 -1.000000 -1.000000 -1.000000 -1.000000 -1.000000 -1.000000 -1.000000 1.000000 1.000000)
    (n-samples 256)
    (samples 256 0.000000 0.003922 0.007843 0.011765 0.015686 0.019608 0.023529 0.027451 0.031373 0.035294 0.039216 0.043137 0.047059 0.050980 0.054902 0.058824 0.062745 0.066667 0.070588 0.074510 0.078431 0.082353 0.086275 0.090196 0.094118 0.098039 0.101961 0.105882 0.109804 0.113725 0.117647 0.121569 0.125490 0.129412 0.133333 0.137255 0.141176 0.145098 0.149020 0.152941 0.156863 0.160784 0.164706 0.168627 0.172549 0.176471 0.180392 0.184314 0.188235 0.192157 0.196078 0.200000 0.203922 0.207843 0.211765 0.215686 0.219608 0.223529 0.227451 0.231373 0.235294 0.239216 0.243137 0.247059 0.250980 0.254902 0.258824 0.262745 0.266667 0.270588 0.274510 0.278431 0.282353 0.286275 0.290196 0.294118 0.298039 0.301961 0.305882 0.309804 0.313725 0.317647 0.321569 0.325490 0.329412 0.333333 0.337255 0.341176 0.345098 0.349020 0.352941 0.356863 0.360784 0.364706 0.368627 0.372549 0.376471 0.380392 0.384314 0.388235 0.392157 0.396078 0.400000 0.403922 0.407843 0.411765 0.415686 0.419608 0.423529 0.427451 0.431373 0.435294 0.439216 0.443137 0.447059 0.450980 0.454902 0.458824 0.462745 0.466667 0.470588 0.474510 0.478431 0.482353 0.486275 0.490196 0.494118 0.498039 0.501961 0.505882 0.509804 0.513725 0.517647 0.521569 0.525490 0.529412 0.533333 0.537255 0.541176 0.545098 0.549020 0.552941 0.556863 0.560784 0.564706 0.568627 0.572549 0.576471 0.580392 0.584314 0.588235 0.592157 0.596078 0.600000 0.603922 0.607843 0.611765 0.615686 0.619608 0.623529 0.627451 0.631373 0.635294 0.639216 0.643137 0.647059 0.650980 0.654902 0.658824 0.662745 0.666667 0.670588 0.674510 0.678431 0.682353 0.686275 0.690196 0.694118 0.698039 0.701961 0.705882 0.709804 0.713725 0.717647 0.721569 0.725490 0.729412 0.733333 0.737255 0.741176 0.745098 0.749020 0.752941 0.756863 0.760784 0.764706 0.768627 0.772549 0.776471 0.780392 0.784314 0.788235 0.792157 0.796078 0.800000 0.803922 0.807843 0.811765 0.815686 0.819608 0.823529 0.827451 0.831373 0.835294 0.839216 0.843137 0.847059 0.850980 0.854902 0.858824 0.862745 0.866667 0.870588 0.874510 0.878431 0.882353 0.886275 0.890196 0.894118 0.898039 0.901961 0.905882 0.909804 0.913725 0.917647 0.921569 0.925490 0.929412 0.933333 0.937255 0.941176 0.945098 0.949020 0.952941 0.956863 0.960784 0.964706 0.968627 0.972549 0.976471 0.980392 0.984314 0.988235 0.992157 0.996078 1.000000))

# end of curves tool settings
