# GIMP curves tool settings

(time 0)
(channel value)
(curve
    (curve-type smooth)
    (n-points 17)
    (points 34 0.000000 0.000000 -1.000000 -1.000000 -1.000000 -1.000000 -1.000000 -1.000000 -1.000000 -1.000000 -1.000000 -1.000000 -1.000000 -1.000000 -1.000000 -1.000000 -1.000000 -1.000000 -1.000000 -1.000000 -1.000000 -1.000000 -1.000000 -1.000000 -1.000000 -1.000000 -1.000000 -1.000000 -1.000000 -1.000000 -1.000000 -1.000000 1.000000 1.000000)
    (n-samples 256)
    (samples 256 0.000000 0.003922 0.007843 0.011765 0.015686 0.019608 0.023529 0.027451 0.031373 0.035294 0.039216 0.043137 0.047059 0.050980 0.054902 0.058824 0.062745 0.066667 0.070588 0.074510 0.078431 0.082353 0.086275 0.090196 0.094118 0.098039 0.101961 0.105882 0.109804 0.113725 0.117647 0.121569 0.125490 0.129412 0.133333 0.137255 0.141176 0.145098 0.149020 0.152941 0.156863 0.160784 0.164706 0.168627 0.172549 0.176471 0.180392 0.184314 0.188235 0.192157 0.196078 0.200000 0.203922 0.207843 0.211765 0.215686 0.219608 0.223529 0.227451 0.231373 0.235294 0.239216 0.243137 0.247059 0.250980 0.254902 0.258824 0.262745 0.266667 0.270588 0.274510 0.278431 0.282353 0.286275 0.290196 0.294118 0.298039 0.301961 0.305882 0.309804 0.313725 0.317647 0.321569 0.325490 0.329412 0.333333 0.337255 0.341176 0.345098 0.349020 0.352941 0.356863 0.360784 0.364706 0.368627 0.372549 0.376471 0.380392 0.384314 0.388235 0.392157 0.396078 0.400000 0.403922 0.407843 0.411765 0.415686 0.419608 0.423529 0.427451 0.431373 0.435294 0.439216 0.443137 0.447059 0.450980 0.454902 0.458824 0.462745 0.466667 0.470588 0.474510 0.478431 0.482353 0.486275 0.490196 0.494118 0.498039 0.501961 0.505882 0.509804 0.513725 0.517647 0.521569 0.525490 0.529412 0.533333 0.537255 0.541176 0.545098 0.549020 0.552941 0.556863 0.560784 0.564706 0.568627 0.572549 0.576471 0.580392 0.584314 0.588235 0.592157 0.596078 0.600000 0.603922 0.607843 0.611765 0.615686 0.619608 0.623529 0.627451 0.631373 0.635294 0.639216 0.643137 0.647059 0.650980 0.654902 0.658824 0.662745 0.666667 0.670588 0.674510 0.678431 0.682353 0.686275 0.690196 0.694118 0.698039 0.701961 0.705882 0.709804 0.713725 0.717647 0.721569 0.725490 0.729412 0.733333 0.737255 0.741176 0.745098 0.749020 0.752941 0.756863 0.760784 0.764706 0.768627 0.772549 0.776471 0.780392 0.784314 0.788235 0.792157 0.796078 0.800000 0.803922 0.807843 0.811765 0.815686 0.819608 0.823529 0.827451 0.831373 0.835294 0.839216 0.843137 0.847059 0.850980 0.854902 0.858824 0.862745 0.866667 0.870588 0.874510 0.878431 0.882353 0.886275 0.890196 0.894118 0.898039 0.901961 0.905882 0.909804 0.913725 0.917647 0.921569 0.925490 0.929412 0.933333 0.937255 0.941176 0.945098 0.949020 0.952941 0.956863 0.960784 0.964706 0.968627 0.972549 0.976471 0.980392 0.984314 0.988235 0.992157 0.996078 1.000000))
(time 0)
(channel red)
(curve
    (curve-type smooth)
    (n-points 17)
    (points 34 0.000000 0.000000 -1.000000 -1.000000 -1.000000 -1.000000 -1.000000 -1.000000 -1.000000 -1.000000 -1.000000 -1.000000 -1.000000 -1.000000 -1.000000 -1.000000 -1.000000 -1.000000 0.588415 0.702703 -1.000000 -1.000000 -1.000000 -1.000000 -1.000000 -1.000000 -1.000000 -1.000000 -1.000000 -1.000000 -1.000000 -1.000000 1.000000 1.000000)
    (n-samples 256)
    (samples 256 0.000000 0.005064 0.010128 0.015192 0.020255 0.025318 0.030381 0.035443 0.040504 0.045565 0.050624 0.055683 0.060740 0.065796 0.070851 0.075904 0.080956 0.086007 0.091055 0.096102 0.101147 0.106189 0.111230 0.116269 0.121305 0.126338 0.131369 0.136398 0.141423 0.146446 0.151466 0.156483 0.161497 0.166507 0.171515 0.176518 0.181518 0.186515 0.191508 0.196496 0.201481 0.206462 0.211439 0.216411 0.221379 0.226343 0.231302 0.236256 0.241206 0.246151 0.251091 0.256025 0.260955 0.265879 0.270798 0.275711 0.280619 0.285521 0.290417 0.295308 0.300192 0.305071 0.309943 0.314809 0.319668 0.324521 0.329367 0.334207 0.339040 0.343866 0.348685 0.353497 0.358301 0.363099 0.367889 0.372671 0.377446 0.382213 0.386972 0.391724 0.396467 0.401202 0.405929 0.410648 0.415358 0.420060 0.424753 0.429437 0.434113 0.438780 0.443437 0.448086 0.452725 0.457355 0.461975 0.466586 0.471187 0.475779 0.480361 0.484932 0.489494 0.494046 0.498587 0.503118 0.507638 0.512148 0.516647 0.521136 0.525614 0.530080 0.534536 0.538980 0.543413 0.547835 0.552246 0.556644 0.561031 0.565407 0.569770 0.574122 0.578461 0.582788 0.587103 0.591406 0.595696 0.599973 0.604238 0.608490 0.612729 0.616955 0.621168 0.625368 0.629555 0.633728 0.637888 0.642034 0.646166 0.650285 0.654389 0.658480 0.662556 0.666619 0.670667 0.674700 0.678719 0.682724 0.686714 0.690688 0.694649 0.698593 0.702703 0.706609 0.710484 0.714329 0.718143 0.721928 0.725683 0.729408 0.733105 0.736772 0.740412 0.744023 0.747606 0.751162 0.754690 0.758191 0.761666 0.765115 0.768537 0.771933 0.775304 0.778650 0.781971 0.785267 0.788539 0.791787 0.795012 0.798213 0.801390 0.804545 0.807678 0.810788 0.813876 0.816943 0.819988 0.823012 0.826016 0.828999 0.831962 0.834905 0.837828 0.840732 0.843618 0.846484 0.849332 0.852162 0.854975 0.857770 0.860547 0.863308 0.866052 0.868780 0.871492 0.874188 0.876869 0.879535 0.882185 0.884822 0.887444 0.890052 0.892647 0.895228 0.897796 0.900351 0.902894 0.905425 0.907944 0.910452 0.912948 0.915433 0.917908 0.920372 0.922826 0.925270 0.927705 0.930131 0.932548 0.934956 0.937356 0.939748 0.942132 0.944509 0.946879 0.949242 0.951598 0.953949 0.956293 0.958632 0.960965 0.963293 0.965617 0.967936 0.970251 0.972562 0.974870 0.977174 0.979476 0.981774 0.984071 0.986365 0.988658 0.990949 0.993239 0.995528 0.997816 1.000000))
(time 0)
(channel green)
(curve
    (curve-type smooth)
    (n-points 17)
    (points 34 -1.000000 -1.000000 -1.000000 -1.000000 0.106707 0.007722 -1.000000 -1.000000 -1.000000 -1.000000 -1.000000 -1.000000 -1.000000 -1.000000 -1.000000 -1.000000 0.493902 0.552124 -1.000000 -1.000000 -1.000000 -1.000000 -1.000000 -1.000000 -1.000000 -1.000000 -1.000000 -1.000000 -1.000000 -1.000000 -1.000000 -1.000000 1.000000 0.945946)
    (n-samples 256)
    (samples 256 0.007722 0.007722 0.007722 0.007722 0.007722 0.007722 0.007722 0.007722 0.007722 0.007722 0.007722 0.007722 0.007722 0.007722 0.007722 0.007722 0.007722 0.007722 0.007722 0.007722 0.007722 0.007722 0.007722 0.007722 0.007722 0.007722 0.007722 0.007722 0.013933 0.020144 0.026354 0.032562 0.038769 0.044974 0.051176 0.057375 0.063571 0.069763 0.075951 0.082133 0.088311 0.094483 0.100649 0.106809 0.112962 0.119107 0.125245 0.131375 0.137496 0.143608 0.149710 0.155803 0.161886 0.167957 0.174018 0.180067 0.186104 0.192128 0.198140 0.204138 0.210122 0.216093 0.222048 0.227989 0.233914 0.239824 0.245717 0.251593 0.257453 0.263294 0.269118 0.274923 0.280709 0.286476 0.292223 0.297950 0.303656 0.309342 0.315005 0.320647 0.326267 0.331864 0.337438 0.342988 0.348514 0.354015 0.359492 0.364943 0.370369 0.375768 0.381141 0.386487 0.391805 0.397096 0.402358 0.407591 0.412795 0.417969 0.423114 0.428228 0.433311 0.438363 0.443382 0.448370 0.453325 0.458247 0.463136 0.467991 0.472811 0.477596 0.482347 0.487061 0.491740 0.496382 0.500988 0.505555 0.510086 0.514577 0.519031 0.523445 0.527820 0.532154 0.536449 0.540703 0.544915 0.549086 0.552124 0.556230 0.560312 0.564369 0.568402 0.572412 0.576397 0.580358 0.584297 0.588212 0.592103 0.595972 0.599818 0.603642 0.607444 0.611223 0.614980 0.618716 0.622430 0.626123 0.629794 0.633445 0.637075 0.640684 0.644273 0.647842 0.651391 0.654919 0.658429 0.661919 0.665389 0.668841 0.672274 0.675688 0.679083 0.682460 0.685820 0.689161 0.692485 0.695791 0.699080 0.702351 0.705606 0.708844 0.712066 0.715271 0.718460 0.721633 0.724790 0.727932 0.731058 0.734170 0.737266 0.740347 0.743414 0.746466 0.749504 0.752528 0.755538 0.758534 0.761517 0.764487 0.767444 0.770387 0.773318 0.776237 0.779143 0.782037 0.784919 0.787790 0.790649 0.793496 0.796333 0.799158 0.801973 0.804777 0.807570 0.810354 0.813127 0.815891 0.818645 0.821390 0.824125 0.826851 0.829569 0.832277 0.834978 0.837670 0.840354 0.843030 0.845698 0.848359 0.851013 0.853659 0.856299 0.858931 0.861557 0.864177 0.866791 0.869399 0.872001 0.874597 0.877188 0.879774 0.882354 0.884930 0.887502 0.890069 0.892631 0.895190 0.897745 0.900296 0.902843 0.905388 0.907929 0.910467 0.913003 0.915536 0.918067 0.920595 0.923122 0.925647 0.928171 0.930693 0.933214 0.935734 0.938253 0.940772 0.943290 0.945946))
(time 0)
(channel blue)
(curve
    (curve-type smooth)
    (n-points 17)
    (points 34 0.000000 0.000000 -1.000000 -1.000000 -1.000000 -1.000000 -1.000000 -1.000000 -1.000000 -1.000000 -1.000000 -1.000000 -1.000000 -1.000000 -1.000000 -1.000000 -1.000000 -1.000000 0.545732 0.444015 -1.000000 -1.000000 -1.000000 -1.000000 -1.000000 -1.000000 -1.000000 -1.000000 -1.000000 -1.000000 -1.000000 -1.000000 1.000000 1.000000)
    (n-samples 256)
    (samples 256 0.000000 0.002825 0.005651 0.008476 0.011302 0.014128 0.016955 0.019783 0.022611 0.025440 0.028271 0.031102 0.033935 0.036769 0.039604 0.042441 0.045280 0.048121 0.050963 0.053808 0.056655 0.059504 0.062355 0.065209 0.068065 0.070925 0.073787 0.076651 0.079519 0.082391 0.085265 0.088143 0.091024 0.093909 0.096798 0.099691 0.102587 0.105488 0.108393 0.111302 0.114215 0.117133 0.120056 0.122983 0.125916 0.128853 0.131795 0.134743 0.137696 0.140654 0.143618 0.146588 0.149563 0.152544 0.155532 0.158525 0.161525 0.164530 0.167543 0.170562 0.173587 0.176620 0.179659 0.182705 0.185759 0.188820 0.191888 0.194963 0.198046 0.201137 0.204236 0.207342 0.210457 0.213580 0.216711 0.219850 0.222998 0.226155 0.229320 0.232494 0.235677 0.238869 0.242070 0.245281 0.248501 0.251730 0.254969 0.258218 0.261477 0.264745 0.268024 0.271313 0.274612 0.277922 0.281242 0.284572 0.287914 0.291266 0.294630 0.298004 0.301390 0.304787 0.308195 0.311615 0.315047 0.318490 0.321946 0.325413 0.328892 0.332384 0.335888 0.339405 0.342934 0.346475 0.350030 0.353597 0.357178 0.360771 0.364378 0.367998 0.371632 0.375279 0.378940 0.382615 0.386304 0.390006 0.393723 0.397454 0.401200 0.404960 0.408734 0.412524 0.416328 0.420147 0.423981 0.427831 0.431695 0.435575 0.439471 0.444015 0.447948 0.451904 0.455882 0.459882 0.463903 0.467947 0.472012 0.476099 0.480207 0.484335 0.488485 0.492655 0.496846 0.501056 0.505287 0.509537 0.513807 0.518097 0.522406 0.526733 0.531080 0.535445 0.539828 0.544230 0.548650 0.553088 0.557543 0.562016 0.566505 0.571012 0.575536 0.580077 0.584634 0.589207 0.593796 0.598401 0.603022 0.607659 0.612310 0.616977 0.621658 0.626355 0.631065 0.635790 0.640530 0.645283 0.650049 0.654830 0.659623 0.664430 0.669250 0.674082 0.678927 0.683784 0.688654 0.693535 0.698428 0.703333 0.708249 0.713176 0.718114 0.723063 0.728022 0.732992 0.737972 0.742962 0.747962 0.752971 0.757990 0.763018 0.768055 0.773100 0.778155 0.783217 0.788288 0.793367 0.798454 0.803548 0.808650 0.813759 0.818875 0.823998 0.829128 0.834264 0.839406 0.844555 0.849709 0.854869 0.860034 0.865205 0.870380 0.875561 0.880746 0.885936 0.891130 0.896328 0.901530 0.906736 0.911945 0.917157 0.922373 0.927591 0.932813 0.938036 0.943262 0.948491 0.953721 0.958953 0.964186 0.969421 0.974657 0.979894 0.985131 0.990369 0.995608 1.000000))
(time 0)
(channel alpha)
(curve
    (curve-type smooth)
    (n-points 17)
    (points 34 0.000000 0.000000 -1.000000 -1.000000 -1.000000 -1.000000 -1.000000 -1.000000 -1.000000 -1.000000 -1.000000 -1.000000 -1.000000 -1.000000 -1.000000 -1.000000 -1.000000 -1.000000 -1.000000 -1.000000 -1.000000 -1.000000 -1.000000 -1.000000 -1.000000 -1.000000 -1.000000 -1.000000 -1.000000 -1.000000 -1.000000 -1.000000 1.000000 1.000000)
    (n-samples 256)
    (samples 256 0.000000 0.003922 0.007843 0.011765 0.015686 0.019608 0.023529 0.027451 0.031373 0.035294 0.039216 0.043137 0.047059 0.050980 0.054902 0.058824 0.062745 0.066667 0.070588 0.074510 0.078431 0.082353 0.086275 0.090196 0.094118 0.098039 0.101961 0.105882 0.109804 0.113725 0.117647 0.121569 0.125490 0.129412 0.133333 0.137255 0.141176 0.145098 0.149020 0.152941 0.156863 0.160784 0.164706 0.168627 0.172549 0.176471 0.180392 0.184314 0.188235 0.192157 0.196078 0.200000 0.203922 0.207843 0.211765 0.215686 0.219608 0.223529 0.227451 0.231373 0.235294 0.239216 0.243137 0.247059 0.250980 0.254902 0.258824 0.262745 0.266667 0.270588 0.274510 0.278431 0.282353 0.286275 0.290196 0.294118 0.298039 0.301961 0.305882 0.309804 0.313725 0.317647 0.321569 0.325490 0.329412 0.333333 0.337255 0.341176 0.345098 0.349020 0.352941 0.356863 0.360784 0.364706 0.368627 0.372549 0.376471 0.380392 0.384314 0.388235 0.392157 0.396078 0.400000 0.403922 0.407843 0.411765 0.415686 0.419608 0.423529 0.427451 0.431373 0.435294 0.439216 0.443137 0.447059 0.450980 0.454902 0.458824 0.462745 0.466667 0.470588 0.474510 0.478431 0.482353 0.486275 0.490196 0.494118 0.498039 0.501961 0.505882 0.509804 0.513725 0.517647 0.521569 0.525490 0.529412 0.533333 0.537255 0.541176 0.545098 0.549020 0.552941 0.556863 0.560784 0.564706 0.568627 0.572549 0.576471 0.580392 0.584314 0.588235 0.592157 0.596078 0.600000 0.603922 0.607843 0.611765 0.615686 0.619608 0.623529 0.627451 0.631373 0.635294 0.639216 0.643137 0.647059 0.650980 0.654902 0.658824 0.662745 0.666667 0.670588 0.674510 0.678431 0.682353 0.686275 0.690196 0.694118 0.698039 0.701961 0.705882 0.709804 0.713725 0.717647 0.721569 0.725490 0.729412 0.733333 0.737255 0.741176 0.745098 0.749020 0.752941 0.756863 0.760784 0.764706 0.768627 0.772549 0.776471 0.780392 0.784314 0.788235 0.792157 0.796078 0.800000 0.803922 0.807843 0.811765 0.815686 0.819608 0.823529 0.827451 0.831373 0.835294 0.839216 0.843137 0.847059 0.850980 0.854902 0.858824 0.862745 0.866667 0.870588 0.874510 0.878431 0.882353 0.886275 0.890196 0.894118 0.898039 0.901961 0.905882 0.909804 0.913725 0.917647 0.921569 0.925490 0.929412 0.933333 0.937255 0.941176 0.945098 0.949020 0.952941 0.956863 0.960784 0.964706 0.968627 0.972549 0.976471 0.980392 0.984314 0.988235 0.992157 0.996078 1.000000))

# end of curves tool settings
