# GIMP curves tool settings

(time 0)
(channel value)
(curve
    (curve-type smooth)
    (n-points 17)
    (points 34 0.000000 0.000000 -1.000000 -1.000000 -1.000000 -1.000000 -1.000000 -1.000000 0.220859 0.531250 -1.000000 -1.000000 -1.000000 -1.000000 -1.000000 -1.000000 -1.000000 -1.000000 -1.000000 -1.000000 -1.000000 -1.000000 -1.000000 -1.000000 -1.000000 -1.000000 -1.000000 -1.000000 -1.000000 -1.000000 -1.000000 -1.000000 1.000000 1.000000)
    (n-samples 256)
    (samples 256 0.000000 0.012188 0.024370 0.036542 0.048698 0.060834 0.072943 0.085022 0.097063 0.109063 0.121016 0.132917 0.144761 0.156542 0.168255 0.179896 0.191458 0.202937 0.214327 0.225623 0.236820 0.247913 0.258897 0.269765 0.280514 0.291138 0.301632 0.311990 0.322207 0.332278 0.342198 0.351962 0.361564 0.371000 0.380263 0.389349 0.398253 0.406969 0.415492 0.423817 0.431938 0.439852 0.447551 0.455032 0.462288 0.469315 0.476108 0.482660 0.488968 0.495025 0.500828 0.506369 0.511644 0.516649 0.521377 0.525824 0.531250 0.535160 0.539046 0.542909 0.546749 0.550565 0.554359 0.558130 0.561878 0.565603 0.569306 0.572986 0.576645 0.580281 0.583894 0.587487 0.591057 0.594605 0.598132 0.601638 0.605122 0.608585 0.612027 0.615447 0.618847 0.622227 0.625585 0.628923 0.632241 0.635539 0.638816 0.642073 0.645311 0.648528 0.651726 0.654905 0.658064 0.661203 0.664324 0.667425 0.670508 0.673571 0.676616 0.679642 0.682650 0.685639 0.688611 0.691564 0.694499 0.697416 0.700315 0.703197 0.706061 0.708908 0.711737 0.714550 0.717345 0.720123 0.722884 0.725629 0.728357 0.731069 0.733764 0.736444 0.739107 0.741754 0.744385 0.747000 0.749600 0.752184 0.754753 0.757307 0.759845 0.762368 0.764877 0.767371 0.769849 0.772314 0.774764 0.777199 0.779621 0.782028 0.784422 0.786801 0.789167 0.791519 0.793858 0.796183 0.798495 0.800794 0.803080 0.805353 0.807613 0.809860 0.812095 0.814318 0.816528 0.818726 0.820912 0.823086 0.825248 0.827398 0.829537 0.831665 0.833781 0.835885 0.837979 0.840062 0.842133 0.844194 0.846245 0.848284 0.850314 0.852333 0.854342 0.856341 0.858330 0.860309 0.862278 0.864238 0.866188 0.868130 0.870061 0.871984 0.873898 0.875803 0.877699 0.879586 0.881465 0.883336 0.885198 0.887052 0.888898 0.890737 0.892567 0.894390 0.896205 0.898013 0.899813 0.901606 0.903392 0.905171 0.906944 0.908709 0.910468 0.912221 0.913967 0.915707 0.917440 0.919168 0.920890 0.922606 0.924316 0.926021 0.927720 0.929414 0.931103 0.932787 0.934466 0.936140 0.937809 0.939474 0.941134 0.942790 0.944442 0.946089 0.947733 0.949372 0.951008 0.952641 0.954269 0.955895 0.957517 0.959136 0.960751 0.962364 0.963974 0.965582 0.967187 0.968789 0.970389 0.971987 0.973583 0.975176 0.976768 0.978358 0.979947 0.981534 0.983119 0.984704 0.986287 0.987869 0.989450 0.991031 0.992611 0.994190 0.995769 0.997347 0.998925 1.000000))
(channel red)
(curve
    (curve-type smooth)
    (n-points 17)
    (points 34 0.000000 0.000000 -1.000000 -1.000000 -1.000000 -1.000000 -1.000000 -1.000000 -1.000000 -1.000000 0.325153 0.628906 -1.000000 -1.000000 -1.000000 -1.000000 -1.000000 -1.000000 -1.000000 -1.000000 -1.000000 -1.000000 -1.000000 -1.000000 -1.000000 -1.000000 -1.000000 -1.000000 -1.000000 -1.000000 -1.000000 -1.000000 1.000000 1.000000)
    (n-samples 256)
    (samples 256 0.000000 0.009416 0.018831 0.028243 0.037650 0.047051 0.056443 0.065826 0.075198 0.084557 0.093901 0.103230 0.112541 0.121833 0.131104 0.140352 0.149577 0.158776 0.167948 0.177091 0.186204 0.195285 0.204332 0.213344 0.222319 0.231256 0.240153 0.249008 0.257820 0.266588 0.275309 0.283982 0.292606 0.301178 0.309698 0.318163 0.326572 0.334924 0.343217 0.351449 0.359618 0.367724 0.375764 0.383737 0.391641 0.399475 0.407237 0.414925 0.422538 0.430075 0.437533 0.444911 0.452208 0.459421 0.466550 0.473593 0.480547 0.487412 0.494186 0.500867 0.507454 0.513945 0.520338 0.526633 0.532826 0.538918 0.544905 0.550787 0.556562 0.562228 0.567783 0.573227 0.578558 0.583773 0.588871 0.593852 0.598712 0.603451 0.608066 0.612557 0.616922 0.621159 0.625266 0.628906 0.632812 0.636688 0.640533 0.644348 0.648133 0.651888 0.655614 0.659309 0.662976 0.666613 0.670221 0.673801 0.677352 0.680874 0.684369 0.687835 0.691273 0.694683 0.698066 0.701422 0.704750 0.708051 0.711326 0.714574 0.717795 0.720990 0.724159 0.727302 0.730419 0.733511 0.736577 0.739618 0.742634 0.745625 0.748591 0.751533 0.754451 0.757344 0.760213 0.763059 0.765881 0.768680 0.771455 0.774207 0.776936 0.779643 0.782327 0.784989 0.787628 0.790245 0.792841 0.795415 0.797967 0.800499 0.803009 0.805498 0.807966 0.810414 0.812842 0.815249 0.817636 0.820003 0.822351 0.824679 0.826988 0.829277 0.831548 0.833800 0.836033 0.838248 0.840444 0.842623 0.844783 0.846926 0.849052 0.851160 0.853250 0.855324 0.857381 0.859421 0.861445 0.863453 0.865444 0.867420 0.869379 0.871324 0.873252 0.875166 0.877065 0.878948 0.880817 0.882672 0.884512 0.886338 0.888150 0.889948 0.891733 0.893504 0.895262 0.897007 0.898739 0.900459 0.902166 0.903860 0.905542 0.907213 0.908871 0.910518 0.912153 0.913777 0.915390 0.916993 0.918584 0.920165 0.921735 0.923295 0.924845 0.926386 0.927916 0.929437 0.930949 0.932452 0.933946 0.935431 0.936907 0.938375 0.939835 0.941286 0.942730 0.944166 0.945594 0.947016 0.948430 0.949837 0.951237 0.952630 0.954017 0.955398 0.956773 0.958142 0.959505 0.960862 0.962215 0.963562 0.964904 0.966241 0.967573 0.968901 0.970225 0.971544 0.972860 0.974171 0.975480 0.976784 0.978086 0.979384 0.980680 0.981973 0.983263 0.984551 0.985837 0.987121 0.988403 0.989684 0.990963 0.992241 0.993517 0.994793 0.996068 0.997343 0.998617 1.000000))
(channel green)
(curve
    (curve-type smooth)
    (n-points 17)
    (points 34 0.000000 0.000000 -1.000000 -1.000000 -1.000000 -1.000000 -1.000000 -1.000000 -1.000000 -1.000000 -1.000000 -1.000000 -1.000000 -1.000000 0.426380 0.566406 -1.000000 -1.000000 -1.000000 -1.000000 -1.000000 -1.000000 -1.000000 -1.000000 -1.000000 -1.000000 -1.000000 -1.000000 -1.000000 -1.000000 -1.000000 -1.000000 1.000000 1.000000)
    (n-samples 256)
    (samples 256 0.000000 0.005853 0.011706 0.017559 0.023410 0.029260 0.035108 0.040955 0.046799 0.052641 0.058479 0.064315 0.070146 0.075974 0.081798 0.087617 0.093431 0.099240 0.105043 0.110840 0.116632 0.122416 0.128194 0.133965 0.139728 0.145483 0.151230 0.156969 0.162699 0.168419 0.174130 0.179832 0.185523 0.191204 0.196874 0.202532 0.208180 0.213816 0.219439 0.225050 0.230649 0.236234 0.241806 0.247364 0.252908 0.258438 0.263953 0.269453 0.274938 0.280407 0.285860 0.291296 0.296716 0.302119 0.307505 0.312873 0.318223 0.323554 0.328867 0.334162 0.339436 0.344692 0.349927 0.355142 0.360336 0.365510 0.370662 0.375793 0.380902 0.385988 0.391052 0.396093 0.401111 0.406106 0.411076 0.416023 0.420945 0.425842 0.430713 0.435560 0.440380 0.445175 0.449943 0.454684 0.459398 0.464084 0.468743 0.473374 0.477976 0.482549 0.487094 0.491609 0.496094 0.500549 0.504974 0.509368 0.513731 0.518062 0.522362 0.526630 0.530866 0.535069 0.539238 0.543375 0.547478 0.551547 0.555581 0.559581 0.563546 0.566406 0.570318 0.574210 0.578083 0.581937 0.585771 0.589587 0.593384 0.597162 0.600922 0.604663 0.608385 0.612090 0.615777 0.619445 0.623096 0.626730 0.630346 0.633944 0.637526 0.641090 0.644637 0.648168 0.651681 0.655179 0.658659 0.662124 0.665572 0.669005 0.672421 0.675822 0.679207 0.682577 0.685931 0.689271 0.692595 0.695904 0.699198 0.702478 0.705743 0.708994 0.712230 0.715453 0.718661 0.721856 0.725036 0.728204 0.731357 0.734498 0.737625 0.740739 0.743840 0.746929 0.750004 0.753068 0.756119 0.759157 0.762184 0.765198 0.768201 0.771192 0.774171 0.777139 0.780096 0.783041 0.785976 0.788899 0.791812 0.794714 0.797606 0.800487 0.803358 0.806219 0.809070 0.811911 0.814742 0.817564 0.820376 0.823179 0.825973 0.828758 0.831534 0.834301 0.837060 0.839810 0.842552 0.845285 0.848011 0.850728 0.853438 0.856140 0.858834 0.861521 0.864201 0.866873 0.869539 0.872197 0.874849 0.877495 0.880133 0.882766 0.885392 0.888012 0.890627 0.893235 0.895838 0.898435 0.901027 0.903613 0.906195 0.908771 0.911343 0.913909 0.916471 0.919029 0.921583 0.924132 0.926677 0.929218 0.931756 0.934289 0.936819 0.939346 0.941870 0.944390 0.946908 0.949422 0.951934 0.954444 0.956950 0.959455 0.961957 0.964458 0.966956 0.969452 0.971947 0.974441 0.976933 0.979424 0.981913 0.984402 0.986890 0.989377 0.991864 0.994350 0.996836 1.000000))
(channel blue)
(curve
    (curve-type smooth)
    (n-points 17)
    (points 34 0.000000 0.000000 -1.000000 -1.000000 -1.000000 -1.000000 -1.000000 -1.000000 -1.000000 -1.000000 0.309816 0.425781 -1.000000 -1.000000 -1.000000 -1.000000 -1.000000 -1.000000 -1.000000 -1.000000 -1.000000 -1.000000 -1.000000 -1.000000 -1.000000 -1.000000 -1.000000 -1.000000 -1.000000 -1.000000 -1.000000 -1.000000 1.000000 1.000000)
    (n-samples 256)
    (samples 256 0.000000 0.006123 0.012246 0.018367 0.024486 0.030602 0.036715 0.042823 0.048927 0.055024 0.061116 0.067200 0.073277 0.079345 0.085404 0.091453 0.097492 0.103519 0.109535 0.115537 0.121526 0.127501 0.133462 0.139406 0.145335 0.151247 0.157141 0.163016 0.168873 0.174709 0.180526 0.186321 0.192094 0.197845 0.203572 0.209276 0.214955 0.220608 0.226235 0.231836 0.237409 0.242953 0.248469 0.253955 0.259411 0.264836 0.270229 0.275589 0.280917 0.286210 0.291469 0.296693 0.301881 0.307032 0.312145 0.317221 0.322257 0.327255 0.332212 0.337128 0.342002 0.346834 0.351623 0.356369 0.361070 0.365725 0.370335 0.374898 0.379414 0.383883 0.388302 0.392672 0.396992 0.401261 0.405479 0.409644 0.413756 0.417815 0.421820 0.425781 0.429697 0.433602 0.437496 0.441378 0.445250 0.449111 0.452961 0.456800 0.460628 0.464446 0.468253 0.472050 0.475836 0.479612 0.483377 0.487132 0.490877 0.494612 0.498337 0.502051 0.505756 0.509451 0.513136 0.516811 0.520477 0.524133 0.527779 0.531416 0.535043 0.538661 0.542270 0.545869 0.549460 0.553041 0.556613 0.560176 0.563730 0.567275 0.570812 0.574339 0.577859 0.581369 0.584871 0.588364 0.591849 0.595326 0.598794 0.602254 0.605706 0.609150 0.612586 0.616013 0.619433 0.622845 0.626249 0.629646 0.633035 0.636416 0.639790 0.643156 0.646515 0.649866 0.653211 0.656548 0.659878 0.663200 0.666516 0.669825 0.673127 0.676422 0.679710 0.682992 0.686267 0.689535 0.692797 0.696053 0.699302 0.702545 0.705781 0.709012 0.712236 0.715454 0.718666 0.721872 0.725073 0.728267 0.731456 0.734639 0.737816 0.740988 0.744155 0.747316 0.750472 0.753622 0.756767 0.759907 0.763042 0.766172 0.769297 0.772417 0.775532 0.778642 0.781748 0.784848 0.787945 0.791037 0.794124 0.797207 0.800285 0.803360 0.806430 0.809496 0.812558 0.815615 0.818669 0.821719 0.824765 0.827808 0.830847 0.833882 0.836913 0.839941 0.842966 0.845987 0.849005 0.852019 0.855031 0.858039 0.861044 0.864046 0.867045 0.870042 0.873035 0.876026 0.879014 0.882000 0.884983 0.887964 0.890942 0.893917 0.896891 0.899862 0.902831 0.905798 0.908763 0.911726 0.914687 0.917646 0.920603 0.923559 0.926513 0.929465 0.932416 0.935365 0.938313 0.941260 0.944205 0.947149 0.950092 0.953034 0.955975 0.958915 0.961854 0.964792 0.967730 0.970666 0.973602 0.976538 0.979473 0.982407 0.985342 0.988275 0.991209 0.994142 0.997076 1.000000))
(channel alpha)
(curve
    (curve-type smooth)
    (n-points 17)
    (points 34 0.000000 0.000000 -1.000000 -1.000000 -1.000000 -1.000000 -1.000000 -1.000000 -1.000000 -1.000000 -1.000000 -1.000000 -1.000000 -1.000000 -1.000000 -1.000000 -1.000000 -1.000000 -1.000000 -1.000000 -1.000000 -1.000000 -1.000000 -1.000000 -1.000000 -1.000000 -1.000000 -1.000000 -1.000000 -1.000000 -1.000000 -1.000000 1.000000 1.000000)
    (n-samples 256)
    (samples 256 0.000000 0.003922 0.007843 0.011765 0.015686 0.019608 0.023529 0.027451 0.031373 0.035294 0.039216 0.043137 0.047059 0.050980 0.054902 0.058824 0.062745 0.066667 0.070588 0.074510 0.078431 0.082353 0.086275 0.090196 0.094118 0.098039 0.101961 0.105882 0.109804 0.113725 0.117647 0.121569 0.125490 0.129412 0.133333 0.137255 0.141176 0.145098 0.149020 0.152941 0.156863 0.160784 0.164706 0.168627 0.172549 0.176471 0.180392 0.184314 0.188235 0.192157 0.196078 0.200000 0.203922 0.207843 0.211765 0.215686 0.219608 0.223529 0.227451 0.231373 0.235294 0.239216 0.243137 0.247059 0.250980 0.254902 0.258824 0.262745 0.266667 0.270588 0.274510 0.278431 0.282353 0.286275 0.290196 0.294118 0.298039 0.301961 0.305882 0.309804 0.313725 0.317647 0.321569 0.325490 0.329412 0.333333 0.337255 0.341176 0.345098 0.349020 0.352941 0.356863 0.360784 0.364706 0.368627 0.372549 0.376471 0.380392 0.384314 0.388235 0.392157 0.396078 0.400000 0.403922 0.407843 0.411765 0.415686 0.419608 0.423529 0.427451 0.431373 0.435294 0.439216 0.443137 0.447059 0.450980 0.454902 0.458824 0.462745 0.466667 0.470588 0.474510 0.478431 0.482353 0.486275 0.490196 0.494118 0.498039 0.501961 0.505882 0.509804 0.513725 0.517647 0.521569 0.525490 0.529412 0.533333 0.537255 0.541176 0.545098 0.549020 0.552941 0.556863 0.560784 0.564706 0.568627 0.572549 0.576471 0.580392 0.584314 0.588235 0.592157 0.596078 0.600000 0.603922 0.607843 0.611765 0.615686 0.619608 0.623529 0.627451 0.631373 0.635294 0.639216 0.643137 0.647059 0.650980 0.654902 0.658824 0.662745 0.666667 0.670588 0.674510 0.678431 0.682353 0.686275 0.690196 0.694118 0.698039 0.701961 0.705882 0.709804 0.713725 0.717647 0.721569 0.725490 0.729412 0.733333 0.737255 0.741176 0.745098 0.749020 0.752941 0.756863 0.760784 0.764706 0.768627 0.772549 0.776471 0.780392 0.784314 0.788235 0.792157 0.796078 0.800000 0.803922 0.807843 0.811765 0.815686 0.819608 0.823529 0.827451 0.831373 0.835294 0.839216 0.843137 0.847059 0.850980 0.854902 0.858824 0.862745 0.866667 0.870588 0.874510 0.878431 0.882353 0.886275 0.890196 0.894118 0.898039 0.901961 0.905882 0.909804 0.913725 0.917647 0.921569 0.925490 0.929412 0.933333 0.937255 0.941176 0.945098 0.949020 0.952941 0.956863 0.960784 0.964706 0.968627 0.972549 0.976471 0.980392 0.984314 0.988235 0.992157 0.996078 1.000000))

# end of curves tool settings
