# GIMP curves tool settings

(time 0)
(channel value)
(curve
    (curve-type smooth)
    (n-points 17)
    (points 34 0.000000 0.000000 -1.000000 -1.000000 -1.000000 -1.000000 -1.000000 -1.000000 -1.000000 -1.000000 -1.000000 -1.000000 -1.000000 -1.000000 -1.000000 -1.000000 -1.000000 -1.000000 -1.000000 -1.000000 -1.000000 -1.000000 -1.000000 -1.000000 -1.000000 -1.000000 0.803681 0.371094 -1.000000 -1.000000 -1.000000 -1.000000 1.000000 1.000000)
    (n-samples 256)
    (samples 256 0.000000 0.000755 0.001511 0.002267 0.003023 0.003780 0.004538 0.005296 0.006056 0.006816 0.007579 0.008342 0.009108 0.009875 0.010644 0.011415 0.012189 0.012964 0.013743 0.014524 0.015308 0.016095 0.016885 0.017679 0.018476 0.019276 0.020081 0.020889 0.021701 0.022518 0.023339 0.024164 0.024995 0.025830 0.026670 0.027515 0.028365 0.029221 0.030082 0.030949 0.031822 0.032701 0.033586 0.034478 0.035376 0.036281 0.037192 0.038110 0.039036 0.039968 0.040909 0.041856 0.042811 0.043775 0.044746 0.045725 0.046713 0.047709 0.048713 0.049727 0.050749 0.051780 0.052821 0.053870 0.054930 0.055999 0.057077 0.058166 0.059265 0.060374 0.061494 0.062624 0.063764 0.064916 0.066079 0.067252 0.068437 0.069634 0.070842 0.072062 0.073294 0.074538 0.075794 0.077062 0.078343 0.079637 0.080943 0.082263 0.083595 0.084941 0.086300 0.087673 0.089060 0.090460 0.091874 0.093303 0.094746 0.096203 0.097675 0.099162 0.100664 0.102180 0.103712 0.105260 0.106823 0.108401 0.109996 0.111606 0.113233 0.114876 0.116535 0.118211 0.119903 0.121613 0.123339 0.125083 0.126844 0.128622 0.130419 0.132233 0.134064 0.135914 0.137783 0.139669 0.141574 0.143498 0.145441 0.147403 0.149384 0.151384 0.153403 0.155443 0.157502 0.159580 0.161679 0.163798 0.165938 0.168098 0.170278 0.172480 0.174702 0.176946 0.179211 0.181497 0.183804 0.186134 0.188485 0.190859 0.193254 0.195672 0.198112 0.200575 0.203061 0.205569 0.208101 0.210656 0.213234 0.215836 0.218461 0.221110 0.223783 0.226481 0.229202 0.231948 0.234719 0.237514 0.240335 0.243180 0.246050 0.248946 0.251867 0.254814 0.257787 0.260785 0.263810 0.266861 0.269938 0.273042 0.276172 0.279330 0.282514 0.285725 0.288964 0.292230 0.295524 0.298846 0.302195 0.305573 0.308978 0.312412 0.315875 0.319366 0.322886 0.326435 0.330013 0.333620 0.337257 0.340923 0.344619 0.348345 0.352100 0.355886 0.359702 0.363549 0.367426 0.371094 0.375273 0.379959 0.385142 0.390812 0.396959 0.403572 0.410640 0.418154 0.426103 0.434477 0.443265 0.452457 0.462043 0.472013 0.482355 0.493060 0.504117 0.515517 0.527248 0.539300 0.551663 0.564327 0.577281 0.590515 0.604018 0.617781 0.631793 0.646043 0.660522 0.675218 0.690122 0.705223 0.720510 0.735975 0.751605 0.767391 0.783323 0.799390 0.815581 0.831887 0.848297 0.864801 0.881388 0.898048 0.914771 0.931547 0.948364 0.965213 0.982083 1.000000))
(channel red)
(curve
    (curve-type smooth)
    (n-points 17)
    (points 34 0.000000 0.000000 -1.000000 -1.000000 -1.000000 -1.000000 -1.000000 -1.000000 -1.000000 -1.000000 -1.000000 -1.000000 -1.000000 -1.000000 -1.000000 -1.000000 -1.000000 -1.000000 -1.000000 -1.000000 0.610429 0.390625 -1.000000 -1.000000 -1.000000 -1.000000 -1.000000 -1.000000 -1.000000 -1.000000 -1.000000 -1.000000 1.000000 1.000000)
    (n-samples 256)
    (samples 256 0.000000 0.001803 0.003607 0.005411 0.007216 0.009021 0.010827 0.012634 0.014442 0.016252 0.018064 0.019877 0.021692 0.023509 0.025328 0.027150 0.028974 0.030802 0.032632 0.034465 0.036302 0.038142 0.039986 0.041834 0.043685 0.045541 0.047402 0.049266 0.051136 0.053010 0.054890 0.056775 0.058665 0.060561 0.062462 0.064370 0.066283 0.068203 0.070130 0.072063 0.074003 0.075949 0.077903 0.079865 0.081834 0.083810 0.085795 0.087787 0.089788 0.091797 0.093814 0.095841 0.097876 0.099921 0.101974 0.104037 0.106110 0.108193 0.110285 0.112388 0.114501 0.116624 0.118758 0.120903 0.123059 0.125226 0.127405 0.129595 0.131796 0.134010 0.136236 0.138474 0.140724 0.142987 0.145263 0.147551 0.149853 0.152168 0.154497 0.156839 0.159195 0.161565 0.163949 0.166347 0.168760 0.171188 0.173630 0.176088 0.178560 0.181049 0.183552 0.186072 0.188607 0.191158 0.193726 0.196310 0.198911 0.201528 0.204163 0.206815 0.209483 0.212170 0.214874 0.217596 0.220336 0.223094 0.225870 0.228665 0.231479 0.234311 0.237163 0.240034 0.242924 0.245834 0.248763 0.251713 0.254683 0.257673 0.260683 0.263714 0.266766 0.269838 0.272932 0.276048 0.279184 0.282343 0.285523 0.288726 0.291950 0.295197 0.298466 0.301759 0.305074 0.308412 0.311773 0.315158 0.318567 0.321999 0.325455 0.328935 0.332440 0.335969 0.339523 0.343102 0.346705 0.350334 0.353988 0.357668 0.361373 0.365104 0.368861 0.372645 0.376455 0.380291 0.384154 0.388045 0.390625 0.394580 0.398601 0.402687 0.406839 0.411054 0.415333 0.419675 0.424078 0.428544 0.433070 0.437656 0.442301 0.447005 0.451768 0.456587 0.461464 0.466396 0.471384 0.476427 0.481523 0.486673 0.491876 0.497131 0.502437 0.507794 0.513201 0.518657 0.524161 0.529714 0.535314 0.540961 0.546653 0.552391 0.558174 0.564000 0.569870 0.575783 0.581737 0.587733 0.593769 0.599845 0.605960 0.612114 0.618306 0.624535 0.630801 0.637102 0.643439 0.649810 0.656215 0.662653 0.669124 0.675627 0.682160 0.688725 0.695319 0.701942 0.708594 0.715273 0.721980 0.728713 0.735472 0.742256 0.749065 0.755897 0.762752 0.769630 0.776529 0.783450 0.790391 0.797352 0.804332 0.811330 0.818346 0.825379 0.832428 0.839493 0.846573 0.853668 0.860776 0.867897 0.875030 0.882175 0.889332 0.896498 0.903674 0.910859 0.918052 0.925253 0.932461 0.939676 0.946895 0.954120 0.961349 0.968582 0.975817 0.983055 0.990294 1.000000))
(channel green)
(curve
    (curve-type smooth)
    (n-points 17)
    (points 34 0.000000 0.000000 -1.000000 -1.000000 -1.000000 -1.000000 -1.000000 -1.000000 -1.000000 -1.000000 -1.000000 -1.000000 -1.000000 -1.000000 -1.000000 -1.000000 0.527607 0.402344 -1.000000 -1.000000 -1.000000 -1.000000 -1.000000 -1.000000 -1.000000 -1.000000 -1.000000 -1.000000 -1.000000 -1.000000 -1.000000 -1.000000 1.000000 1.000000)
    (n-samples 256)
    (samples 256 0.000000 0.002525 0.005050 0.007576 0.010102 0.012628 0.015155 0.017684 0.020213 0.022744 0.025276 0.027809 0.030344 0.032881 0.035420 0.037962 0.040505 0.043051 0.045600 0.048151 0.050706 0.053263 0.055824 0.058388 0.060955 0.063527 0.066102 0.068681 0.071264 0.073852 0.076444 0.079041 0.081642 0.084249 0.086861 0.089477 0.092100 0.094727 0.097361 0.100000 0.102646 0.105297 0.107955 0.110619 0.113290 0.115968 0.118653 0.121345 0.124044 0.126750 0.129464 0.132186 0.134916 0.137653 0.140399 0.143153 0.145916 0.148687 0.151467 0.154256 0.157055 0.159862 0.162679 0.165505 0.168341 0.171187 0.174043 0.176909 0.179786 0.182673 0.185571 0.188479 0.191399 0.194329 0.197271 0.200224 0.203189 0.206166 0.209154 0.212154 0.215167 0.218192 0.221229 0.224280 0.227343 0.230418 0.233507 0.236610 0.239725 0.242855 0.245998 0.249155 0.252326 0.255511 0.258710 0.261924 0.265153 0.268396 0.271655 0.274929 0.278217 0.281522 0.284841 0.288177 0.291529 0.294896 0.298280 0.301680 0.305097 0.308530 0.311980 0.315447 0.318931 0.322433 0.325952 0.329488 0.333042 0.336615 0.340205 0.343813 0.347440 0.351085 0.354749 0.358432 0.362134 0.365855 0.369595 0.373355 0.377134 0.380933 0.384752 0.388591 0.392450 0.396330 0.400230 0.402344 0.406278 0.410238 0.414224 0.418235 0.422271 0.426332 0.430417 0.434527 0.438661 0.442818 0.447000 0.451205 0.455434 0.459685 0.463960 0.468257 0.472577 0.476918 0.481282 0.485668 0.490075 0.494504 0.498954 0.503425 0.507916 0.512428 0.516961 0.521513 0.526085 0.530677 0.535289 0.539919 0.544569 0.549238 0.553925 0.558630 0.563354 0.568095 0.572855 0.577631 0.582425 0.587237 0.592065 0.596909 0.601771 0.606648 0.611541 0.616450 0.621375 0.626315 0.631270 0.636241 0.641226 0.646225 0.651239 0.656266 0.661308 0.666363 0.671432 0.676514 0.681609 0.686717 0.691837 0.696969 0.702114 0.707271 0.712439 0.717619 0.722810 0.728012 0.733226 0.738449 0.743683 0.748928 0.754182 0.759446 0.764720 0.770003 0.775295 0.780596 0.785906 0.791224 0.796550 0.801885 0.807227 0.812577 0.817935 0.823299 0.828671 0.834049 0.839434 0.844825 0.850222 0.855626 0.861035 0.866449 0.871869 0.877293 0.882723 0.888157 0.893596 0.899038 0.904485 0.909936 0.915390 0.920847 0.926307 0.931771 0.937237 0.942705 0.948176 0.953649 0.959123 0.964599 0.970077 0.975556 0.981035 0.986516 0.991997 1.000000))
(channel blue)
(curve
    (curve-type smooth)
    (n-points 17)
    (points 34 0.000000 0.000000 -1.000000 -1.000000 -1.000000 -1.000000 -1.000000 -1.000000 -1.000000 -1.000000 -1.000000 -1.000000 -1.000000 -1.000000 -1.000000 -1.000000 -1.000000 -1.000000 -1.000000 -1.000000 -1.000000 -1.000000 -1.000000 -1.000000 -1.000000 -1.000000 -1.000000 -1.000000 -1.000000 -1.000000 -1.000000 -1.000000 1.000000 1.000000)
    (n-samples 256)
    (samples 256 0.000000 0.003922 0.007843 0.011765 0.015686 0.019608 0.023529 0.027451 0.031373 0.035294 0.039216 0.043137 0.047059 0.050980 0.054902 0.058824 0.062745 0.066667 0.070588 0.074510 0.078431 0.082353 0.086275 0.090196 0.094118 0.098039 0.101961 0.105882 0.109804 0.113725 0.117647 0.121569 0.125490 0.129412 0.133333 0.137255 0.141176 0.145098 0.149020 0.152941 0.156863 0.160784 0.164706 0.168627 0.172549 0.176471 0.180392 0.184314 0.188235 0.192157 0.196078 0.200000 0.203922 0.207843 0.211765 0.215686 0.219608 0.223529 0.227451 0.231373 0.235294 0.239216 0.243137 0.247059 0.250980 0.254902 0.258824 0.262745 0.266667 0.270588 0.274510 0.278431 0.282353 0.286275 0.290196 0.294118 0.298039 0.301961 0.305882 0.309804 0.313725 0.317647 0.321569 0.325490 0.329412 0.333333 0.337255 0.341176 0.345098 0.349020 0.352941 0.356863 0.360784 0.364706 0.368627 0.372549 0.376471 0.380392 0.384314 0.388235 0.392157 0.396078 0.400000 0.403922 0.407843 0.411765 0.415686 0.419608 0.423529 0.427451 0.431373 0.435294 0.439216 0.443137 0.447059 0.450980 0.454902 0.458824 0.462745 0.466667 0.470588 0.474510 0.478431 0.482353 0.486275 0.490196 0.494118 0.498039 0.501961 0.505882 0.509804 0.513725 0.517647 0.521569 0.525490 0.529412 0.533333 0.537255 0.541176 0.545098 0.549020 0.552941 0.556863 0.560784 0.564706 0.568627 0.572549 0.576471 0.580392 0.584314 0.588235 0.592157 0.596078 0.600000 0.603922 0.607843 0.611765 0.615686 0.619608 0.623529 0.627451 0.631373 0.635294 0.639216 0.643137 0.647059 0.650980 0.654902 0.658824 0.662745 0.666667 0.670588 0.674510 0.678431 0.682353 0.686275 0.690196 0.694118 0.698039 0.701961 0.705882 0.709804 0.713725 0.717647 0.721569 0.725490 0.729412 0.733333 0.737255 0.741176 0.745098 0.749020 0.752941 0.756863 0.760784 0.764706 0.768627 0.772549 0.776471 0.780392 0.784314 0.788235 0.792157 0.796078 0.800000 0.803922 0.807843 0.811765 0.815686 0.819608 0.823529 0.827451 0.831373 0.835294 0.839216 0.843137 0.847059 0.850980 0.854902 0.858824 0.862745 0.866667 0.870588 0.874510 0.878431 0.882353 0.886275 0.890196 0.894118 0.898039 0.901961 0.905882 0.909804 0.913725 0.917647 0.921569 0.925490 0.929412 0.933333 0.937255 0.941176 0.945098 0.949020 0.952941 0.956863 0.960784 0.964706 0.968627 0.972549 0.976471 0.980392 0.984314 0.988235 0.992157 0.996078 1.000000))
(channel alpha)
(curve
    (curve-type smooth)
    (n-points 17)
    (points 34 0.000000 0.000000 -1.000000 -1.000000 -1.000000 -1.000000 -1.000000 -1.000000 -1.000000 -1.000000 -1.000000 -1.000000 -1.000000 -1.000000 -1.000000 -1.000000 -1.000000 -1.000000 -1.000000 -1.000000 -1.000000 -1.000000 -1.000000 -1.000000 -1.000000 -1.000000 -1.000000 -1.000000 -1.000000 -1.000000 -1.000000 -1.000000 1.000000 1.000000)
    (n-samples 256)
    (samples 256 0.000000 0.003922 0.007843 0.011765 0.015686 0.019608 0.023529 0.027451 0.031373 0.035294 0.039216 0.043137 0.047059 0.050980 0.054902 0.058824 0.062745 0.066667 0.070588 0.074510 0.078431 0.082353 0.086275 0.090196 0.094118 0.098039 0.101961 0.105882 0.109804 0.113725 0.117647 0.121569 0.125490 0.129412 0.133333 0.137255 0.141176 0.145098 0.149020 0.152941 0.156863 0.160784 0.164706 0.168627 0.172549 0.176471 0.180392 0.184314 0.188235 0.192157 0.196078 0.200000 0.203922 0.207843 0.211765 0.215686 0.219608 0.223529 0.227451 0.231373 0.235294 0.239216 0.243137 0.247059 0.250980 0.254902 0.258824 0.262745 0.266667 0.270588 0.274510 0.278431 0.282353 0.286275 0.290196 0.294118 0.298039 0.301961 0.305882 0.309804 0.313725 0.317647 0.321569 0.325490 0.329412 0.333333 0.337255 0.341176 0.345098 0.349020 0.352941 0.356863 0.360784 0.364706 0.368627 0.372549 0.376471 0.380392 0.384314 0.388235 0.392157 0.396078 0.400000 0.403922 0.407843 0.411765 0.415686 0.419608 0.423529 0.427451 0.431373 0.435294 0.439216 0.443137 0.447059 0.450980 0.454902 0.458824 0.462745 0.466667 0.470588 0.474510 0.478431 0.482353 0.486275 0.490196 0.494118 0.498039 0.501961 0.505882 0.509804 0.513725 0.517647 0.521569 0.525490 0.529412 0.533333 0.537255 0.541176 0.545098 0.549020 0.552941 0.556863 0.560784 0.564706 0.568627 0.572549 0.576471 0.580392 0.584314 0.588235 0.592157 0.596078 0.600000 0.603922 0.607843 0.611765 0.615686 0.619608 0.623529 0.627451 0.631373 0.635294 0.639216 0.643137 0.647059 0.650980 0.654902 0.658824 0.662745 0.666667 0.670588 0.674510 0.678431 0.682353 0.686275 0.690196 0.694118 0.698039 0.701961 0.705882 0.709804 0.713725 0.717647 0.721569 0.725490 0.729412 0.733333 0.737255 0.741176 0.745098 0.749020 0.752941 0.756863 0.760784 0.764706 0.768627 0.772549 0.776471 0.780392 0.784314 0.788235 0.792157 0.796078 0.800000 0.803922 0.807843 0.811765 0.815686 0.819608 0.823529 0.827451 0.831373 0.835294 0.839216 0.843137 0.847059 0.850980 0.854902 0.858824 0.862745 0.866667 0.870588 0.874510 0.878431 0.882353 0.886275 0.890196 0.894118 0.898039 0.901961 0.905882 0.909804 0.913725 0.917647 0.921569 0.925490 0.929412 0.933333 0.937255 0.941176 0.945098 0.949020 0.952941 0.956863 0.960784 0.964706 0.968627 0.972549 0.976471 0.980392 0.984314 0.988235 0.992157 0.996078 1.000000))

# end of curves tool settings
