# GIMP curves tool settings

(time 0)
(channel value)
(curve
    (curve-type smooth)
    (n-points 17)
    (points 34 0.000000 0.000000 -1.000000 -1.000000 -1.000000 -1.000000 -1.000000 -1.000000 -1.000000 -1.000000 -1.000000 -1.000000 -1.000000 -1.000000 -1.000000 -1.000000 -1.000000 -1.000000 -1.000000 -1.000000 -1.000000 -1.000000 0.677914 0.394531 -1.000000 -1.000000 -1.000000 -1.000000 -1.000000 -1.000000 -1.000000 -1.000000 1.000000 1.000000)
    (n-samples 256)
    (samples 256 0.000000 0.001463 0.002925 0.004389 0.005852 0.007317 0.008782 0.010248 0.011715 0.013184 0.014654 0.016125 0.017599 0.019074 0.020552 0.022032 0.023514 0.024999 0.026487 0.027978 0.029472 0.030969 0.032470 0.033974 0.035482 0.036994 0.038510 0.040031 0.041555 0.043085 0.044619 0.046158 0.047703 0.049252 0.050807 0.052368 0.053934 0.055506 0.057084 0.058669 0.060260 0.061858 0.063462 0.065073 0.066692 0.068317 0.069950 0.071591 0.073239 0.074895 0.076559 0.078232 0.079913 0.081602 0.083300 0.085007 0.086723 0.088449 0.090183 0.091928 0.093682 0.095445 0.097219 0.099003 0.100798 0.102603 0.104418 0.106245 0.108082 0.109931 0.111791 0.113663 0.115546 0.117441 0.119348 0.121268 0.123199 0.125143 0.127100 0.129070 0.131053 0.133049 0.135058 0.137080 0.139117 0.141167 0.143231 0.145309 0.147402 0.149509 0.151631 0.153767 0.155919 0.158086 0.160268 0.162465 0.164678 0.166907 0.169152 0.171413 0.173690 0.175984 0.178294 0.180621 0.182965 0.185326 0.187705 0.190101 0.192514 0.194946 0.197395 0.199862 0.202348 0.204852 0.207375 0.209916 0.212476 0.215056 0.217654 0.220272 0.222910 0.225568 0.228245 0.230942 0.233660 0.236398 0.239157 0.241936 0.244736 0.247558 0.250400 0.253264 0.256150 0.259057 0.261986 0.264937 0.267911 0.270906 0.273925 0.276966 0.280030 0.283117 0.286227 0.289360 0.292517 0.295698 0.298903 0.302131 0.305384 0.308661 0.311963 0.315289 0.318641 0.322017 0.325418 0.328845 0.332298 0.335775 0.339279 0.342809 0.346365 0.349947 0.353556 0.357192 0.360854 0.364543 0.368260 0.372003 0.375775 0.379573 0.383400 0.387255 0.391138 0.394531 0.398516 0.402624 0.406856 0.411209 0.415682 0.420274 0.424982 0.429806 0.434743 0.439793 0.444953 0.450222 0.455599 0.461082 0.466670 0.472361 0.478153 0.484045 0.490035 0.496122 0.502305 0.508582 0.514950 0.521410 0.527959 0.534595 0.541317 0.548124 0.555015 0.561986 0.569038 0.576168 0.583375 0.590658 0.598014 0.605443 0.612942 0.620511 0.628147 0.635850 0.643617 0.651447 0.659339 0.667291 0.675302 0.683369 0.691492 0.699669 0.707898 0.716178 0.724507 0.732884 0.741308 0.749776 0.758287 0.766840 0.775433 0.784064 0.792733 0.801437 0.810175 0.818945 0.827747 0.836577 0.845436 0.854321 0.863230 0.872163 0.881117 0.890092 0.899085 0.908095 0.917121 0.926161 0.935213 0.944277 0.953349 0.962430 0.971517 0.980608 0.989703 1.000000))
(channel red)
(curve
    (curve-type smooth)
    (n-points 17)
    (points 34 0.000000 0.000000 -1.000000 -1.000000 -1.000000 -1.000000 -1.000000 -1.000000 -1.000000 -1.000000 -1.000000 -1.000000 -1.000000 -1.000000 -1.000000 -1.000000 0.515337 0.359375 -1.000000 -1.000000 -1.000000 -1.000000 -1.000000 -1.000000 -1.000000 -1.000000 -1.000000 -1.000000 -1.000000 -1.000000 -1.000000 -1.000000 1.000000 1.000000)
    (n-samples 256)
    (samples 256 0.000000 0.002141 0.004283 0.006425 0.008568 0.010711 0.012855 0.015001 0.017148 0.019297 0.021448 0.023600 0.025755 0.027913 0.030073 0.032236 0.034402 0.036571 0.038744 0.040921 0.043101 0.045286 0.047475 0.049669 0.051867 0.054070 0.056278 0.058492 0.060711 0.062937 0.065168 0.067405 0.069648 0.071899 0.074156 0.076420 0.078691 0.080970 0.083256 0.085550 0.087852 0.090163 0.092482 0.094809 0.097146 0.099491 0.101846 0.104210 0.106584 0.108968 0.111362 0.113766 0.116181 0.118606 0.121043 0.123490 0.125949 0.128419 0.130902 0.133396 0.135902 0.138421 0.140952 0.143496 0.146053 0.148623 0.151207 0.153804 0.156415 0.159040 0.161679 0.164333 0.167001 0.169685 0.172383 0.175096 0.177825 0.180570 0.183331 0.186107 0.188900 0.191709 0.194535 0.197378 0.200239 0.203116 0.206011 0.208924 0.211854 0.214803 0.217770 0.220756 0.223760 0.226784 0.229826 0.232888 0.235970 0.239071 0.242192 0.245334 0.248496 0.251678 0.254882 0.258106 0.261352 0.264619 0.267908 0.271218 0.274551 0.277906 0.281283 0.284683 0.288106 0.291552 0.295022 0.298515 0.302031 0.305572 0.309136 0.312725 0.316339 0.319977 0.323640 0.327328 0.331042 0.334781 0.338546 0.342337 0.346155 0.349998 0.353868 0.359375 0.363312 0.367279 0.371276 0.375304 0.379361 0.383447 0.387562 0.391707 0.395880 0.400081 0.404311 0.408568 0.412853 0.417166 0.421505 0.425872 0.430265 0.434685 0.439131 0.443602 0.448100 0.452623 0.457171 0.461744 0.466341 0.470963 0.475610 0.480280 0.484974 0.489691 0.494432 0.499195 0.503982 0.508790 0.513621 0.518474 0.523349 0.528245 0.533162 0.538100 0.543059 0.548038 0.553038 0.558057 0.563097 0.568155 0.573233 0.578330 0.583446 0.588580 0.593733 0.598903 0.604091 0.609297 0.614520 0.619760 0.625017 0.630290 0.635579 0.640885 0.646206 0.651543 0.656895 0.662262 0.667643 0.673040 0.678450 0.683875 0.689313 0.694765 0.700230 0.705709 0.711200 0.716703 0.722219 0.727747 0.733287 0.738838 0.744400 0.749974 0.755558 0.761153 0.766758 0.772374 0.777999 0.783634 0.789278 0.794931 0.800592 0.806263 0.811942 0.817629 0.823323 0.829026 0.834735 0.840452 0.846175 0.851906 0.857642 0.863385 0.869133 0.874887 0.880646 0.886411 0.892180 0.897954 0.903732 0.909515 0.915301 0.921091 0.926884 0.932680 0.938480 0.944282 0.950086 0.955892 0.961700 0.967510 0.973322 0.979134 0.984947 0.990761 0.996576 1.000000))
(channel green)
(curve
    (curve-type smooth)
    (n-points 17)
    (points 34 0.000000 0.000000 -1.000000 -1.000000 -1.000000 -1.000000 -1.000000 -1.000000 -1.000000 -1.000000 -1.000000 -1.000000 -1.000000 -1.000000 -1.000000 -1.000000 -1.000000 -1.000000 0.536810 0.437500 -1.000000 -1.000000 -1.000000 -1.000000 -1.000000 -1.000000 -1.000000 -1.000000 -1.000000 -1.000000 -1.000000 -1.000000 1.000000 1.000000)
    (n-samples 256)
    (samples 256 0.000000 0.002833 0.005667 0.008501 0.011335 0.014169 0.017004 0.019840 0.022677 0.025514 0.028353 0.031192 0.034033 0.036876 0.039720 0.042565 0.045413 0.048262 0.051113 0.053966 0.056822 0.059679 0.062539 0.065402 0.068268 0.071136 0.074007 0.076881 0.079758 0.082639 0.085523 0.088410 0.091301 0.094196 0.097094 0.099997 0.102903 0.105814 0.108729 0.111648 0.114572 0.117501 0.120434 0.123373 0.126316 0.129264 0.132218 0.135177 0.138141 0.141111 0.144087 0.147068 0.150055 0.153049 0.156048 0.159054 0.162066 0.165085 0.168110 0.171143 0.174182 0.177227 0.180280 0.183341 0.186408 0.189483 0.192566 0.195656 0.198754 0.201860 0.204973 0.208095 0.211226 0.214364 0.217511 0.220667 0.223831 0.227005 0.230187 0.233378 0.236578 0.239788 0.243007 0.246236 0.249474 0.252722 0.255980 0.259248 0.262526 0.265814 0.269113 0.272422 0.275741 0.279071 0.282413 0.285764 0.289128 0.292502 0.295887 0.299284 0.302692 0.306112 0.309544 0.312987 0.316443 0.319910 0.323390 0.326882 0.330387 0.333904 0.337433 0.340976 0.344531 0.348100 0.351681 0.355276 0.358884 0.362505 0.366141 0.369789 0.373452 0.377129 0.380819 0.384524 0.388243 0.391977 0.395725 0.399488 0.403265 0.407058 0.410865 0.414687 0.418525 0.422378 0.426246 0.430130 0.434030 0.437500 0.441432 0.445386 0.449360 0.453355 0.457371 0.461407 0.465464 0.469541 0.473637 0.477753 0.481889 0.486044 0.490219 0.494412 0.498624 0.502855 0.507105 0.511372 0.515658 0.519961 0.524283 0.528622 0.532978 0.537352 0.541742 0.546149 0.550573 0.555014 0.559471 0.563944 0.568432 0.572937 0.577457 0.581993 0.586543 0.591109 0.595690 0.600285 0.604895 0.609519 0.614157 0.618809 0.623475 0.628154 0.632847 0.637553 0.642272 0.647004 0.651749 0.656506 0.661276 0.666057 0.670851 0.675656 0.680473 0.685302 0.690141 0.694992 0.699853 0.704725 0.709608 0.714501 0.719404 0.724317 0.729240 0.734173 0.739115 0.744066 0.749026 0.753995 0.758973 0.763959 0.768954 0.773957 0.778968 0.783986 0.789012 0.794046 0.799087 0.804135 0.809190 0.814251 0.819320 0.824394 0.829475 0.834561 0.839654 0.844752 0.849855 0.854964 0.860078 0.865196 0.870320 0.875448 0.880580 0.885717 0.890857 0.896002 0.901150 0.906301 0.911456 0.916614 0.921774 0.926938 0.932104 0.937272 0.942443 0.947615 0.952790 0.957966 0.963143 0.968322 0.973502 0.978683 0.983864 0.989047 0.994229 1.000000))
(channel blue)
(curve
    (curve-type smooth)
    (n-points 17)
    (points 34 0.000000 0.000000 -1.000000 -1.000000 -1.000000 -1.000000 -1.000000 -1.000000 -1.000000 -1.000000 -1.000000 -1.000000 -1.000000 -1.000000 -1.000000 -1.000000 -1.000000 -1.000000 -1.000000 -1.000000 -1.000000 -1.000000 -1.000000 -1.000000 -1.000000 -1.000000 -1.000000 -1.000000 -1.000000 -1.000000 -1.000000 -1.000000 1.000000 1.000000)
    (n-samples 256)
    (samples 256 0.000000 0.003922 0.007843 0.011765 0.015686 0.019608 0.023529 0.027451 0.031373 0.035294 0.039216 0.043137 0.047059 0.050980 0.054902 0.058824 0.062745 0.066667 0.070588 0.074510 0.078431 0.082353 0.086275 0.090196 0.094118 0.098039 0.101961 0.105882 0.109804 0.113725 0.117647 0.121569 0.125490 0.129412 0.133333 0.137255 0.141176 0.145098 0.149020 0.152941 0.156863 0.160784 0.164706 0.168627 0.172549 0.176471 0.180392 0.184314 0.188235 0.192157 0.196078 0.200000 0.203922 0.207843 0.211765 0.215686 0.219608 0.223529 0.227451 0.231373 0.235294 0.239216 0.243137 0.247059 0.250980 0.254902 0.258824 0.262745 0.266667 0.270588 0.274510 0.278431 0.282353 0.286275 0.290196 0.294118 0.298039 0.301961 0.305882 0.309804 0.313725 0.317647 0.321569 0.325490 0.329412 0.333333 0.337255 0.341176 0.345098 0.349020 0.352941 0.356863 0.360784 0.364706 0.368627 0.372549 0.376471 0.380392 0.384314 0.388235 0.392157 0.396078 0.400000 0.403922 0.407843 0.411765 0.415686 0.419608 0.423529 0.427451 0.431373 0.435294 0.439216 0.443137 0.447059 0.450980 0.454902 0.458824 0.462745 0.466667 0.470588 0.474510 0.478431 0.482353 0.486275 0.490196 0.494118 0.498039 0.501961 0.505882 0.509804 0.513725 0.517647 0.521569 0.525490 0.529412 0.533333 0.537255 0.541176 0.545098 0.549020 0.552941 0.556863 0.560784 0.564706 0.568627 0.572549 0.576471 0.580392 0.584314 0.588235 0.592157 0.596078 0.600000 0.603922 0.607843 0.611765 0.615686 0.619608 0.623529 0.627451 0.631373 0.635294 0.639216 0.643137 0.647059 0.650980 0.654902 0.658824 0.662745 0.666667 0.670588 0.674510 0.678431 0.682353 0.686275 0.690196 0.694118 0.698039 0.701961 0.705882 0.709804 0.713725 0.717647 0.721569 0.725490 0.729412 0.733333 0.737255 0.741176 0.745098 0.749020 0.752941 0.756863 0.760784 0.764706 0.768627 0.772549 0.776471 0.780392 0.784314 0.788235 0.792157 0.796078 0.800000 0.803922 0.807843 0.811765 0.815686 0.819608 0.823529 0.827451 0.831373 0.835294 0.839216 0.843137 0.847059 0.850980 0.854902 0.858824 0.862745 0.866667 0.870588 0.874510 0.878431 0.882353 0.886275 0.890196 0.894118 0.898039 0.901961 0.905882 0.909804 0.913725 0.917647 0.921569 0.925490 0.929412 0.933333 0.937255 0.941176 0.945098 0.949020 0.952941 0.956863 0.960784 0.964706 0.968627 0.972549 0.976471 0.980392 0.984314 0.988235 0.992157 0.996078 1.000000))
(channel alpha)
(curve
    (curve-type smooth)
    (n-points 17)
    (points 34 0.000000 0.000000 -1.000000 -1.000000 -1.000000 -1.000000 -1.000000 -1.000000 -1.000000 -1.000000 -1.000000 -1.000000 -1.000000 -1.000000 -1.000000 -1.000000 -1.000000 -1.000000 -1.000000 -1.000000 -1.000000 -1.000000 -1.000000 -1.000000 -1.000000 -1.000000 -1.000000 -1.000000 -1.000000 -1.000000 -1.000000 -1.000000 1.000000 1.000000)
    (n-samples 256)
    (samples 256 0.000000 0.003922 0.007843 0.011765 0.015686 0.019608 0.023529 0.027451 0.031373 0.035294 0.039216 0.043137 0.047059 0.050980 0.054902 0.058824 0.062745 0.066667 0.070588 0.074510 0.078431 0.082353 0.086275 0.090196 0.094118 0.098039 0.101961 0.105882 0.109804 0.113725 0.117647 0.121569 0.125490 0.129412 0.133333 0.137255 0.141176 0.145098 0.149020 0.152941 0.156863 0.160784 0.164706 0.168627 0.172549 0.176471 0.180392 0.184314 0.188235 0.192157 0.196078 0.200000 0.203922 0.207843 0.211765 0.215686 0.219608 0.223529 0.227451 0.231373 0.235294 0.239216 0.243137 0.247059 0.250980 0.254902 0.258824 0.262745 0.266667 0.270588 0.274510 0.278431 0.282353 0.286275 0.290196 0.294118 0.298039 0.301961 0.305882 0.309804 0.313725 0.317647 0.321569 0.325490 0.329412 0.333333 0.337255 0.341176 0.345098 0.349020 0.352941 0.356863 0.360784 0.364706 0.368627 0.372549 0.376471 0.380392 0.384314 0.388235 0.392157 0.396078 0.400000 0.403922 0.407843 0.411765 0.415686 0.419608 0.423529 0.427451 0.431373 0.435294 0.439216 0.443137 0.447059 0.450980 0.454902 0.458824 0.462745 0.466667 0.470588 0.474510 0.478431 0.482353 0.486275 0.490196 0.494118 0.498039 0.501961 0.505882 0.509804 0.513725 0.517647 0.521569 0.525490 0.529412 0.533333 0.537255 0.541176 0.545098 0.549020 0.552941 0.556863 0.560784 0.564706 0.568627 0.572549 0.576471 0.580392 0.584314 0.588235 0.592157 0.596078 0.600000 0.603922 0.607843 0.611765 0.615686 0.619608 0.623529 0.627451 0.631373 0.635294 0.639216 0.643137 0.647059 0.650980 0.654902 0.658824 0.662745 0.666667 0.670588 0.674510 0.678431 0.682353 0.686275 0.690196 0.694118 0.698039 0.701961 0.705882 0.709804 0.713725 0.717647 0.721569 0.725490 0.729412 0.733333 0.737255 0.741176 0.745098 0.749020 0.752941 0.756863 0.760784 0.764706 0.768627 0.772549 0.776471 0.780392 0.784314 0.788235 0.792157 0.796078 0.800000 0.803922 0.807843 0.811765 0.815686 0.819608 0.823529 0.827451 0.831373 0.835294 0.839216 0.843137 0.847059 0.850980 0.854902 0.858824 0.862745 0.866667 0.870588 0.874510 0.878431 0.882353 0.886275 0.890196 0.894118 0.898039 0.901961 0.905882 0.909804 0.913725 0.917647 0.921569 0.925490 0.929412 0.933333 0.937255 0.941176 0.945098 0.949020 0.952941 0.956863 0.960784 0.964706 0.968627 0.972549 0.976471 0.980392 0.984314 0.988235 0.992157 0.996078 1.000000))

# end of curves tool settings
