# GIMP curves tool settings

(time 0)
(channel value)
(curve
    (curve-type smooth)
    (n-points 17)
    (points 34 0.000000 0.000000 -1.000000 -1.000000 -1.000000 -1.000000 -1.000000 -1.000000 0.230061 0.601563 -1.000000 -1.000000 -1.000000 -1.000000 -1.000000 -1.000000 -1.000000 -1.000000 -1.000000 -1.000000 -1.000000 -1.000000 -1.000000 -1.000000 -1.000000 -1.000000 -1.000000 -1.000000 -1.000000 -1.000000 -1.000000 -1.000000 1.000000 1.000000)
    (n-samples 256)
    (samples 256 0.000000 0.013419 0.026833 0.040236 0.053622 0.066987 0.080323 0.093627 0.106892 0.120112 0.133283 0.146399 0.159454 0.172443 0.185360 0.198200 0.210957 0.223626 0.236201 0.248676 0.261047 0.273307 0.285452 0.297474 0.309370 0.321134 0.332759 0.344241 0.355574 0.366753 0.377771 0.388623 0.399305 0.409810 0.420133 0.430268 0.440210 0.449953 0.459492 0.468821 0.477935 0.486828 0.495495 0.503930 0.512127 0.520082 0.527789 0.535241 0.542434 0.549362 0.556020 0.562401 0.568501 0.574314 0.579835 0.585057 0.589976 0.594586 0.598881 0.601563 0.605470 0.609348 0.613198 0.617019 0.620812 0.624577 0.628314 0.632022 0.635704 0.639357 0.642983 0.646582 0.650154 0.653698 0.657216 0.660707 0.664172 0.667610 0.671022 0.674408 0.677767 0.681101 0.684410 0.687693 0.690950 0.694182 0.697389 0.700571 0.703729 0.706862 0.709970 0.713054 0.716113 0.719149 0.722161 0.725149 0.728113 0.731054 0.733971 0.736866 0.739737 0.742586 0.745412 0.748215 0.750996 0.753754 0.756490 0.759205 0.761897 0.764568 0.767217 0.769845 0.772452 0.775037 0.777602 0.780145 0.782669 0.785171 0.787653 0.790115 0.792557 0.794979 0.797381 0.799764 0.802127 0.804470 0.806795 0.809100 0.811387 0.813655 0.815904 0.818135 0.820347 0.822541 0.824718 0.826876 0.829017 0.831140 0.833245 0.835334 0.837405 0.839459 0.841497 0.843517 0.845522 0.847509 0.849481 0.851436 0.853376 0.855300 0.857208 0.859100 0.860977 0.862839 0.864686 0.866518 0.868335 0.870138 0.871926 0.873700 0.875459 0.877205 0.878936 0.880654 0.882358 0.884049 0.885727 0.887391 0.889042 0.890681 0.892307 0.893920 0.895521 0.897109 0.898686 0.900250 0.901803 0.903344 0.904873 0.906391 0.907898 0.909393 0.910878 0.912352 0.913815 0.915268 0.916710 0.918142 0.919564 0.920977 0.922379 0.923772 0.925155 0.926529 0.927894 0.929250 0.930597 0.931935 0.933265 0.934586 0.935898 0.937203 0.938500 0.939789 0.941070 0.942343 0.943610 0.944868 0.946120 0.947365 0.948603 0.949834 0.951059 0.952277 0.953490 0.954696 0.955896 0.957090 0.958279 0.959462 0.960640 0.961813 0.962980 0.964143 0.965301 0.966454 0.967603 0.968747 0.969888 0.971024 0.972156 0.973285 0.974410 0.975532 0.976650 0.977766 0.978878 0.979987 0.981094 0.982198 0.983300 0.984399 0.985497 0.986592 0.987686 0.988778 0.989868 0.990957 0.992045 0.993132 0.994218 0.995303 0.996387 0.997471 0.998554 1.000000))
(channel red)
(curve
    (curve-type smooth)
    (n-points 17)
    (points 34 0.000000 0.000000 -1.000000 -1.000000 -1.000000 -1.000000 -1.000000 -1.000000 -1.000000 -1.000000 -1.000000 -1.000000 -1.000000 -1.000000 -1.000000 -1.000000 -1.000000 -1.000000 -1.000000 -1.000000 -1.000000 -1.000000 -1.000000 -1.000000 -1.000000 -1.000000 0.834356 0.445313 -1.000000 -1.000000 -1.000000 -1.000000 1.000000 1.000000)
    (n-samples 256)
    (samples 256 0.000000 0.001179 0.002358 0.003537 0.004716 0.005896 0.007077 0.008258 0.009440 0.010623 0.011808 0.012993 0.014180 0.015368 0.016558 0.017749 0.018943 0.020138 0.021335 0.022535 0.023736 0.024941 0.026147 0.027357 0.028569 0.029784 0.031002 0.032224 0.033448 0.034676 0.035908 0.037143 0.038382 0.039624 0.040871 0.042122 0.043377 0.044637 0.045901 0.047169 0.048442 0.049721 0.051004 0.052292 0.053585 0.054884 0.056188 0.057498 0.058813 0.060135 0.061462 0.062795 0.064135 0.065480 0.066833 0.068191 0.069557 0.070929 0.072308 0.073694 0.075087 0.076488 0.077896 0.079311 0.080734 0.082165 0.083604 0.085051 0.086505 0.087968 0.089440 0.090920 0.092408 0.093906 0.095412 0.096927 0.098451 0.099984 0.101527 0.103079 0.104641 0.106212 0.107793 0.109384 0.110986 0.112597 0.114219 0.115851 0.117494 0.119147 0.120811 0.122486 0.124172 0.125869 0.127578 0.129298 0.131029 0.132772 0.134527 0.136293 0.138072 0.139863 0.141666 0.143481 0.145309 0.147149 0.149002 0.150868 0.152747 0.154639 0.156545 0.158463 0.160395 0.162341 0.164300 0.166273 0.168260 0.170262 0.172277 0.174306 0.176350 0.178409 0.180482 0.182570 0.184673 0.186791 0.188924 0.191073 0.193236 0.195416 0.197610 0.199821 0.202048 0.204290 0.206549 0.208824 0.211115 0.213423 0.215747 0.218088 0.220446 0.222821 0.225213 0.227622 0.230048 0.232492 0.234954 0.237433 0.239930 0.242445 0.244978 0.247529 0.250098 0.252686 0.255293 0.257918 0.260562 0.263225 0.265906 0.268607 0.271328 0.274067 0.276826 0.279605 0.282404 0.285222 0.288060 0.290919 0.293798 0.296697 0.299616 0.302556 0.305517 0.308499 0.311502 0.314525 0.317570 0.320637 0.323725 0.326834 0.329965 0.333118 0.336293 0.339489 0.342708 0.345950 0.349214 0.352500 0.355809 0.359140 0.362495 0.365873 0.369273 0.372698 0.376145 0.379616 0.383111 0.386629 0.390171 0.393737 0.397328 0.400942 0.404581 0.408245 0.411933 0.415645 0.419383 0.423145 0.426933 0.430746 0.434584 0.438448 0.442337 0.445313 0.449559 0.454443 0.459951 0.466067 0.472775 0.480059 0.487905 0.496297 0.505219 0.514655 0.524591 0.535011 0.545899 0.557240 0.569018 0.581218 0.593824 0.606822 0.620195 0.633927 0.648004 0.662410 0.677130 0.692147 0.707447 0.723014 0.738832 0.754887 0.771161 0.787641 0.804311 0.821154 0.838156 0.855302 0.872575 0.889959 0.907441 0.925004 0.942632 0.960311 0.978024 1.000000))
(channel green)
(curve
    (curve-type smooth)
    (n-points 17)
    (points 34 0.000000 0.000000 -1.000000 -1.000000 -1.000000 -1.000000 -1.000000 -1.000000 -1.000000 -1.000000 0.312883 0.144531 -1.000000 -1.000000 -1.000000 -1.000000 -1.000000 -1.000000 -1.000000 -1.000000 -1.000000 -1.000000 -1.000000 -1.000000 -1.000000 -1.000000 -1.000000 -1.000000 -1.000000 -1.000000 -1.000000 -1.000000 1.000000 1.000000)
    (n-samples 256)
    (samples 256 0.000000 0.000757 0.001514 0.002274 0.003036 0.003803 0.004575 0.005352 0.006137 0.006929 0.007730 0.008542 0.009364 0.010198 0.011045 0.011906 0.012782 0.013674 0.014583 0.015510 0.016455 0.017421 0.018407 0.019415 0.020446 0.021501 0.022581 0.023687 0.024819 0.025980 0.027169 0.028388 0.029638 0.030920 0.032234 0.033582 0.034966 0.036384 0.037840 0.039334 0.040866 0.042438 0.044051 0.045705 0.047403 0.049144 0.050930 0.052761 0.054640 0.056566 0.058541 0.060565 0.062640 0.064767 0.066947 0.069180 0.071468 0.073812 0.076213 0.078671 0.081187 0.083764 0.086401 0.089100 0.091861 0.094686 0.097576 0.100531 0.103553 0.106643 0.109801 0.113029 0.116327 0.119697 0.123140 0.126656 0.130246 0.133913 0.137656 0.141476 0.144531 0.148461 0.152407 0.156370 0.160348 0.164343 0.168353 0.172380 0.176422 0.180480 0.184554 0.188643 0.192748 0.196867 0.201002 0.205153 0.209318 0.213498 0.217693 0.221903 0.226128 0.230367 0.234620 0.238888 0.243171 0.247467 0.251778 0.256102 0.260441 0.264793 0.269159 0.273539 0.277932 0.282338 0.286758 0.291192 0.295638 0.300098 0.304570 0.309055 0.313553 0.318064 0.322588 0.327124 0.331672 0.336233 0.340806 0.345391 0.349988 0.354597 0.359218 0.363850 0.368495 0.373150 0.377818 0.382496 0.387186 0.391888 0.396600 0.401323 0.406058 0.410803 0.415558 0.420325 0.425102 0.429889 0.434687 0.439495 0.444313 0.449141 0.453979 0.458827 0.463685 0.468553 0.473430 0.478316 0.483212 0.488118 0.493032 0.497956 0.502889 0.507830 0.512781 0.517740 0.522708 0.527684 0.532669 0.537663 0.542664 0.547674 0.552692 0.557718 0.562752 0.567793 0.572843 0.577900 0.582964 0.588036 0.593115 0.598202 0.603296 0.608396 0.613504 0.618619 0.623740 0.628868 0.634003 0.639144 0.644292 0.649445 0.654605 0.659772 0.664944 0.670122 0.675306 0.680496 0.685691 0.690892 0.696099 0.701311 0.706528 0.711750 0.716977 0.722210 0.727447 0.732689 0.737936 0.743187 0.748443 0.753703 0.758968 0.764237 0.769510 0.774787 0.780068 0.785353 0.790642 0.795935 0.801231 0.806530 0.811833 0.817139 0.822449 0.827761 0.833077 0.838396 0.843717 0.849041 0.854368 0.859697 0.865029 0.870363 0.875699 0.881038 0.886379 0.891721 0.897066 0.902412 0.907760 0.913110 0.918461 0.923814 0.929168 0.934523 0.939880 0.945237 0.950595 0.955955 0.961315 0.966675 0.972037 0.977398 0.982761 0.988123 0.993486 1.000000))
(channel blue)
(curve
    (curve-type smooth)
    (n-points 17)
    (points 34 0.000000 0.000000 -1.000000 -1.000000 -1.000000 -1.000000 -1.000000 -1.000000 -1.000000 -1.000000 -1.000000 -1.000000 -1.000000 -1.000000 -1.000000 -1.000000 -1.000000 -1.000000 -1.000000 -1.000000 -1.000000 -1.000000 -1.000000 -1.000000 0.757669 0.414063 -1.000000 -1.000000 -1.000000 -1.000000 -1.000000 -1.000000 1.000000 1.000000)
    (n-samples 256)
    (samples 256 0.000000 0.001254 0.002508 0.003762 0.005017 0.006272 0.007529 0.008785 0.010043 0.011302 0.012563 0.013825 0.015088 0.016353 0.017620 0.018889 0.020160 0.021433 0.022709 0.023987 0.025268 0.026552 0.027839 0.029129 0.030423 0.031720 0.033020 0.034324 0.035632 0.036944 0.038260 0.039580 0.040905 0.042235 0.043569 0.044908 0.046252 0.047601 0.048955 0.050315 0.051680 0.053051 0.054428 0.055811 0.057201 0.058596 0.059998 0.061406 0.062821 0.064243 0.065672 0.067109 0.068552 0.070003 0.071461 0.072928 0.074402 0.075884 0.077374 0.078872 0.080379 0.081895 0.083419 0.084952 0.086494 0.088045 0.089606 0.091176 0.092755 0.094344 0.095943 0.097553 0.099172 0.100801 0.102441 0.104092 0.105753 0.107425 0.109108 0.110803 0.112508 0.114225 0.115954 0.117694 0.119446 0.121211 0.122987 0.124775 0.126577 0.128390 0.130217 0.132056 0.133908 0.135773 0.137652 0.139544 0.141450 0.143369 0.145302 0.147250 0.149211 0.151187 0.153177 0.155182 0.157201 0.159236 0.161285 0.163349 0.165429 0.167524 0.169635 0.171762 0.173904 0.176062 0.178237 0.180428 0.182635 0.184859 0.187099 0.189357 0.191631 0.193923 0.196232 0.198558 0.200902 0.203264 0.205643 0.208041 0.210456 0.212890 0.215343 0.217814 0.220303 0.222812 0.225339 0.227886 0.230452 0.233038 0.235643 0.238267 0.240912 0.243577 0.246261 0.248966 0.251692 0.254438 0.257205 0.259993 0.262801 0.265631 0.268482 0.271355 0.274249 0.277165 0.280103 0.283063 0.286045 0.289049 0.292076 0.295125 0.298197 0.301292 0.304409 0.307551 0.310715 0.313903 0.317114 0.320349 0.323608 0.326891 0.330198 0.333529 0.336885 0.340266 0.343671 0.347101 0.350556 0.354036 0.357542 0.361073 0.364629 0.368211 0.371819 0.375454 0.379114 0.382800 0.386514 0.390253 0.394019 0.397813 0.401633 0.405480 0.409355 0.414063 0.418118 0.422440 0.427022 0.431862 0.436954 0.442294 0.447878 0.453701 0.459759 0.466048 0.472563 0.479300 0.486254 0.493422 0.500798 0.508379 0.516160 0.524136 0.532304 0.540659 0.549197 0.557912 0.566802 0.575861 0.585085 0.594469 0.604011 0.613704 0.623545 0.633529 0.643652 0.653909 0.664297 0.674810 0.685445 0.696197 0.707061 0.718034 0.729111 0.740288 0.751559 0.762922 0.774371 0.785902 0.797510 0.809193 0.820944 0.832760 0.844636 0.856568 0.868551 0.880582 0.892655 0.904767 0.916913 0.929088 0.941289 0.953511 0.965749 0.978000 0.990258 1.000000))
(channel alpha)
(curve
    (curve-type smooth)
    (n-points 17)
    (points 34 0.000000 0.000000 -1.000000 -1.000000 -1.000000 -1.000000 -1.000000 -1.000000 -1.000000 -1.000000 -1.000000 -1.000000 -1.000000 -1.000000 -1.000000 -1.000000 -1.000000 -1.000000 -1.000000 -1.000000 -1.000000 -1.000000 -1.000000 -1.000000 -1.000000 -1.000000 -1.000000 -1.000000 -1.000000 -1.000000 -1.000000 -1.000000 1.000000 1.000000)
    (n-samples 256)
    (samples 256 0.000000 0.003922 0.007843 0.011765 0.015686 0.019608 0.023529 0.027451 0.031373 0.035294 0.039216 0.043137 0.047059 0.050980 0.054902 0.058824 0.062745 0.066667 0.070588 0.074510 0.078431 0.082353 0.086275 0.090196 0.094118 0.098039 0.101961 0.105882 0.109804 0.113725 0.117647 0.121569 0.125490 0.129412 0.133333 0.137255 0.141176 0.145098 0.149020 0.152941 0.156863 0.160784 0.164706 0.168627 0.172549 0.176471 0.180392 0.184314 0.188235 0.192157 0.196078 0.200000 0.203922 0.207843 0.211765 0.215686 0.219608 0.223529 0.227451 0.231373 0.235294 0.239216 0.243137 0.247059 0.250980 0.254902 0.258824 0.262745 0.266667 0.270588 0.274510 0.278431 0.282353 0.286275 0.290196 0.294118 0.298039 0.301961 0.305882 0.309804 0.313725 0.317647 0.321569 0.325490 0.329412 0.333333 0.337255 0.341176 0.345098 0.349020 0.352941 0.356863 0.360784 0.364706 0.368627 0.372549 0.376471 0.380392 0.384314 0.388235 0.392157 0.396078 0.400000 0.403922 0.407843 0.411765 0.415686 0.419608 0.423529 0.427451 0.431373 0.435294 0.439216 0.443137 0.447059 0.450980 0.454902 0.458824 0.462745 0.466667 0.470588 0.474510 0.478431 0.482353 0.486275 0.490196 0.494118 0.498039 0.501961 0.505882 0.509804 0.513725 0.517647 0.521569 0.525490 0.529412 0.533333 0.537255 0.541176 0.545098 0.549020 0.552941 0.556863 0.560784 0.564706 0.568627 0.572549 0.576471 0.580392 0.584314 0.588235 0.592157 0.596078 0.600000 0.603922 0.607843 0.611765 0.615686 0.619608 0.623529 0.627451 0.631373 0.635294 0.639216 0.643137 0.647059 0.650980 0.654902 0.658824 0.662745 0.666667 0.670588 0.674510 0.678431 0.682353 0.686275 0.690196 0.694118 0.698039 0.701961 0.705882 0.709804 0.713725 0.717647 0.721569 0.725490 0.729412 0.733333 0.737255 0.741176 0.745098 0.749020 0.752941 0.756863 0.760784 0.764706 0.768627 0.772549 0.776471 0.780392 0.784314 0.788235 0.792157 0.796078 0.800000 0.803922 0.807843 0.811765 0.815686 0.819608 0.823529 0.827451 0.831373 0.835294 0.839216 0.843137 0.847059 0.850980 0.854902 0.858824 0.862745 0.866667 0.870588 0.874510 0.878431 0.882353 0.886275 0.890196 0.894118 0.898039 0.901961 0.905882 0.909804 0.913725 0.917647 0.921569 0.925490 0.929412 0.933333 0.937255 0.941176 0.945098 0.949020 0.952941 0.956863 0.960784 0.964706 0.968627 0.972549 0.976471 0.980392 0.984314 0.988235 0.992157 0.996078 1.000000))

# end of curves tool settings
