# GIMP curves tool settings

(time 0)
(channel value)
(curve
    (curve-type smooth)
    (n-points 17)
    (points 34 0.000000 0.000000 -1.000000 -1.000000 -1.000000 -1.000000 -1.000000 -1.000000 -1.000000 -1.000000 -1.000000 -1.000000 -1.000000 -1.000000 0.423780 0.525097 -1.000000 -1.000000 -1.000000 -1.000000 -1.000000 -1.000000 -1.000000 -1.000000 -1.000000 -1.000000 -1.000000 -1.000000 -1.000000 -1.000000 -1.000000 -1.000000 1.000000 1.000000)
    (n-samples 256)
    (samples 256 0.000000 0.005328 0.010655 0.015983 0.021309 0.026634 0.031959 0.037282 0.042603 0.047922 0.053239 0.058553 0.063865 0.069175 0.074480 0.079783 0.085082 0.090377 0.095668 0.100955 0.106237 0.111514 0.116786 0.122053 0.127315 0.132570 0.137820 0.143063 0.148300 0.153530 0.158753 0.163969 0.169177 0.174378 0.179571 0.184755 0.189932 0.195099 0.200258 0.205407 0.210547 0.215677 0.220798 0.225908 0.231008 0.236098 0.241176 0.246244 0.251300 0.256344 0.261377 0.266398 0.271407 0.276403 0.281386 0.286356 0.291313 0.296256 0.301186 0.306102 0.311003 0.315890 0.320763 0.325620 0.330463 0.335289 0.340101 0.344896 0.349675 0.354438 0.359184 0.363914 0.368626 0.373321 0.377998 0.382658 0.387299 0.391922 0.396527 0.401112 0.405679 0.410227 0.414755 0.419263 0.423751 0.428219 0.432667 0.437094 0.441499 0.445884 0.450247 0.454589 0.458908 0.463206 0.467481 0.471733 0.475963 0.480169 0.484353 0.488512 0.492648 0.496759 0.500846 0.504909 0.508947 0.512960 0.516947 0.520909 0.525097 0.529011 0.532912 0.536798 0.540671 0.544530 0.548376 0.552208 0.556027 0.559832 0.563624 0.567403 0.571169 0.574922 0.578663 0.582390 0.586105 0.589807 0.593497 0.597175 0.600840 0.604493 0.608134 0.611763 0.615380 0.618986 0.622580 0.626162 0.629732 0.633292 0.636840 0.640376 0.643902 0.647417 0.650920 0.654413 0.657895 0.661367 0.664828 0.668279 0.671719 0.675149 0.678569 0.681978 0.685378 0.688768 0.692148 0.695519 0.698880 0.702231 0.705573 0.708906 0.712230 0.715544 0.718850 0.722146 0.725434 0.728713 0.731984 0.735246 0.738499 0.741745 0.744981 0.748210 0.751431 0.754644 0.757849 0.761046 0.764236 0.767418 0.770592 0.773759 0.776919 0.780072 0.783218 0.786356 0.789488 0.792613 0.795731 0.798843 0.801948 0.805047 0.808139 0.811225 0.814305 0.817379 0.820448 0.823510 0.826566 0.829617 0.832663 0.835702 0.838737 0.841766 0.844790 0.847809 0.850823 0.853832 0.856837 0.859836 0.862832 0.865822 0.868808 0.871790 0.874768 0.877741 0.880711 0.883677 0.886638 0.889596 0.892551 0.895502 0.898449 0.901393 0.904334 0.907272 0.910206 0.913138 0.916067 0.918993 0.921916 0.924837 0.927755 0.930671 0.933585 0.936496 0.939405 0.942313 0.945218 0.948122 0.951024 0.953924 0.956822 0.959720 0.962616 0.965510 0.968404 0.971296 0.974188 0.977079 0.979969 0.982858 0.985747 0.988635 0.991523 0.994410 0.997298 1.000000))
(time 0)
(channel red)
(curve
    (curve-type smooth)
    (n-points 17)
    (points 34 0.000000 0.000000 -1.000000 -1.000000 -1.000000 -1.000000 -1.000000 -1.000000 -1.000000 -1.000000 -1.000000 -1.000000 -1.000000 -1.000000 -1.000000 -1.000000 0.475610 0.598456 -1.000000 -1.000000 -1.000000 -1.000000 -1.000000 -1.000000 -1.000000 -1.000000 -1.000000 -1.000000 -1.000000 -1.000000 -1.000000 -1.000000 1.000000 1.000000)
    (n-samples 256)
    (samples 256 0.000000 0.005441 0.010882 0.016322 0.021762 0.027200 0.032638 0.038075 0.043510 0.048943 0.054375 0.059804 0.065232 0.070656 0.076079 0.081498 0.086914 0.092327 0.097736 0.103141 0.108543 0.113941 0.119334 0.124722 0.130106 0.135485 0.140859 0.146227 0.151590 0.156947 0.162298 0.167643 0.172981 0.178313 0.183638 0.188956 0.194267 0.199570 0.204866 0.210154 0.215434 0.220705 0.225968 0.231222 0.236468 0.241704 0.246931 0.252149 0.257357 0.262555 0.267742 0.272920 0.278087 0.283243 0.288388 0.293523 0.298645 0.303756 0.308856 0.313943 0.319019 0.324081 0.329132 0.334169 0.339193 0.344205 0.349202 0.354186 0.359157 0.364113 0.369055 0.373982 0.378895 0.383793 0.388676 0.393544 0.398396 0.403232 0.408053 0.412857 0.417645 0.422417 0.427172 0.431910 0.436630 0.441334 0.446019 0.450687 0.455338 0.459969 0.464583 0.469178 0.473754 0.478311 0.482849 0.487367 0.491866 0.496345 0.500804 0.505243 0.509661 0.514059 0.518436 0.522791 0.527126 0.531439 0.535730 0.539999 0.544246 0.548471 0.552674 0.556853 0.561010 0.565144 0.569254 0.573341 0.577404 0.581443 0.585457 0.589448 0.593414 0.598456 0.602367 0.606258 0.610128 0.613979 0.617809 0.621620 0.625410 0.629182 0.632934 0.636666 0.640380 0.644075 0.647751 0.651408 0.655047 0.658668 0.662270 0.665855 0.669421 0.672970 0.676502 0.680016 0.683513 0.686992 0.690455 0.693901 0.697331 0.700744 0.704141 0.707521 0.710886 0.714235 0.717568 0.720886 0.724188 0.727475 0.730747 0.734004 0.737246 0.740474 0.743687 0.746886 0.750071 0.753242 0.756399 0.759542 0.762672 0.765788 0.768892 0.771982 0.775059 0.778124 0.781176 0.784215 0.787242 0.790257 0.793260 0.796252 0.799231 0.802199 0.805156 0.808102 0.811036 0.813960 0.816872 0.819775 0.822666 0.825548 0.828419 0.831281 0.834132 0.836974 0.839806 0.842629 0.845443 0.848248 0.851044 0.853831 0.856610 0.859380 0.862142 0.864895 0.867641 0.870379 0.873109 0.875832 0.878547 0.881255 0.883957 0.886651 0.889338 0.892019 0.894694 0.897362 0.900024 0.902680 0.905330 0.907975 0.910614 0.913248 0.915877 0.918500 0.921119 0.923733 0.926342 0.928947 0.931548 0.934144 0.936737 0.939326 0.941911 0.944492 0.947071 0.949646 0.952218 0.954787 0.957353 0.959917 0.962478 0.965037 0.967594 0.970150 0.972703 0.975254 0.977805 0.980353 0.982901 0.985447 0.987993 0.990538 0.993082 0.995626 0.998170 1.000000))
(time 0)
(channel green)
(curve
    (curve-type smooth)
    (n-points 17)
    (points 34 0.000000 0.000000 -1.000000 -1.000000 -1.000000 -1.000000 -1.000000 -1.000000 -1.000000 -1.000000 -1.000000 -1.000000 -1.000000 -1.000000 -1.000000 -1.000000 -1.000000 -1.000000 -1.000000 -1.000000 0.637195 0.594595 -1.000000 -1.000000 -1.000000 -1.000000 -1.000000 -1.000000 -1.000000 -1.000000 -1.000000 -1.000000 1.000000 1.000000)
    (n-samples 256)
    (samples 256 0.000000 0.003528 0.007057 0.010585 0.014114 0.017642 0.021171 0.024700 0.028229 0.031758 0.035288 0.038818 0.042348 0.045879 0.049410 0.052941 0.056473 0.060005 0.063538 0.067072 0.070606 0.074140 0.077675 0.081211 0.084748 0.088285 0.091823 0.095362 0.098901 0.102442 0.105983 0.109525 0.113068 0.116612 0.120157 0.123703 0.127250 0.130798 0.134348 0.137898 0.141450 0.145002 0.148556 0.152112 0.155668 0.159226 0.162785 0.166345 0.169907 0.173471 0.177035 0.180602 0.184170 0.187739 0.191310 0.194882 0.198457 0.202032 0.205610 0.209189 0.212770 0.216353 0.219938 0.223524 0.227113 0.230703 0.234295 0.237889 0.241485 0.245084 0.248684 0.252286 0.255891 0.259497 0.263106 0.266717 0.270330 0.273946 0.277563 0.281183 0.284806 0.288431 0.292058 0.295688 0.299320 0.302954 0.306592 0.310231 0.313874 0.317519 0.321166 0.324817 0.328470 0.332125 0.335784 0.339445 0.343109 0.346776 0.350446 0.354119 0.357795 0.361474 0.365155 0.368840 0.372528 0.376219 0.379913 0.383610 0.387311 0.391015 0.394721 0.398432 0.402145 0.405862 0.409582 0.413306 0.417033 0.420763 0.424497 0.428235 0.431976 0.435720 0.439468 0.443220 0.446976 0.450735 0.454498 0.458264 0.462035 0.465809 0.469587 0.473369 0.477155 0.480945 0.484739 0.488537 0.492338 0.496144 0.499954 0.503768 0.507586 0.511409 0.515235 0.519066 0.522901 0.526740 0.530584 0.534432 0.538284 0.542141 0.546002 0.549868 0.553738 0.557613 0.561492 0.565376 0.569265 0.573158 0.577056 0.580958 0.584865 0.588777 0.594595 0.598524 0.602467 0.606426 0.610399 0.614386 0.618387 0.622402 0.626431 0.630474 0.634530 0.638599 0.642682 0.646778 0.650886 0.655007 0.659141 0.663287 0.667445 0.671615 0.675797 0.679991 0.684196 0.688413 0.692641 0.696880 0.701130 0.705390 0.709661 0.713943 0.718235 0.722537 0.726848 0.731170 0.735501 0.739842 0.744192 0.748551 0.752919 0.757296 0.761681 0.766075 0.770477 0.774888 0.779306 0.783732 0.788166 0.792608 0.797056 0.801512 0.805975 0.810445 0.814922 0.819405 0.823894 0.828390 0.832891 0.837399 0.841912 0.846431 0.850955 0.855485 0.860020 0.864559 0.869104 0.873653 0.878206 0.882764 0.887325 0.891891 0.896461 0.901034 0.905610 0.910190 0.914773 0.919359 0.923948 0.928540 0.933134 0.937730 0.942329 0.946930 0.951532 0.956136 0.960742 0.965349 0.969957 0.974567 0.979177 0.983788 0.988399 0.993011 0.997624 1.000000))
(time 0)
(channel blue)
(curve
    (curve-type smooth)
    (n-points 17)
    (points 34 0.000000 0.000000 -1.000000 -1.000000 -1.000000 -1.000000 -1.000000 -1.000000 0.222561 0.243243 -1.000000 -1.000000 -1.000000 -1.000000 -1.000000 -1.000000 -1.000000 -1.000000 -1.000000 -1.000000 -1.000000 -1.000000 -1.000000 -1.000000 -1.000000 -1.000000 -1.000000 -1.000000 -1.000000 -1.000000 -1.000000 -1.000000 1.000000 1.000000)
    (n-samples 256)
    (samples 256 0.000000 0.004468 0.008936 0.013403 0.017869 0.022334 0.026797 0.031258 0.035717 0.040173 0.044625 0.049075 0.053521 0.057962 0.062400 0.066832 0.071260 0.075682 0.080098 0.084508 0.088912 0.093308 0.097698 0.102080 0.106455 0.110821 0.115179 0.119528 0.123868 0.128198 0.132519 0.136829 0.141129 0.145418 0.149696 0.153962 0.158216 0.162458 0.166688 0.170904 0.175108 0.179298 0.183473 0.187635 0.191782 0.195914 0.200031 0.204132 0.208218 0.212287 0.216339 0.220374 0.224392 0.228393 0.232375 0.236339 0.240285 0.243243 0.247164 0.251083 0.255001 0.258917 0.262832 0.266745 0.270656 0.274566 0.278474 0.282381 0.286287 0.290191 0.294093 0.297994 0.301894 0.305792 0.309688 0.313583 0.317477 0.321369 0.325260 0.329150 0.333038 0.336925 0.340810 0.344694 0.348576 0.352457 0.356337 0.360216 0.364093 0.367969 0.371843 0.375716 0.379588 0.383459 0.387328 0.391196 0.395063 0.398928 0.402792 0.406655 0.410517 0.414377 0.418236 0.422094 0.425951 0.429807 0.433661 0.437514 0.441366 0.445217 0.449067 0.452915 0.456763 0.460609 0.464454 0.468298 0.472141 0.475982 0.479823 0.483663 0.487501 0.491338 0.495175 0.499010 0.502844 0.506677 0.510509 0.514340 0.518170 0.522000 0.525828 0.529655 0.533481 0.537306 0.541130 0.544953 0.548775 0.552596 0.556417 0.560236 0.564054 0.567872 0.571689 0.575504 0.579319 0.583133 0.586946 0.590758 0.594569 0.598380 0.602190 0.605998 0.609806 0.613613 0.617420 0.621225 0.625030 0.628834 0.632637 0.636439 0.640241 0.644042 0.647842 0.651641 0.655440 0.659237 0.663035 0.666831 0.670627 0.674422 0.678216 0.682010 0.685803 0.689595 0.693387 0.697178 0.700968 0.704758 0.708547 0.712336 0.716124 0.719911 0.723698 0.727484 0.731270 0.735055 0.738839 0.742623 0.746406 0.750189 0.753971 0.757753 0.761534 0.765315 0.769095 0.772875 0.776654 0.780433 0.784212 0.787990 0.791767 0.795544 0.799321 0.803097 0.806873 0.810648 0.814423 0.818197 0.821971 0.825745 0.829519 0.833292 0.837064 0.840837 0.844609 0.848380 0.852152 0.855923 0.859694 0.863464 0.867234 0.871004 0.874774 0.878543 0.882312 0.886081 0.889850 0.893618 0.897386 0.901154 0.904922 0.908689 0.912457 0.916224 0.919991 0.923758 0.927524 0.931291 0.935057 0.938823 0.942589 0.946355 0.950121 0.953887 0.957652 0.961418 0.965183 0.968949 0.972714 0.976479 0.980245 0.984010 0.987775 0.991540 0.995305 1.000000))
(time 0)
(channel alpha)
(curve
    (curve-type smooth)
    (n-points 17)
    (points 34 0.000000 0.000000 -1.000000 -1.000000 -1.000000 -1.000000 -1.000000 -1.000000 -1.000000 -1.000000 -1.000000 -1.000000 -1.000000 -1.000000 -1.000000 -1.000000 -1.000000 -1.000000 -1.000000 -1.000000 -1.000000 -1.000000 -1.000000 -1.000000 -1.000000 -1.000000 -1.000000 -1.000000 -1.000000 -1.000000 -1.000000 -1.000000 1.000000 1.000000)
    (n-samples 256)
    (samples 256 0.000000 0.003922 0.007843 0.011765 0.015686 0.019608 0.023529 0.027451 0.031373 0.035294 0.039216 0.043137 0.047059 0.050980 0.054902 0.058824 0.062745 0.066667 0.070588 0.074510 0.078431 0.082353 0.086275 0.090196 0.094118 0.098039 0.101961 0.105882 0.109804 0.113725 0.117647 0.121569 0.125490 0.129412 0.133333 0.137255 0.141176 0.145098 0.149020 0.152941 0.156863 0.160784 0.164706 0.168627 0.172549 0.176471 0.180392 0.184314 0.188235 0.192157 0.196078 0.200000 0.203922 0.207843 0.211765 0.215686 0.219608 0.223529 0.227451 0.231373 0.235294 0.239216 0.243137 0.247059 0.250980 0.254902 0.258824 0.262745 0.266667 0.270588 0.274510 0.278431 0.282353 0.286275 0.290196 0.294118 0.298039 0.301961 0.305882 0.309804 0.313725 0.317647 0.321569 0.325490 0.329412 0.333333 0.337255 0.341176 0.345098 0.349020 0.352941 0.356863 0.360784 0.364706 0.368627 0.372549 0.376471 0.380392 0.384314 0.388235 0.392157 0.396078 0.400000 0.403922 0.407843 0.411765 0.415686 0.419608 0.423529 0.427451 0.431373 0.435294 0.439216 0.443137 0.447059 0.450980 0.454902 0.458824 0.462745 0.466667 0.470588 0.474510 0.478431 0.482353 0.486275 0.490196 0.494118 0.498039 0.501961 0.505882 0.509804 0.513725 0.517647 0.521569 0.525490 0.529412 0.533333 0.537255 0.541176 0.545098 0.549020 0.552941 0.556863 0.560784 0.564706 0.568627 0.572549 0.576471 0.580392 0.584314 0.588235 0.592157 0.596078 0.600000 0.603922 0.607843 0.611765 0.615686 0.619608 0.623529 0.627451 0.631373 0.635294 0.639216 0.643137 0.647059 0.650980 0.654902 0.658824 0.662745 0.666667 0.670588 0.674510 0.678431 0.682353 0.686275 0.690196 0.694118 0.698039 0.701961 0.705882 0.709804 0.713725 0.717647 0.721569 0.725490 0.729412 0.733333 0.737255 0.741176 0.745098 0.749020 0.752941 0.756863 0.760784 0.764706 0.768627 0.772549 0.776471 0.780392 0.784314 0.788235 0.792157 0.796078 0.800000 0.803922 0.807843 0.811765 0.815686 0.819608 0.823529 0.827451 0.831373 0.835294 0.839216 0.843137 0.847059 0.850980 0.854902 0.858824 0.862745 0.866667 0.870588 0.874510 0.878431 0.882353 0.886275 0.890196 0.894118 0.898039 0.901961 0.905882 0.909804 0.913725 0.917647 0.921569 0.925490 0.929412 0.933333 0.937255 0.941176 0.945098 0.949020 0.952941 0.956863 0.960784 0.964706 0.968627 0.972549 0.976471 0.980392 0.984314 0.988235 0.992157 0.996078 1.000000))

# end of curves tool settings
