# GIMP curves tool settings

(time 0)
(channel value)
(curve
    (curve-type smooth)
    (n-points 17)
    (points 34 0.000000 0.000000 -1.000000 -1.000000 0.143293 0.351563 -1.000000 -1.000000 0.246951 0.718750 -1.000000 -1.000000 0.362805 0.902344 -1.000000 -1.000000 -1.000000 -1.000000 -1.000000 -1.000000 -1.000000 -1.000000 -1.000000 -1.000000 -1.000000 -1.000000 -1.000000 -1.000000 -1.000000 -1.000000 -1.000000 -1.000000 1.000000 1.000000)
    (n-samples 256)
    (samples 256 0.000000 0.008726 0.017456 0.026194 0.034944 0.043710 0.052496 0.061307 0.070146 0.079017 0.087924 0.096871 0.105863 0.114903 0.123995 0.133144 0.142353 0.151627 0.160969 0.170384 0.179875 0.189446 0.199102 0.208847 0.218685 0.228619 0.238654 0.248793 0.259041 0.269402 0.279880 0.290479 0.301202 0.312054 0.323039 0.334162 0.345425 0.351563 0.363308 0.375678 0.388618 0.402071 0.415981 0.430293 0.444949 0.459895 0.475074 0.490429 0.505905 0.521446 0.536995 0.552498 0.567896 0.583135 0.598159 0.612911 0.627335 0.641375 0.654975 0.668079 0.680632 0.692576 0.703856 0.718750 0.728504 0.738080 0.747472 0.756672 0.765671 0.774463 0.783038 0.791391 0.799512 0.807394 0.815030 0.822411 0.829531 0.836380 0.842952 0.849239 0.855233 0.860926 0.866311 0.871379 0.876123 0.880536 0.884610 0.888336 0.891708 0.894717 0.897355 0.899616 0.901491 0.902344 0.903800 0.905241 0.906666 0.908076 0.909470 0.910848 0.912211 0.913559 0.914892 0.916209 0.917512 0.918800 0.920073 0.921331 0.922575 0.923804 0.925019 0.926219 0.927406 0.928578 0.929737 0.930881 0.932012 0.933129 0.934232 0.935322 0.936399 0.937462 0.938512 0.939549 0.940573 0.941584 0.942582 0.943568 0.944541 0.945501 0.946449 0.947385 0.948308 0.949220 0.950119 0.951006 0.951882 0.952746 0.953598 0.954439 0.955268 0.956086 0.956893 0.957688 0.958473 0.959247 0.960009 0.960761 0.961503 0.962234 0.962954 0.963664 0.964364 0.965053 0.965733 0.966402 0.967062 0.967712 0.968352 0.968983 0.969604 0.970216 0.970819 0.971412 0.971997 0.972572 0.973139 0.973696 0.974246 0.974786 0.975318 0.975842 0.976357 0.976864 0.977363 0.977854 0.978337 0.978812 0.979280 0.979740 0.980193 0.980638 0.981075 0.981506 0.981930 0.982346 0.982756 0.983158 0.983554 0.983944 0.984326 0.984703 0.985073 0.985437 0.985795 0.986146 0.986492 0.986832 0.987166 0.987495 0.987818 0.988135 0.988447 0.988754 0.989056 0.989353 0.989645 0.989932 0.990214 0.990491 0.990764 0.991033 0.991297 0.991557 0.991813 0.992064 0.992312 0.992556 0.992796 0.993032 0.993265 0.993494 0.993720 0.993943 0.994162 0.994378 0.994592 0.994802 0.995010 0.995215 0.995417 0.995617 0.995814 0.996009 0.996202 0.996393 0.996582 0.996769 0.996954 0.997137 0.997319 0.997499 0.997678 0.997856 0.998032 0.998207 0.998381 0.998554 0.998727 0.998898 0.999069 0.999240 0.999410 0.999579 0.999749 1.000000))
(channel red)
(curve
    (curve-type smooth)
    (n-points 17)
    (points 34 0.000000 0.000000 -1.000000 -1.000000 -1.000000 -1.000000 -1.000000 -1.000000 -1.000000 -1.000000 -1.000000 -1.000000 -1.000000 -1.000000 0.411585 0.136719 -1.000000 -1.000000 -1.000000 -1.000000 -1.000000 -1.000000 -1.000000 -1.000000 -1.000000 -1.000000 -1.000000 -1.000000 -1.000000 -1.000000 -1.000000 -1.000000 1.000000 1.000000)
    (n-samples 256)
    (samples 256 0.000000 0.000000 0.000000 0.000000 0.000000 0.000000 0.000000 0.000000 0.000006 0.000025 0.000051 0.000083 0.000124 0.000173 0.000231 0.000299 0.000378 0.000468 0.000571 0.000686 0.000815 0.000958 0.001116 0.001290 0.001480 0.001687 0.001912 0.002156 0.002419 0.002702 0.003005 0.003330 0.003677 0.004047 0.004441 0.004858 0.005301 0.005769 0.006264 0.006786 0.007336 0.007914 0.008521 0.009159 0.009827 0.010526 0.011258 0.012022 0.012820 0.013652 0.014519 0.015422 0.016361 0.017337 0.018351 0.019403 0.020495 0.021627 0.022799 0.024013 0.025269 0.026567 0.027909 0.029295 0.030727 0.032204 0.033727 0.035297 0.036915 0.038582 0.040298 0.042063 0.043880 0.045748 0.047667 0.049640 0.051666 0.053746 0.055881 0.058072 0.060319 0.062624 0.064986 0.067406 0.069886 0.072426 0.075026 0.077687 0.080411 0.083197 0.086047 0.088961 0.091940 0.094985 0.098096 0.101274 0.104520 0.107834 0.111217 0.114671 0.118194 0.121790 0.125457 0.129197 0.133011 0.136719 0.140659 0.144635 0.148647 0.152695 0.156779 0.160899 0.165053 0.169243 0.173467 0.177725 0.182018 0.186344 0.190705 0.195098 0.199525 0.203985 0.208478 0.213003 0.217561 0.222150 0.226771 0.231424 0.236108 0.240822 0.245568 0.250344 0.255151 0.259987 0.264853 0.269749 0.274674 0.279629 0.284612 0.289623 0.294663 0.299731 0.304827 0.309950 0.315101 0.320279 0.325484 0.330715 0.335973 0.341257 0.346566 0.351902 0.357263 0.362649 0.368059 0.373495 0.378955 0.384439 0.389947 0.395479 0.401034 0.406612 0.412214 0.417838 0.423484 0.429153 0.434844 0.440556 0.446290 0.452045 0.457822 0.463618 0.469436 0.475274 0.481131 0.487009 0.492906 0.498823 0.504758 0.510712 0.516685 0.522676 0.528685 0.534712 0.540757 0.546819 0.552898 0.558994 0.565107 0.571236 0.577381 0.583541 0.589718 0.595910 0.602117 0.608339 0.614576 0.620827 0.627092 0.633371 0.639664 0.645970 0.652290 0.658622 0.664967 0.671325 0.677694 0.684076 0.690470 0.696875 0.703291 0.709718 0.716156 0.722604 0.729063 0.735532 0.742010 0.748498 0.754996 0.761502 0.768017 0.774541 0.781073 0.787613 0.794161 0.800717 0.807279 0.813849 0.820426 0.827010 0.833599 0.840195 0.846797 0.853404 0.860017 0.866635 0.873258 0.879885 0.886517 0.893153 0.899793 0.906436 0.913083 0.919733 0.926386 0.933042 0.939701 0.946361 0.953023 0.959688 0.966353 0.973020 0.979688 0.986357 0.993026 1.000000))
(channel green)
(curve
    (curve-type smooth)
    (n-points 17)
    (points 34 0.000000 0.000000 -1.000000 -1.000000 -1.000000 -1.000000 -1.000000 -1.000000 -1.000000 -1.000000 -1.000000 -1.000000 -1.000000 -1.000000 -1.000000 -1.000000 -1.000000 -1.000000 0.539634 0.398438 -1.000000 -1.000000 -1.000000 -1.000000 -1.000000 -1.000000 -1.000000 -1.000000 -1.000000 -1.000000 -1.000000 -1.000000 1.000000 1.000000)
    (n-samples 256)
    (samples 256 0.000000 0.002382 0.004765 0.007148 0.009531 0.011916 0.014300 0.016686 0.019073 0.021462 0.023851 0.026243 0.028636 0.031031 0.033428 0.035828 0.038230 0.040635 0.043042 0.045452 0.047865 0.050282 0.052702 0.055126 0.057553 0.059984 0.062420 0.064859 0.067303 0.069751 0.072205 0.074663 0.077126 0.079594 0.082068 0.084547 0.087032 0.089523 0.092019 0.094522 0.097031 0.099547 0.102070 0.104599 0.107135 0.109679 0.112229 0.114787 0.117353 0.119927 0.122509 0.125098 0.127696 0.130303 0.132918 0.135542 0.138175 0.140817 0.143468 0.146128 0.148798 0.151478 0.154168 0.156868 0.159578 0.162299 0.165030 0.167772 0.170525 0.173289 0.176064 0.178850 0.181648 0.184458 0.187279 0.190113 0.192959 0.195817 0.198688 0.201571 0.204467 0.207376 0.210299 0.213234 0.216183 0.219146 0.222123 0.225114 0.228118 0.231137 0.234171 0.237219 0.240282 0.243360 0.246453 0.249561 0.252685 0.255824 0.258980 0.262151 0.265338 0.268541 0.271761 0.274997 0.278251 0.281521 0.284808 0.288112 0.291434 0.294773 0.298130 0.301505 0.304898 0.308309 0.311739 0.315187 0.318654 0.322139 0.325644 0.329168 0.332711 0.336274 0.339856 0.343458 0.347080 0.350723 0.354385 0.358069 0.361772 0.365497 0.369243 0.373009 0.376797 0.380607 0.384438 0.388291 0.392165 0.396062 0.398438 0.402374 0.406342 0.410339 0.414367 0.418424 0.422511 0.426627 0.430771 0.434945 0.439146 0.443376 0.447634 0.451919 0.456232 0.460572 0.464938 0.469331 0.473751 0.478196 0.482667 0.487164 0.491686 0.496233 0.500804 0.505400 0.510020 0.514665 0.519332 0.524024 0.528738 0.533475 0.538235 0.543017 0.547822 0.552648 0.557495 0.562365 0.567255 0.572165 0.577097 0.582049 0.587020 0.592012 0.597023 0.602053 0.607102 0.612169 0.617256 0.622360 0.627482 0.632622 0.637779 0.642954 0.648145 0.653353 0.658577 0.663817 0.669074 0.674345 0.679632 0.684934 0.690251 0.695582 0.700927 0.706287 0.711660 0.717047 0.722447 0.727859 0.733285 0.738723 0.744173 0.749634 0.755108 0.760593 0.766089 0.771595 0.777113 0.782640 0.788178 0.793726 0.799283 0.804849 0.810424 0.816008 0.821601 0.827202 0.832810 0.838427 0.844051 0.849682 0.855320 0.860964 0.866615 0.872272 0.877935 0.883604 0.889278 0.894957 0.900641 0.906329 0.912022 0.917718 0.923419 0.929123 0.934830 0.940540 0.946253 0.951968 0.957686 0.963405 0.969126 0.974849 0.980573 0.986297 0.992023 1.000000))
(channel blue)
(curve
    (curve-type free)
    (n-points 17)
    (points 34 0.000000 0.000000 -1.000000 -1.000000 0.121569 0.077583 -1.000000 -1.000000 0.247059 0.169784 -1.000000 -1.000000 0.372549 0.285488 -1.000000 -1.000000 0.498039 0.417283 -1.000000 -1.000000 0.623529 0.556386 -1.000000 -1.000000 0.749020 0.700973 -1.000000 -1.000000 0.874510 0.849219 -1.000000 -1.000000 1.000000 1.000000)
    (n-samples 256)
    (samples 256 0.000000 0.002407 0.004814 0.007222 0.009632 0.012045 0.014461 0.016880 0.019303 0.021731 0.024165 0.026605 0.029051 0.031504 0.033966 0.036435 0.038914 0.041402 0.043901 0.046410 0.048931 0.051463 0.054009 0.056567 0.059139 0.061726 0.064328 0.066945 0.069579 0.072229 0.074897 0.077583 0.080278 0.082975 0.085674 0.088377 0.091084 0.093797 0.096516 0.099244 0.101980 0.104726 0.107483 0.110252 0.113034 0.115830 0.118642 0.121469 0.124314 0.127177 0.130060 0.132963 0.135888 0.138835 0.141806 0.144802 0.147823 0.150871 0.153948 0.157053 0.160188 0.163354 0.166553 0.169784 0.173048 0.176341 0.179663 0.183013 0.186390 0.189794 0.193225 0.196681 0.200161 0.203666 0.207194 0.210745 0.214318 0.217912 0.221527 0.225162 0.228816 0.232489 0.236180 0.239888 0.243613 0.247354 0.251110 0.254880 0.258665 0.262462 0.266273 0.270095 0.273928 0.277772 0.281626 0.285488 0.289368 0.293270 0.297196 0.301143 0.305111 0.309100 0.313108 0.317134 0.321179 0.325241 0.329318 0.333412 0.337520 0.341641 0.345776 0.349923 0.354082 0.358251 0.362430 0.366618 0.370814 0.375017 0.379227 0.383443 0.387664 0.391889 0.396118 0.400349 0.404582 0.408816 0.413050 0.417283 0.421520 0.425766 0.430021 0.434284 0.438555 0.442834 0.447121 0.451416 0.455719 0.460029 0.464346 0.468670 0.473002 0.477340 0.481684 0.486035 0.490392 0.494756 0.499125 0.503500 0.507880 0.512266 0.516657 0.521054 0.525455 0.529861 0.534271 0.538686 0.543105 0.547528 0.551955 0.556386 0.560822 0.565266 0.569716 0.574172 0.578635 0.583105 0.587580 0.592062 0.596549 0.601042 0.605540 0.610044 0.614553 0.619067 0.623585 0.628108 0.632636 0.637168 0.641704 0.646244 0.650788 0.655336 0.659886 0.664441 0.668998 0.673558 0.678122 0.682687 0.687255 0.691826 0.696399 0.700973 0.705551 0.710133 0.714720 0.719312 0.723907 0.728507 0.733110 0.737718 0.742329 0.746945 0.751563 0.756186 0.760812 0.765441 0.770073 0.774709 0.779347 0.783989 0.788633 0.793280 0.797930 0.802582 0.807237 0.811893 0.816552 0.821214 0.825877 0.830542 0.835209 0.839877 0.844547 0.849219 0.853893 0.858571 0.863252 0.867936 0.872624 0.877315 0.882009 0.886706 0.891406 0.896108 0.900813 0.905520 0.910230 0.914942 0.919656 0.924372 0.929089 0.933809 0.938530 0.943253 0.947977 0.952702 0.957429 0.962156 0.966885 0.971614 0.976344 0.981074 0.985805 0.990537 0.995268 1.000000))
(channel alpha)
(curve
    (curve-type smooth)
    (n-points 17)
    (points 34 0.000000 0.000000 -1.000000 -1.000000 -1.000000 -1.000000 -1.000000 -1.000000 -1.000000 -1.000000 -1.000000 -1.000000 -1.000000 -1.000000 -1.000000 -1.000000 -1.000000 -1.000000 -1.000000 -1.000000 -1.000000 -1.000000 -1.000000 -1.000000 -1.000000 -1.000000 -1.000000 -1.000000 -1.000000 -1.000000 -1.000000 -1.000000 1.000000 1.000000)
    (n-samples 256)
    (samples 256 0.000000 0.003922 0.007843 0.011765 0.015686 0.019608 0.023529 0.027451 0.031373 0.035294 0.039216 0.043137 0.047059 0.050980 0.054902 0.058824 0.062745 0.066667 0.070588 0.074510 0.078431 0.082353 0.086275 0.090196 0.094118 0.098039 0.101961 0.105882 0.109804 0.113725 0.117647 0.121569 0.125490 0.129412 0.133333 0.137255 0.141176 0.145098 0.149020 0.152941 0.156863 0.160784 0.164706 0.168627 0.172549 0.176471 0.180392 0.184314 0.188235 0.192157 0.196078 0.200000 0.203922 0.207843 0.211765 0.215686 0.219608 0.223529 0.227451 0.231373 0.235294 0.239216 0.243137 0.247059 0.250980 0.254902 0.258824 0.262745 0.266667 0.270588 0.274510 0.278431 0.282353 0.286275 0.290196 0.294118 0.298039 0.301961 0.305882 0.309804 0.313725 0.317647 0.321569 0.325490 0.329412 0.333333 0.337255 0.341176 0.345098 0.349020 0.352941 0.356863 0.360784 0.364706 0.368627 0.372549 0.376471 0.380392 0.384314 0.388235 0.392157 0.396078 0.400000 0.403922 0.407843 0.411765 0.415686 0.419608 0.423529 0.427451 0.431373 0.435294 0.439216 0.443137 0.447059 0.450980 0.454902 0.458824 0.462745 0.466667 0.470588 0.474510 0.478431 0.482353 0.486275 0.490196 0.494118 0.498039 0.501961 0.505882 0.509804 0.513725 0.517647 0.521569 0.525490 0.529412 0.533333 0.537255 0.541176 0.545098 0.549020 0.552941 0.556863 0.560784 0.564706 0.568627 0.572549 0.576471 0.580392 0.584314 0.588235 0.592157 0.596078 0.600000 0.603922 0.607843 0.611765 0.615686 0.619608 0.623529 0.627451 0.631373 0.635294 0.639216 0.643137 0.647059 0.650980 0.654902 0.658824 0.662745 0.666667 0.670588 0.674510 0.678431 0.682353 0.686275 0.690196 0.694118 0.698039 0.701961 0.705882 0.709804 0.713725 0.717647 0.721569 0.725490 0.729412 0.733333 0.737255 0.741176 0.745098 0.749020 0.752941 0.756863 0.760784 0.764706 0.768627 0.772549 0.776471 0.780392 0.784314 0.788235 0.792157 0.796078 0.800000 0.803922 0.807843 0.811765 0.815686 0.819608 0.823529 0.827451 0.831373 0.835294 0.839216 0.843137 0.847059 0.850980 0.854902 0.858824 0.862745 0.866667 0.870588 0.874510 0.878431 0.882353 0.886275 0.890196 0.894118 0.898039 0.901961 0.905882 0.909804 0.913725 0.917647 0.921569 0.925490 0.929412 0.933333 0.937255 0.941176 0.945098 0.949020 0.952941 0.956863 0.960784 0.964706 0.968627 0.972549 0.976471 0.980392 0.984314 0.988235 0.992157 0.996078 1.000000))

# end of curves tool settings
