# GIMP curves tool settings

(time 0)
(channel value)
(curve
    (curve-type smooth)
    (n-points 17)
    (points 34 0.000000 0.000000 -1.000000 -1.000000 -1.000000 -1.000000 -1.000000 -1.000000 -1.000000 -1.000000 -1.000000 -1.000000 0.369697 0.262548 -1.000000 -1.000000 -1.000000 -1.000000 -1.000000 -1.000000 -1.000000 -1.000000 -1.000000 -1.000000 -1.000000 -1.000000 -1.000000 -1.000000 -1.000000 -1.000000 -1.000000 -1.000000 1.000000 1.000000)
    (n-samples 256)
    (samples 256 0.000000 0.002217 0.004434 0.006652 0.008871 0.011091 0.013314 0.015539 0.017766 0.019997 0.022231 0.024469 0.026711 0.028958 0.031209 0.033466 0.035729 0.037998 0.040273 0.042556 0.044845 0.047143 0.049448 0.051762 0.054085 0.056417 0.058758 0.061109 0.063471 0.065844 0.068227 0.070623 0.073030 0.075449 0.077881 0.080326 0.082784 0.085257 0.087743 0.090244 0.092760 0.095292 0.097839 0.100402 0.102982 0.105578 0.108192 0.110824 0.113473 0.116141 0.118828 0.121534 0.124259 0.127005 0.129770 0.132557 0.135364 0.138194 0.141045 0.143918 0.146814 0.149732 0.152675 0.155641 0.158631 0.161646 0.164685 0.167751 0.170841 0.173958 0.177101 0.180272 0.183469 0.186694 0.189947 0.193228 0.196539 0.199878 0.203247 0.206646 0.210075 0.213535 0.217026 0.220548 0.224102 0.227689 0.231308 0.234960 0.238645 0.242364 0.246118 0.249905 0.253728 0.257586 0.262548 0.266476 0.270416 0.274369 0.278333 0.282310 0.286299 0.290300 0.294312 0.298337 0.302373 0.306421 0.310481 0.314552 0.318634 0.322728 0.326833 0.330950 0.335077 0.339216 0.343365 0.347525 0.351697 0.355879 0.360071 0.364274 0.368488 0.372712 0.376947 0.381191 0.385446 0.389711 0.393987 0.398272 0.402567 0.406871 0.411186 0.415510 0.419844 0.424187 0.428540 0.432902 0.437273 0.441653 0.446043 0.450442 0.454849 0.459266 0.463691 0.468125 0.472568 0.477019 0.481479 0.485947 0.490423 0.494908 0.499401 0.503902 0.508411 0.512928 0.517453 0.521986 0.526526 0.531074 0.535630 0.540193 0.544763 0.549341 0.553926 0.558519 0.563118 0.567724 0.572338 0.576958 0.581585 0.586219 0.590859 0.595506 0.600159 0.604819 0.609485 0.614158 0.618836 0.623521 0.628212 0.632908 0.637611 0.642319 0.647033 0.651753 0.656478 0.661208 0.665944 0.670686 0.675432 0.680184 0.684941 0.689703 0.694470 0.699241 0.704018 0.708799 0.713585 0.718375 0.723170 0.727969 0.732772 0.737580 0.742392 0.747208 0.752028 0.756852 0.761679 0.766511 0.771346 0.776185 0.781027 0.785873 0.790722 0.795575 0.800431 0.805290 0.810152 0.815017 0.819884 0.824755 0.829629 0.834505 0.839384 0.844265 0.849149 0.854035 0.858923 0.863814 0.868707 0.873602 0.878499 0.883398 0.888298 0.893201 0.898105 0.903010 0.907918 0.912826 0.917736 0.922648 0.927560 0.932474 0.937389 0.942305 0.947221 0.952139 0.957057 0.961976 0.966895 0.971815 0.976736 0.981657 0.986578 0.991499 0.996421 1.000000))
(channel red)
(curve
    (curve-type smooth)
    (n-points 17)
    (points 34 0.000000 0.000000 -1.000000 -1.000000 -1.000000 -1.000000 -1.000000 -1.000000 -1.000000 -1.000000 -1.000000 -1.000000 0.363636 0.289575 -1.000000 -1.000000 0.503030 0.868726 -1.000000 -1.000000 -1.000000 -1.000000 -1.000000 -1.000000 -1.000000 -1.000000 -1.000000 -1.000000 -1.000000 -1.000000 -1.000000 -1.000000 1.000000 1.000000)
    (n-samples 256)
    (samples 256 0.000000 0.001298 0.002598 0.003900 0.005206 0.006517 0.007834 0.009159 0.010493 0.011837 0.013193 0.014561 0.015943 0.017341 0.018755 0.020187 0.021638 0.023110 0.024603 0.026119 0.027659 0.029225 0.030817 0.032438 0.034087 0.035768 0.037480 0.039225 0.041005 0.042820 0.044672 0.046562 0.048492 0.050463 0.052475 0.054531 0.056632 0.058778 0.060972 0.063214 0.065505 0.067847 0.070242 0.072690 0.075193 0.077752 0.080368 0.083043 0.085778 0.088573 0.091432 0.094353 0.097340 0.100393 0.103514 0.106703 0.109962 0.113293 0.116696 0.120173 0.123725 0.127353 0.131060 0.134845 0.138710 0.142657 0.146687 0.150800 0.154999 0.159285 0.163658 0.168121 0.172674 0.177319 0.182056 0.186888 0.191816 0.196840 0.201962 0.207183 0.212506 0.217930 0.223457 0.229088 0.234825 0.240670 0.246622 0.252684 0.258857 0.265142 0.271540 0.278052 0.284681 0.289575 0.297202 0.306468 0.317273 0.329514 0.343090 0.357898 0.373838 0.390807 0.408703 0.427425 0.446871 0.466939 0.487527 0.508534 0.529857 0.551395 0.573046 0.594709 0.616281 0.637661 0.658746 0.679436 0.699628 0.719221 0.738112 0.756201 0.773384 0.789561 0.804629 0.818488 0.831034 0.842166 0.851782 0.859782 0.868726 0.873064 0.877324 0.881507 0.885611 0.889640 0.893592 0.897469 0.901271 0.904999 0.908654 0.912235 0.915745 0.919183 0.922549 0.925846 0.929073 0.932230 0.935319 0.938340 0.941294 0.944182 0.947003 0.949759 0.952450 0.955077 0.957640 0.960141 0.962579 0.964956 0.967272 0.969527 0.971723 0.973859 0.975937 0.977957 0.979920 0.981826 0.983676 0.985470 0.987210 0.988896 0.990528 0.992108 0.993635 0.995110 0.996535 0.997909 0.999233 1.000000 1.000000 1.000000 1.000000 1.000000 1.000000 1.000000 1.000000 1.000000 1.000000 1.000000 1.000000 1.000000 1.000000 1.000000 1.000000 1.000000 1.000000 1.000000 1.000000 1.000000 1.000000 1.000000 1.000000 1.000000 1.000000 1.000000 1.000000 1.000000 1.000000 1.000000 1.000000 1.000000 1.000000 1.000000 1.000000 1.000000 1.000000 1.000000 1.000000 1.000000 1.000000 1.000000 1.000000 1.000000 1.000000 1.000000 1.000000 1.000000 1.000000 1.000000 1.000000 1.000000 1.000000 1.000000 1.000000 1.000000 1.000000 1.000000 1.000000 1.000000 1.000000 1.000000 1.000000 1.000000 1.000000 1.000000 1.000000 1.000000 1.000000 1.000000 1.000000 1.000000 1.000000 1.000000 1.000000 1.000000 1.000000 1.000000))
(channel green)
(curve
    (curve-type smooth)
    (n-points 17)
    (points 34 0.000000 0.000000 -1.000000 -1.000000 -1.000000 -1.000000 -1.000000 -1.000000 -1.000000 -1.000000 -1.000000 -1.000000 -1.000000 -1.000000 -1.000000 -1.000000 -1.000000 -1.000000 -1.000000 -1.000000 -1.000000 -1.000000 0.706061 0.722008 -1.000000 -1.000000 -1.000000 -1.000000 -1.000000 -1.000000 -1.000000 -1.000000 1.000000 1.000000)
    (n-samples 256)
    (samples 256 0.000000 0.004054 0.008109 0.012163 0.016218 0.020272 0.024326 0.028381 0.032435 0.036489 0.040543 0.044597 0.048651 0.052705 0.056758 0.060812 0.064865 0.068919 0.072972 0.077025 0.081078 0.085130 0.089183 0.093235 0.097287 0.101339 0.105391 0.109443 0.113494 0.117545 0.121596 0.125647 0.129697 0.133747 0.137797 0.141846 0.145896 0.149945 0.153993 0.158042 0.162090 0.166137 0.170185 0.174232 0.178278 0.182325 0.186371 0.190416 0.194461 0.198506 0.202551 0.206595 0.210638 0.214681 0.218724 0.222766 0.226808 0.230849 0.234890 0.238931 0.242971 0.247010 0.251049 0.255087 0.259125 0.263163 0.267199 0.271236 0.275272 0.279307 0.283341 0.287375 0.291409 0.295442 0.299474 0.303506 0.307537 0.311567 0.315597 0.319626 0.323655 0.327683 0.331710 0.335736 0.339762 0.343787 0.347812 0.351836 0.355859 0.359881 0.363903 0.367923 0.371944 0.375963 0.379981 0.383999 0.388016 0.392033 0.396048 0.400063 0.404077 0.408090 0.412102 0.416113 0.420124 0.424133 0.428142 0.432150 0.436157 0.440163 0.444169 0.448173 0.452177 0.456179 0.460181 0.464181 0.468181 0.472180 0.476178 0.480175 0.484171 0.488165 0.492159 0.496152 0.500144 0.504135 0.508125 0.512114 0.516102 0.520088 0.524074 0.528059 0.532042 0.536025 0.540006 0.543986 0.547966 0.551944 0.555921 0.559896 0.563871 0.567845 0.571817 0.575788 0.579758 0.583727 0.587695 0.591661 0.595626 0.599590 0.603553 0.607515 0.611475 0.615434 0.619392 0.623349 0.627304 0.631258 0.635211 0.639162 0.643113 0.647061 0.651009 0.654955 0.658900 0.662844 0.666786 0.670727 0.674666 0.678604 0.682541 0.686476 0.690410 0.694342 0.698273 0.702203 0.706131 0.710058 0.713983 0.717907 0.722008 0.725925 0.729834 0.733735 0.737627 0.741511 0.745388 0.749257 0.753117 0.756971 0.760817 0.764655 0.768486 0.772310 0.776127 0.779937 0.783740 0.787537 0.791327 0.795110 0.798887 0.802658 0.806423 0.810182 0.813935 0.817682 0.821423 0.825159 0.828889 0.832614 0.836334 0.840049 0.843758 0.847463 0.851163 0.854859 0.858550 0.862236 0.865918 0.869596 0.873270 0.876940 0.880606 0.884268 0.887927 0.891582 0.895234 0.898882 0.902527 0.906169 0.909809 0.913445 0.917079 0.920710 0.924338 0.927965 0.931589 0.935210 0.938830 0.942448 0.946064 0.949678 0.953291 0.956902 0.960512 0.964121 0.967728 0.971335 0.974940 0.978545 0.982149 0.985753 0.989356 0.992959 0.996561 1.000000))
(channel blue)
(curve
    (curve-type smooth)
    (n-points 17)
    (points 34 0.000000 0.000000 -1.000000 -1.000000 -1.000000 -1.000000 -1.000000 -1.000000 0.275758 0.359073 -1.000000 -1.000000 -1.000000 -1.000000 -1.000000 -1.000000 -1.000000 -1.000000 0.569697 0.664093 -1.000000 -1.000000 -1.000000 -1.000000 -1.000000 -1.000000 -1.000000 -1.000000 -1.000000 -1.000000 -1.000000 -1.000000 1.000000 1.000000)
    (n-samples 256)
    (samples 256 0.000000 0.005374 0.010747 0.016120 0.021492 0.026863 0.032232 0.037599 0.042964 0.048326 0.053685 0.059041 0.064394 0.069742 0.075087 0.080426 0.085761 0.091091 0.096415 0.101734 0.107046 0.112352 0.117651 0.122942 0.128227 0.133503 0.138771 0.144031 0.149283 0.154525 0.159757 0.164980 0.170193 0.175396 0.180587 0.185768 0.190937 0.196095 0.201241 0.206374 0.211495 0.216602 0.221697 0.226778 0.231844 0.236897 0.241935 0.246958 0.251965 0.256958 0.261934 0.266894 0.271837 0.276764 0.281673 0.286565 0.291439 0.296295 0.301132 0.305950 0.310750 0.315529 0.320289 0.325029 0.329749 0.334447 0.339125 0.343781 0.348415 0.353028 0.359073 0.363639 0.368194 0.372738 0.377271 0.381793 0.386303 0.390802 0.395290 0.399765 0.404229 0.408681 0.413122 0.417550 0.421966 0.426370 0.430761 0.435140 0.439506 0.443860 0.448201 0.452529 0.456844 0.461146 0.465435 0.469711 0.473973 0.478221 0.482456 0.486678 0.490885 0.495079 0.499258 0.503424 0.507575 0.511712 0.515834 0.519942 0.524036 0.528114 0.532178 0.536227 0.540260 0.544279 0.548282 0.552270 0.556243 0.560200 0.564141 0.568066 0.571976 0.575869 0.579747 0.583608 0.587453 0.591282 0.595094 0.598889 0.602668 0.606430 0.610175 0.613903 0.617614 0.621308 0.624984 0.628643 0.632284 0.635908 0.639514 0.643102 0.646672 0.650225 0.653758 0.657274 0.660772 0.664093 0.667558 0.671011 0.674454 0.677886 0.681307 0.684718 0.688117 0.691507 0.694886 0.698255 0.701613 0.704962 0.708300 0.711629 0.714948 0.718257 0.721557 0.724847 0.728128 0.731400 0.734663 0.737916 0.741161 0.744396 0.747623 0.750842 0.754052 0.757253 0.760446 0.763631 0.766807 0.769976 0.773137 0.776290 0.779435 0.782572 0.785703 0.788825 0.791940 0.795049 0.798150 0.801244 0.804331 0.807411 0.810485 0.813552 0.816612 0.819666 0.822714 0.825756 0.828791 0.831821 0.834844 0.837862 0.840874 0.843881 0.846882 0.849878 0.852868 0.855854 0.858834 0.861809 0.864780 0.867745 0.870706 0.873663 0.876615 0.879562 0.882506 0.885445 0.888380 0.891311 0.894239 0.897162 0.900082 0.902999 0.905912 0.908821 0.911728 0.914631 0.917531 0.920429 0.923323 0.926215 0.929104 0.931991 0.934875 0.937757 0.940637 0.943514 0.946390 0.949263 0.952135 0.955005 0.957874 0.960741 0.963607 0.966471 0.969334 0.972196 0.975057 0.977917 0.980777 0.983636 0.986494 0.989351 0.992209 0.995066 0.997922 1.000000))
(channel alpha)
(curve
    (curve-type smooth)
    (n-points 17)
    (points 34 0.000000 0.000000 -1.000000 -1.000000 -1.000000 -1.000000 -1.000000 -1.000000 -1.000000 -1.000000 -1.000000 -1.000000 -1.000000 -1.000000 -1.000000 -1.000000 -1.000000 -1.000000 -1.000000 -1.000000 -1.000000 -1.000000 -1.000000 -1.000000 -1.000000 -1.000000 -1.000000 -1.000000 -1.000000 -1.000000 -1.000000 -1.000000 1.000000 1.000000)
    (n-samples 256)
    (samples 256 0.000000 0.003922 0.007843 0.011765 0.015686 0.019608 0.023529 0.027451 0.031373 0.035294 0.039216 0.043137 0.047059 0.050980 0.054902 0.058824 0.062745 0.066667 0.070588 0.074510 0.078431 0.082353 0.086275 0.090196 0.094118 0.098039 0.101961 0.105882 0.109804 0.113725 0.117647 0.121569 0.125490 0.129412 0.133333 0.137255 0.141176 0.145098 0.149020 0.152941 0.156863 0.160784 0.164706 0.168627 0.172549 0.176471 0.180392 0.184314 0.188235 0.192157 0.196078 0.200000 0.203922 0.207843 0.211765 0.215686 0.219608 0.223529 0.227451 0.231373 0.235294 0.239216 0.243137 0.247059 0.250980 0.254902 0.258824 0.262745 0.266667 0.270588 0.274510 0.278431 0.282353 0.286275 0.290196 0.294118 0.298039 0.301961 0.305882 0.309804 0.313725 0.317647 0.321569 0.325490 0.329412 0.333333 0.337255 0.341176 0.345098 0.349020 0.352941 0.356863 0.360784 0.364706 0.368627 0.372549 0.376471 0.380392 0.384314 0.388235 0.392157 0.396078 0.400000 0.403922 0.407843 0.411765 0.415686 0.419608 0.423529 0.427451 0.431373 0.435294 0.439216 0.443137 0.447059 0.450980 0.454902 0.458824 0.462745 0.466667 0.470588 0.474510 0.478431 0.482353 0.486275 0.490196 0.494118 0.498039 0.501961 0.505882 0.509804 0.513725 0.517647 0.521569 0.525490 0.529412 0.533333 0.537255 0.541176 0.545098 0.549020 0.552941 0.556863 0.560784 0.564706 0.568627 0.572549 0.576471 0.580392 0.584314 0.588235 0.592157 0.596078 0.600000 0.603922 0.607843 0.611765 0.615686 0.619608 0.623529 0.627451 0.631373 0.635294 0.639216 0.643137 0.647059 0.650980 0.654902 0.658824 0.662745 0.666667 0.670588 0.674510 0.678431 0.682353 0.686275 0.690196 0.694118 0.698039 0.701961 0.705882 0.709804 0.713725 0.717647 0.721569 0.725490 0.729412 0.733333 0.737255 0.741176 0.745098 0.749020 0.752941 0.756863 0.760784 0.764706 0.768627 0.772549 0.776471 0.780392 0.784314 0.788235 0.792157 0.796078 0.800000 0.803922 0.807843 0.811765 0.815686 0.819608 0.823529 0.827451 0.831373 0.835294 0.839216 0.843137 0.847059 0.850980 0.854902 0.858824 0.862745 0.866667 0.870588 0.874510 0.878431 0.882353 0.886275 0.890196 0.894118 0.898039 0.901961 0.905882 0.909804 0.913725 0.917647 0.921569 0.925490 0.929412 0.933333 0.937255 0.941176 0.945098 0.949020 0.952941 0.956863 0.960784 0.964706 0.968627 0.972549 0.976471 0.980392 0.984314 0.988235 0.992157 0.996078 1.000000))

# end of curves tool settings
