# GIMP curves tool settings

(time 0)
(channel value)
(curve
    (curve-type smooth)
    (n-points 17)
    (points 34 0.000000 0.000000 -1.000000 -1.000000 -1.000000 -1.000000 -1.000000 -1.000000 0.240854 0.173585 -1.000000 -1.000000 -1.000000 -1.000000 -1.000000 -1.000000 -1.000000 -1.000000 -1.000000 -1.000000 -1.000000 -1.000000 -1.000000 -1.000000 -1.000000 -1.000000 -1.000000 -1.000000 -1.000000 -1.000000 -1.000000 -1.000000 1.000000 1.000000)
    (n-samples 256)
    (samples 256 0.000000 0.002279 0.004558 0.006840 0.009124 0.011411 0.013703 0.016000 0.018304 0.020614 0.022932 0.025259 0.027595 0.029942 0.032300 0.034670 0.037053 0.039451 0.041863 0.044290 0.046735 0.049197 0.051677 0.054176 0.056695 0.059235 0.061797 0.064382 0.066990 0.069622 0.072280 0.074964 0.077675 0.080413 0.083181 0.085978 0.088806 0.091664 0.094556 0.097480 0.100438 0.103431 0.106460 0.109525 0.112628 0.115769 0.118950 0.122170 0.125432 0.128735 0.132081 0.135470 0.138904 0.142383 0.145909 0.149481 0.153101 0.156770 0.160489 0.164258 0.168079 0.173585 0.177509 0.181439 0.185374 0.189314 0.193259 0.197210 0.201166 0.205127 0.209094 0.213065 0.217042 0.221023 0.225010 0.229002 0.232999 0.237000 0.241007 0.245019 0.249035 0.253056 0.257082 0.261113 0.265149 0.269189 0.273235 0.277284 0.281339 0.285398 0.289462 0.293530 0.297603 0.301680 0.305762 0.309849 0.313939 0.318035 0.322134 0.326238 0.330347 0.334459 0.338576 0.342697 0.346822 0.350952 0.355086 0.359223 0.363365 0.367511 0.371661 0.375815 0.379973 0.384135 0.388301 0.392471 0.396645 0.400823 0.405004 0.409189 0.413378 0.417571 0.421767 0.425968 0.430171 0.434379 0.438590 0.442804 0.447023 0.451244 0.455470 0.459698 0.463930 0.468166 0.472405 0.476647 0.480892 0.485141 0.489393 0.493649 0.497907 0.502169 0.506434 0.510702 0.514973 0.519248 0.523525 0.527805 0.532089 0.536375 0.540664 0.544956 0.549251 0.553549 0.557850 0.562153 0.566460 0.570769 0.575080 0.579395 0.583712 0.588031 0.592354 0.596679 0.601006 0.605336 0.609668 0.614003 0.618341 0.622680 0.627022 0.631367 0.635714 0.640063 0.644414 0.648768 0.653124 0.657482 0.661842 0.666204 0.670568 0.674935 0.679303 0.683674 0.688046 0.692421 0.696797 0.701176 0.705556 0.709938 0.714322 0.718708 0.723095 0.727484 0.731875 0.736268 0.740662 0.745058 0.749455 0.753854 0.758255 0.762657 0.767061 0.771466 0.775872 0.780280 0.784690 0.789100 0.793512 0.797926 0.802340 0.806756 0.811173 0.815591 0.820010 0.824431 0.828852 0.833275 0.837699 0.842123 0.846549 0.850976 0.855403 0.859832 0.864261 0.868691 0.873122 0.877554 0.881987 0.886420 0.890854 0.895289 0.899724 0.904160 0.908597 0.913034 0.917472 0.921910 0.926349 0.930788 0.935228 0.939668 0.944108 0.948549 0.952990 0.957432 0.961873 0.966315 0.970757 0.975200 0.979642 0.984085 0.988527 0.992970 0.997413 1.000000))
(channel red)
(curve
    (curve-type smooth)
    (n-points 17)
    (points 34 0.000000 0.000000 -1.000000 -1.000000 -1.000000 -1.000000 -1.000000 -1.000000 0.280488 0.128302 -1.000000 -1.000000 -1.000000 -1.000000 -1.000000 -1.000000 -1.000000 -1.000000 -1.000000 -1.000000 -1.000000 -1.000000 -1.000000 -1.000000 -1.000000 -1.000000 -1.000000 -1.000000 -1.000000 -1.000000 -1.000000 -1.000000 1.000000 1.000000)
    (n-samples 256)
    (samples 256 0.000000 0.000730 0.001462 0.002195 0.002933 0.003676 0.004425 0.005181 0.005946 0.006721 0.007507 0.008306 0.009119 0.009946 0.010790 0.011651 0.012531 0.013431 0.014352 0.015295 0.016263 0.017255 0.018273 0.019319 0.020394 0.021498 0.022634 0.023802 0.025004 0.026240 0.027513 0.028824 0.030173 0.031562 0.032992 0.034464 0.035981 0.037542 0.039149 0.040804 0.042507 0.044261 0.046065 0.047922 0.049833 0.051798 0.053820 0.055899 0.058036 0.060234 0.062492 0.064813 0.067198 0.069648 0.072163 0.074747 0.077398 0.080120 0.082913 0.085778 0.088716 0.091730 0.094820 0.097987 0.101232 0.104558 0.107964 0.111453 0.115026 0.118683 0.122427 0.126258 0.128302 0.132230 0.136172 0.140127 0.144096 0.148078 0.152073 0.156081 0.160102 0.164136 0.168183 0.172243 0.176316 0.180401 0.184499 0.188610 0.192733 0.196868 0.201015 0.205175 0.209347 0.213531 0.217727 0.221935 0.226155 0.230387 0.234630 0.238885 0.243152 0.247430 0.251719 0.256020 0.260332 0.264656 0.268990 0.273336 0.277692 0.282059 0.286438 0.290827 0.295226 0.299636 0.304057 0.308488 0.312930 0.317382 0.321844 0.326316 0.330799 0.335291 0.339793 0.344306 0.348828 0.353359 0.357901 0.362452 0.367012 0.371582 0.376161 0.380750 0.385347 0.389954 0.394570 0.399195 0.403829 0.408471 0.413123 0.417783 0.422451 0.427128 0.431814 0.436508 0.441210 0.445921 0.450640 0.455367 0.460101 0.464844 0.469595 0.474353 0.479119 0.483893 0.488675 0.493464 0.498260 0.503064 0.507875 0.512693 0.517518 0.522350 0.527190 0.532036 0.536889 0.541749 0.546616 0.551489 0.556368 0.561255 0.566147 0.571046 0.575951 0.580862 0.585780 0.590703 0.595633 0.600568 0.605509 0.610456 0.615408 0.620366 0.625330 0.630298 0.635273 0.640252 0.645237 0.650227 0.655222 0.660222 0.665227 0.670237 0.675251 0.680270 0.685294 0.690322 0.695355 0.700392 0.705434 0.710480 0.715530 0.720584 0.725642 0.730704 0.735770 0.740839 0.745913 0.750990 0.756071 0.761155 0.766243 0.771334 0.776428 0.781525 0.786626 0.791730 0.796836 0.801946 0.807058 0.812174 0.817292 0.822412 0.827535 0.832661 0.837789 0.842919 0.848052 0.853186 0.858323 0.863462 0.868603 0.873745 0.878890 0.884036 0.889184 0.894334 0.899485 0.904637 0.909791 0.914946 0.920102 0.925260 0.930418 0.935578 0.940738 0.945900 0.951062 0.956225 0.961388 0.966552 0.971716 0.976881 0.982046 0.987212 0.992377 1.000000))
(channel green)
(curve
    (curve-type smooth)
    (n-points 17)
    (points 34 0.000000 0.000000 -1.000000 -1.000000 -1.000000 -1.000000 -1.000000 -1.000000 -1.000000 -1.000000 -1.000000 -1.000000 -1.000000 -1.000000 -1.000000 -1.000000 -1.000000 -1.000000 -1.000000 -1.000000 0.640244 0.720755 -1.000000 -1.000000 -1.000000 -1.000000 -1.000000 -1.000000 -1.000000 -1.000000 -1.000000 -1.000000 1.000000 1.000000)
    (n-samples 256)
    (samples 256 0.000000 0.004661 0.009322 0.013984 0.018645 0.023305 0.027966 0.032626 0.037285 0.041945 0.046604 0.051262 0.055919 0.060576 0.065232 0.069888 0.074543 0.079196 0.083849 0.088501 0.093152 0.097801 0.102450 0.107097 0.111743 0.116387 0.121031 0.125672 0.130313 0.134951 0.139589 0.144224 0.148858 0.153490 0.158120 0.162748 0.167374 0.171999 0.176621 0.181241 0.185859 0.190475 0.195088 0.199699 0.204308 0.208914 0.213518 0.218120 0.222718 0.227314 0.231907 0.236498 0.241086 0.245670 0.250252 0.254831 0.259407 0.263980 0.268549 0.273115 0.277678 0.282238 0.286794 0.291347 0.295897 0.300442 0.304985 0.309523 0.314058 0.318589 0.323116 0.327640 0.332159 0.336675 0.341186 0.345693 0.350196 0.354695 0.359190 0.363680 0.368166 0.372647 0.377124 0.381597 0.386064 0.390527 0.394986 0.399439 0.403888 0.408332 0.412771 0.417205 0.421634 0.426058 0.430477 0.434890 0.439298 0.443701 0.448098 0.452491 0.456877 0.461258 0.465633 0.470003 0.474367 0.478725 0.483078 0.487424 0.491765 0.496099 0.500428 0.504750 0.509067 0.513377 0.517680 0.521978 0.526269 0.530553 0.534832 0.539103 0.543368 0.547626 0.551878 0.556123 0.560361 0.564592 0.568816 0.573033 0.577244 0.581447 0.585642 0.589831 0.594012 0.598187 0.602353 0.606512 0.610664 0.614808 0.618945 0.623074 0.627195 0.631309 0.635414 0.639512 0.643602 0.647684 0.651757 0.655823 0.659880 0.663930 0.667971 0.672003 0.676028 0.680044 0.684051 0.688050 0.692040 0.696022 0.699995 0.703959 0.707914 0.711860 0.715798 0.720755 0.724662 0.728541 0.732392 0.736215 0.740010 0.743779 0.747520 0.751236 0.754925 0.758588 0.762225 0.765837 0.769425 0.772987 0.776525 0.780040 0.783530 0.786998 0.790442 0.793863 0.797262 0.800639 0.803994 0.807328 0.810640 0.813931 0.817202 0.820453 0.823684 0.826895 0.830086 0.833259 0.836413 0.839549 0.842667 0.845766 0.848849 0.851914 0.854963 0.857995 0.861010 0.864010 0.866995 0.869964 0.872918 0.875858 0.878783 0.881694 0.884592 0.887476 0.890347 0.893206 0.896052 0.898885 0.901708 0.904518 0.907317 0.910106 0.912884 0.915652 0.918409 0.921158 0.923896 0.926626 0.929348 0.932060 0.934765 0.937462 0.940152 0.942834 0.945510 0.948179 0.950842 0.953500 0.956151 0.958798 0.961439 0.964076 0.966708 0.969337 0.971962 0.974584 0.977202 0.979818 0.982431 0.985042 0.987652 0.990260 0.992867 0.995473 0.998078 1.000000))
(channel blue)
(curve
    (curve-type smooth)
    (n-points 17)
    (points 34 0.000000 0.000000 -1.000000 -1.000000 -1.000000 -1.000000 -1.000000 -1.000000 -1.000000 -1.000000 -1.000000 -1.000000 -1.000000 -1.000000 -1.000000 -1.000000 -1.000000 -1.000000 -1.000000 -1.000000 -1.000000 -1.000000 0.670732 0.864151 -1.000000 -1.000000 -1.000000 -1.000000 -1.000000 -1.000000 -1.000000 -1.000000 1.000000 1.000000)
    (n-samples 256)
    (samples 256 0.000000 0.005618 0.011236 0.016853 0.022470 0.028087 0.033703 0.039318 0.044933 0.050547 0.056159 0.061771 0.067381 0.072990 0.078597 0.084203 0.089807 0.095409 0.101009 0.106607 0.112203 0.117796 0.123387 0.128976 0.134562 0.140145 0.145725 0.151302 0.156876 0.162447 0.168014 0.173578 0.179138 0.184695 0.190248 0.195797 0.201341 0.206882 0.212418 0.217950 0.223478 0.229000 0.234518 0.240031 0.245540 0.251043 0.256540 0.262033 0.267520 0.273001 0.278477 0.283947 0.289411 0.294869 0.300321 0.305767 0.311206 0.316639 0.322065 0.327484 0.332897 0.338303 0.343701 0.349092 0.354477 0.359853 0.365222 0.370584 0.375937 0.381283 0.386621 0.391951 0.397272 0.402585 0.407890 0.413186 0.418473 0.423751 0.429021 0.434282 0.439533 0.444775 0.450008 0.455231 0.460445 0.465648 0.470842 0.476026 0.481200 0.486364 0.491517 0.496660 0.501793 0.506914 0.512025 0.517125 0.522214 0.527292 0.532359 0.537414 0.542458 0.547490 0.552511 0.557519 0.562516 0.567501 0.572473 0.577433 0.582381 0.587316 0.592239 0.597149 0.602046 0.606929 0.611800 0.616658 0.621502 0.626333 0.631150 0.635954 0.640744 0.645520 0.650282 0.655029 0.659763 0.664482 0.669186 0.673876 0.678552 0.683212 0.687857 0.692488 0.697103 0.701703 0.706287 0.710856 0.715409 0.719947 0.724468 0.728974 0.733463 0.737936 0.742393 0.746834 0.751257 0.755665 0.760055 0.764428 0.768784 0.773124 0.777445 0.781750 0.786037 0.790306 0.794558 0.798792 0.803007 0.807205 0.811384 0.815545 0.819688 0.823812 0.827918 0.832004 0.836072 0.840121 0.844151 0.848161 0.852152 0.856123 0.860075 0.864151 0.868032 0.871831 0.875550 0.879189 0.882750 0.886234 0.889641 0.892973 0.896231 0.899415 0.902526 0.905566 0.908535 0.911435 0.914266 0.917030 0.919727 0.922358 0.924925 0.927428 0.929868 0.932247 0.934564 0.936823 0.939022 0.941163 0.943248 0.945277 0.947251 0.949171 0.951038 0.952853 0.954618 0.956332 0.957997 0.959615 0.961185 0.962709 0.964189 0.965624 0.967016 0.968366 0.969675 0.970943 0.972173 0.973364 0.974518 0.975636 0.976719 0.977767 0.978782 0.979765 0.980716 0.981637 0.982529 0.983392 0.984228 0.985038 0.985822 0.986581 0.987317 0.988031 0.988723 0.989394 0.990046 0.990679 0.991295 0.991894 0.992477 0.993046 0.993601 0.994144 0.994674 0.995194 0.995704 0.996205 0.996699 0.997186 0.997666 0.998142 0.998614 0.999084 0.999551 1.000000))
(channel alpha)
(curve
    (curve-type smooth)
    (n-points 17)
    (points 34 0.000000 0.000000 -1.000000 -1.000000 -1.000000 -1.000000 -1.000000 -1.000000 -1.000000 -1.000000 -1.000000 -1.000000 -1.000000 -1.000000 -1.000000 -1.000000 -1.000000 -1.000000 -1.000000 -1.000000 -1.000000 -1.000000 -1.000000 -1.000000 -1.000000 -1.000000 -1.000000 -1.000000 -1.000000 -1.000000 -1.000000 -1.000000 1.000000 1.000000)
    (n-samples 256)
    (samples 256 0.000000 0.003922 0.007843 0.011765 0.015686 0.019608 0.023529 0.027451 0.031373 0.035294 0.039216 0.043137 0.047059 0.050980 0.054902 0.058824 0.062745 0.066667 0.070588 0.074510 0.078431 0.082353 0.086275 0.090196 0.094118 0.098039 0.101961 0.105882 0.109804 0.113725 0.117647 0.121569 0.125490 0.129412 0.133333 0.137255 0.141176 0.145098 0.149020 0.152941 0.156863 0.160784 0.164706 0.168627 0.172549 0.176471 0.180392 0.184314 0.188235 0.192157 0.196078 0.200000 0.203922 0.207843 0.211765 0.215686 0.219608 0.223529 0.227451 0.231373 0.235294 0.239216 0.243137 0.247059 0.250980 0.254902 0.258824 0.262745 0.266667 0.270588 0.274510 0.278431 0.282353 0.286275 0.290196 0.294118 0.298039 0.301961 0.305882 0.309804 0.313725 0.317647 0.321569 0.325490 0.329412 0.333333 0.337255 0.341176 0.345098 0.349020 0.352941 0.356863 0.360784 0.364706 0.368627 0.372549 0.376471 0.380392 0.384314 0.388235 0.392157 0.396078 0.400000 0.403922 0.407843 0.411765 0.415686 0.419608 0.423529 0.427451 0.431373 0.435294 0.439216 0.443137 0.447059 0.450980 0.454902 0.458824 0.462745 0.466667 0.470588 0.474510 0.478431 0.482353 0.486275 0.490196 0.494118 0.498039 0.501961 0.505882 0.509804 0.513725 0.517647 0.521569 0.525490 0.529412 0.533333 0.537255 0.541176 0.545098 0.549020 0.552941 0.556863 0.560784 0.564706 0.568627 0.572549 0.576471 0.580392 0.584314 0.588235 0.592157 0.596078 0.600000 0.603922 0.607843 0.611765 0.615686 0.619608 0.623529 0.627451 0.631373 0.635294 0.639216 0.643137 0.647059 0.650980 0.654902 0.658824 0.662745 0.666667 0.670588 0.674510 0.678431 0.682353 0.686275 0.690196 0.694118 0.698039 0.701961 0.705882 0.709804 0.713725 0.717647 0.721569 0.725490 0.729412 0.733333 0.737255 0.741176 0.745098 0.749020 0.752941 0.756863 0.760784 0.764706 0.768627 0.772549 0.776471 0.780392 0.784314 0.788235 0.792157 0.796078 0.800000 0.803922 0.807843 0.811765 0.815686 0.819608 0.823529 0.827451 0.831373 0.835294 0.839216 0.843137 0.847059 0.850980 0.854902 0.858824 0.862745 0.866667 0.870588 0.874510 0.878431 0.882353 0.886275 0.890196 0.894118 0.898039 0.901961 0.905882 0.909804 0.913725 0.917647 0.921569 0.925490 0.929412 0.933333 0.937255 0.941176 0.945098 0.949020 0.952941 0.956863 0.960784 0.964706 0.968627 0.972549 0.976471 0.980392 0.984314 0.988235 0.992157 0.996078 1.000000))

# end of curves tool settings
