# GIMP curves tool settings

(time 0)
(channel value)
(curve
    (curve-type smooth)
    (n-points 17)
    (points 34 0.000000 0.000000 -1.000000 -1.000000 -1.000000 -1.000000 -1.000000 -1.000000 -1.000000 -1.000000 0.321212 0.459459 -1.000000 -1.000000 -1.000000 -1.000000 -1.000000 -1.000000 0.566667 0.822394 -1.000000 -1.000000 -1.000000 -1.000000 -1.000000 -1.000000 -1.000000 -1.000000 -1.000000 -1.000000 -1.000000 -1.000000 1.000000 1.000000)
    (n-samples 256)
    (samples 256 0.000000 0.005568 0.011137 0.016705 0.022274 0.027843 0.033412 0.038981 0.044550 0.050120 0.055690 0.061261 0.066832 0.072403 0.077975 0.083547 0.089120 0.094693 0.100267 0.105842 0.111417 0.116993 0.122570 0.128148 0.133727 0.139306 0.144886 0.150468 0.156050 0.161633 0.167217 0.172803 0.178390 0.183977 0.189566 0.195157 0.200748 0.206341 0.211935 0.217531 0.223128 0.228726 0.234326 0.239928 0.245531 0.251135 0.256742 0.262350 0.267959 0.273571 0.279184 0.284799 0.290416 0.296035 0.301656 0.307279 0.312904 0.318531 0.324160 0.329791 0.335424 0.341060 0.346697 0.352337 0.357979 0.363624 0.369271 0.374920 0.380572 0.386227 0.391884 0.397543 0.403205 0.408870 0.414537 0.420207 0.425880 0.431556 0.437234 0.442915 0.448600 0.454287 0.459459 0.465196 0.471021 0.476930 0.482918 0.488982 0.495116 0.501317 0.507581 0.513903 0.520280 0.526705 0.533177 0.539689 0.546239 0.552821 0.559431 0.566066 0.572721 0.579391 0.586072 0.592761 0.599453 0.606143 0.612827 0.619502 0.626162 0.632804 0.639423 0.646015 0.652576 0.659101 0.665587 0.672028 0.678422 0.684762 0.691046 0.697269 0.703426 0.709514 0.715528 0.721464 0.727317 0.733084 0.738760 0.744340 0.749822 0.755199 0.760469 0.765626 0.770667 0.775587 0.780382 0.785047 0.789580 0.793974 0.798226 0.802332 0.806288 0.810088 0.813730 0.817208 0.822394 0.825496 0.828558 0.831579 0.834560 0.837502 0.840404 0.843267 0.846092 0.848878 0.851627 0.854339 0.857013 0.859651 0.862252 0.864817 0.867347 0.869842 0.872302 0.874727 0.877118 0.879476 0.881800 0.884092 0.886350 0.888577 0.890772 0.892935 0.895067 0.897168 0.899240 0.901281 0.903292 0.905274 0.907228 0.909153 0.911050 0.912919 0.914760 0.916575 0.918363 0.920125 0.921861 0.923571 0.925257 0.926917 0.928553 0.930165 0.931754 0.933319 0.934862 0.936381 0.937879 0.939355 0.940809 0.942243 0.943655 0.945048 0.946420 0.947773 0.949107 0.950422 0.951719 0.952997 0.954258 0.955501 0.956728 0.957938 0.959132 0.960310 0.961472 0.962620 0.963752 0.964871 0.965975 0.967066 0.968143 0.969208 0.970261 0.971301 0.972329 0.973346 0.974352 0.975348 0.976333 0.977308 0.978274 0.979231 0.980179 0.981119 0.982050 0.982974 0.983891 0.984801 0.985704 0.986602 0.987493 0.988379 0.989260 0.990136 0.991008 0.991876 0.992741 0.993603 0.994461 0.995317 0.996172 0.997024 0.997875 0.998726 0.999575 1.000000))
(channel red)
(curve
    (curve-type smooth)
    (n-points 17)
    (points 34 0.000000 0.000000 -1.000000 -1.000000 -1.000000 -1.000000 0.218182 0.463320 -1.000000 -1.000000 -1.000000 -1.000000 -1.000000 -1.000000 -1.000000 -1.000000 -1.000000 -1.000000 -1.000000 -1.000000 -1.000000 -1.000000 -1.000000 -1.000000 -1.000000 -1.000000 0.818182 0.687259 -1.000000 -1.000000 -1.000000 -1.000000 1.000000 1.000000)
    (n-samples 256)
    (samples 256 0.000000 0.010844 0.021682 0.032511 0.043326 0.054121 0.064891 0.075632 0.086339 0.097007 0.107632 0.118207 0.128728 0.139192 0.149591 0.159923 0.170181 0.180361 0.190458 0.200468 0.210385 0.220204 0.229920 0.239530 0.249027 0.258407 0.267665 0.276797 0.285796 0.294659 0.303381 0.311956 0.320380 0.328648 0.336754 0.344695 0.352466 0.360060 0.367474 0.374703 0.381741 0.388585 0.395228 0.401666 0.407895 0.413909 0.419703 0.425273 0.430614 0.435721 0.440588 0.445212 0.449587 0.453708 0.457570 0.461170 0.463320 0.466583 0.469782 0.472919 0.475994 0.479008 0.481963 0.484858 0.487695 0.490474 0.493196 0.495862 0.498473 0.501030 0.503533 0.505982 0.508380 0.510726 0.513022 0.515268 0.517465 0.519613 0.521715 0.523769 0.525778 0.527741 0.529661 0.531536 0.533369 0.535161 0.536910 0.538620 0.540290 0.541921 0.543514 0.545070 0.546589 0.548072 0.549521 0.550936 0.552317 0.553666 0.554983 0.556269 0.557524 0.558751 0.559948 0.561118 0.562261 0.563377 0.564468 0.565535 0.566577 0.567596 0.568593 0.569569 0.570523 0.571458 0.572373 0.573270 0.574149 0.575011 0.575857 0.576688 0.577505 0.578307 0.579097 0.579875 0.580641 0.581396 0.582142 0.582879 0.583607 0.584328 0.585043 0.585751 0.586455 0.587154 0.587849 0.588542 0.589232 0.589922 0.590611 0.591301 0.591991 0.592684 0.593379 0.594078 0.594781 0.595489 0.596203 0.596924 0.597652 0.598389 0.599134 0.599889 0.600655 0.601432 0.602221 0.603024 0.603839 0.604670 0.605515 0.606377 0.607256 0.608152 0.609066 0.610000 0.610954 0.611928 0.612924 0.613943 0.614984 0.616049 0.617139 0.618255 0.619397 0.620565 0.621762 0.622987 0.624242 0.625527 0.626842 0.628190 0.629570 0.630983 0.632430 0.633912 0.635430 0.636985 0.638576 0.640206 0.641874 0.643582 0.645330 0.647120 0.648951 0.650825 0.652743 0.654705 0.656711 0.658764 0.660864 0.663010 0.665205 0.667449 0.669743 0.672087 0.674483 0.676931 0.679431 0.681986 0.684595 0.687259 0.690081 0.693160 0.696489 0.700064 0.703879 0.707928 0.712205 0.716705 0.721421 0.726350 0.731483 0.736817 0.742346 0.748063 0.753963 0.760040 0.766290 0.772705 0.779281 0.786011 0.792891 0.799915 0.807076 0.814369 0.821789 0.829329 0.836985 0.844751 0.852620 0.860587 0.868648 0.876794 0.885023 0.893327 0.901700 0.910138 0.918635 0.927185 0.935782 0.944420 0.953095 0.961800 0.970530 0.979278 0.988040 1.000000))
(channel green)
(curve
    (curve-type smooth)
    (n-points 17)
    (points 34 0.000000 0.000000 -1.000000 -1.000000 -1.000000 -1.000000 -1.000000 -1.000000 -1.000000 -1.000000 -1.000000 -1.000000 0.348485 0.382239 -1.000000 -1.000000 -1.000000 -1.000000 -1.000000 -1.000000 -1.000000 -1.000000 -1.000000 -1.000000 -1.000000 -1.000000 0.824242 0.806950 -1.000000 -1.000000 -1.000000 -1.000000 1.000000 1.000000)
    (n-samples 256)
    (samples 256 0.000000 0.004532 0.009065 0.013597 0.018128 0.022659 0.027189 0.031717 0.036245 0.040771 0.045295 0.049818 0.054339 0.058858 0.063374 0.067888 0.072400 0.076908 0.081414 0.085916 0.090415 0.094911 0.099403 0.103891 0.108375 0.112855 0.117330 0.121801 0.126267 0.130728 0.135184 0.139635 0.144080 0.148520 0.152954 0.157382 0.161804 0.166219 0.170629 0.175031 0.179426 0.183815 0.188196 0.192570 0.196936 0.201295 0.205646 0.209988 0.214323 0.218649 0.222966 0.227275 0.231575 0.235865 0.240146 0.244418 0.248680 0.252932 0.257175 0.261407 0.265628 0.269839 0.274040 0.278230 0.282408 0.286575 0.290731 0.294875 0.299008 0.303129 0.307237 0.311333 0.315417 0.319488 0.323546 0.327592 0.331624 0.335642 0.339648 0.343639 0.347617 0.351580 0.355530 0.359465 0.363385 0.367291 0.371182 0.375057 0.378918 0.382239 0.386071 0.389889 0.393692 0.397481 0.401256 0.405018 0.408766 0.412501 0.416223 0.419933 0.423630 0.427314 0.430987 0.434648 0.438297 0.441935 0.445562 0.449178 0.452783 0.456378 0.459963 0.463537 0.467102 0.470657 0.474203 0.477740 0.481268 0.484788 0.488299 0.491802 0.495297 0.498784 0.502264 0.505736 0.509202 0.512660 0.516112 0.519558 0.522997 0.526431 0.529859 0.533281 0.536699 0.540111 0.543518 0.546921 0.550320 0.553714 0.557105 0.560492 0.563876 0.567256 0.570634 0.574008 0.577381 0.580751 0.584118 0.587485 0.590849 0.594212 0.597574 0.600935 0.604295 0.607655 0.611015 0.614374 0.617734 0.621095 0.624456 0.627817 0.631180 0.634545 0.637910 0.641278 0.644648 0.648020 0.651394 0.654771 0.658151 0.661535 0.664921 0.668312 0.671706 0.675104 0.678506 0.681913 0.685325 0.688742 0.692164 0.695591 0.699024 0.702463 0.705908 0.709359 0.712817 0.716282 0.719753 0.723232 0.726719 0.730213 0.733715 0.737225 0.740743 0.744270 0.747806 0.751351 0.754906 0.758469 0.762043 0.765627 0.769220 0.772824 0.776439 0.780065 0.783701 0.787349 0.791009 0.794680 0.798364 0.802059 0.806950 0.810688 0.814464 0.818278 0.822129 0.826016 0.829938 0.833894 0.837884 0.841905 0.845958 0.850042 0.854156 0.858298 0.862469 0.866666 0.870890 0.875139 0.879413 0.883710 0.888030 0.892372 0.896735 0.901117 0.905519 0.909940 0.914377 0.918832 0.923302 0.927786 0.932285 0.936797 0.941321 0.945856 0.950401 0.954956 0.959520 0.964091 0.968670 0.973254 0.977844 0.982437 0.987034 0.991634 0.996235 1.000000))
(channel blue)
(curve
    (curve-type smooth)
    (n-points 17)
    (points 34 0.000000 0.000000 -1.000000 -1.000000 -1.000000 -1.000000 -1.000000 -1.000000 -1.000000 -1.000000 -1.000000 -1.000000 -1.000000 -1.000000 -1.000000 -1.000000 0.472727 0.409266 -1.000000 -1.000000 -1.000000 -1.000000 -1.000000 -1.000000 0.748485 0.640927 -1.000000 -1.000000 -1.000000 -1.000000 -1.000000 -1.000000 1.000000 1.000000)
    (n-samples 256)
    (samples 256 0.000000 0.003414 0.006827 0.010241 0.013655 0.017068 0.020482 0.023895 0.027309 0.030722 0.034135 0.037549 0.040962 0.044375 0.047788 0.051201 0.054613 0.058026 0.061439 0.064851 0.068263 0.071675 0.075087 0.078499 0.081910 0.085322 0.088733 0.092144 0.095555 0.098965 0.102375 0.105786 0.109195 0.112605 0.116014 0.119424 0.122832 0.126241 0.129649 0.133057 0.136465 0.139872 0.143279 0.146686 0.150093 0.153499 0.156904 0.160310 0.163715 0.167119 0.170524 0.173928 0.177331 0.180734 0.184137 0.187539 0.190941 0.194343 0.197744 0.201144 0.204544 0.207944 0.211343 0.214742 0.218140 0.221538 0.224935 0.228332 0.231728 0.235124 0.238519 0.241913 0.245308 0.248701 0.252094 0.255486 0.258878 0.262270 0.265660 0.269050 0.272440 0.275829 0.279217 0.282604 0.285991 0.289378 0.292763 0.296148 0.299533 0.302917 0.306300 0.309682 0.313063 0.316444 0.319825 0.323204 0.326583 0.329961 0.333338 0.336715 0.340090 0.343465 0.346840 0.350213 0.353586 0.356958 0.360329 0.363699 0.367068 0.370437 0.373805 0.377172 0.380538 0.383903 0.387267 0.390631 0.393993 0.397355 0.400716 0.404076 0.407435 0.409266 0.412607 0.415915 0.419190 0.422435 0.425650 0.428838 0.431999 0.435135 0.438248 0.441338 0.444408 0.447458 0.450490 0.453506 0.456507 0.459494 0.462468 0.465432 0.468387 0.471333 0.474272 0.477207 0.480137 0.483065 0.485992 0.488920 0.491849 0.494781 0.497718 0.500661 0.503612 0.506571 0.509541 0.512522 0.515517 0.518526 0.521551 0.524593 0.527654 0.530735 0.533837 0.536963 0.540113 0.543289 0.546492 0.549723 0.552985 0.556278 0.559604 0.562964 0.566360 0.569792 0.573264 0.576775 0.580328 0.583923 0.587562 0.591247 0.594979 0.598759 0.602589 0.606470 0.610404 0.614392 0.618435 0.622535 0.626694 0.630912 0.635190 0.640927 0.645348 0.649825 0.654357 0.658942 0.663581 0.668271 0.673012 0.677804 0.682645 0.687534 0.692471 0.697455 0.702484 0.707558 0.712677 0.717838 0.723042 0.728288 0.733574 0.738899 0.744264 0.749666 0.755105 0.760581 0.766091 0.771636 0.777215 0.782826 0.788469 0.794143 0.799847 0.805580 0.811341 0.817130 0.822945 0.828786 0.834651 0.840541 0.846453 0.852387 0.858343 0.864319 0.870314 0.876328 0.882360 0.888408 0.894473 0.900552 0.906646 0.912753 0.918872 0.925003 0.931144 0.937296 0.943456 0.949624 0.955800 0.961982 0.968169 0.974360 0.980556 0.986754 0.992953 1.000000))
(channel alpha)
(curve
    (curve-type smooth)
    (n-points 17)
    (points 34 0.000000 0.000000 -1.000000 -1.000000 -1.000000 -1.000000 -1.000000 -1.000000 -1.000000 -1.000000 -1.000000 -1.000000 -1.000000 -1.000000 -1.000000 -1.000000 -1.000000 -1.000000 -1.000000 -1.000000 -1.000000 -1.000000 -1.000000 -1.000000 -1.000000 -1.000000 -1.000000 -1.000000 -1.000000 -1.000000 -1.000000 -1.000000 1.000000 1.000000)
    (n-samples 256)
    (samples 256 0.000000 0.003922 0.007843 0.011765 0.015686 0.019608 0.023529 0.027451 0.031373 0.035294 0.039216 0.043137 0.047059 0.050980 0.054902 0.058824 0.062745 0.066667 0.070588 0.074510 0.078431 0.082353 0.086275 0.090196 0.094118 0.098039 0.101961 0.105882 0.109804 0.113725 0.117647 0.121569 0.125490 0.129412 0.133333 0.137255 0.141176 0.145098 0.149020 0.152941 0.156863 0.160784 0.164706 0.168627 0.172549 0.176471 0.180392 0.184314 0.188235 0.192157 0.196078 0.200000 0.203922 0.207843 0.211765 0.215686 0.219608 0.223529 0.227451 0.231373 0.235294 0.239216 0.243137 0.247059 0.250980 0.254902 0.258824 0.262745 0.266667 0.270588 0.274510 0.278431 0.282353 0.286275 0.290196 0.294118 0.298039 0.301961 0.305882 0.309804 0.313725 0.317647 0.321569 0.325490 0.329412 0.333333 0.337255 0.341176 0.345098 0.349020 0.352941 0.356863 0.360784 0.364706 0.368627 0.372549 0.376471 0.380392 0.384314 0.388235 0.392157 0.396078 0.400000 0.403922 0.407843 0.411765 0.415686 0.419608 0.423529 0.427451 0.431373 0.435294 0.439216 0.443137 0.447059 0.450980 0.454902 0.458824 0.462745 0.466667 0.470588 0.474510 0.478431 0.482353 0.486275 0.490196 0.494118 0.498039 0.501961 0.505882 0.509804 0.513725 0.517647 0.521569 0.525490 0.529412 0.533333 0.537255 0.541176 0.545098 0.549020 0.552941 0.556863 0.560784 0.564706 0.568627 0.572549 0.576471 0.580392 0.584314 0.588235 0.592157 0.596078 0.600000 0.603922 0.607843 0.611765 0.615686 0.619608 0.623529 0.627451 0.631373 0.635294 0.639216 0.643137 0.647059 0.650980 0.654902 0.658824 0.662745 0.666667 0.670588 0.674510 0.678431 0.682353 0.686275 0.690196 0.694118 0.698039 0.701961 0.705882 0.709804 0.713725 0.717647 0.721569 0.725490 0.729412 0.733333 0.737255 0.741176 0.745098 0.749020 0.752941 0.756863 0.760784 0.764706 0.768627 0.772549 0.776471 0.780392 0.784314 0.788235 0.792157 0.796078 0.800000 0.803922 0.807843 0.811765 0.815686 0.819608 0.823529 0.827451 0.831373 0.835294 0.839216 0.843137 0.847059 0.850980 0.854902 0.858824 0.862745 0.866667 0.870588 0.874510 0.878431 0.882353 0.886275 0.890196 0.894118 0.898039 0.901961 0.905882 0.909804 0.913725 0.917647 0.921569 0.925490 0.929412 0.933333 0.937255 0.941176 0.945098 0.949020 0.952941 0.956863 0.960784 0.964706 0.968627 0.972549 0.976471 0.980392 0.984314 0.988235 0.992157 0.996078 1.000000))

# end of curves tool settings
