# GIMP curves tool settings

(time 0)
(channel value)
(curve
    (curve-type smooth)
    (n-points 17)
    (points 34 0.000000 0.000000 -1.000000 -1.000000 -1.000000 -1.000000 -1.000000 -1.000000 -1.000000 -1.000000 -1.000000 -1.000000 -1.000000 -1.000000 -1.000000 -1.000000 -1.000000 -1.000000 0.575758 0.777344 -1.000000 -1.000000 -1.000000 -1.000000 -1.000000 -1.000000 -1.000000 -1.000000 -1.000000 -1.000000 -1.000000 -1.000000 1.000000 1.000000)
    (n-samples 256)
    (samples 256 0.000000 0.005981 0.011962 0.017942 0.023922 0.029902 0.035880 0.041857 0.047833 0.053807 0.059779 0.065750 0.071718 0.077685 0.083648 0.089609 0.095567 0.101523 0.107474 0.113423 0.119368 0.125309 0.131245 0.137178 0.143107 0.149030 0.154949 0.160863 0.166772 0.172676 0.178574 0.184466 0.190352 0.196232 0.202106 0.207974 0.213834 0.219688 0.225535 0.231374 0.237206 0.243031 0.248847 0.254656 0.260456 0.266248 0.272031 0.277806 0.283571 0.289328 0.295075 0.300812 0.306540 0.312258 0.317965 0.323663 0.329349 0.335026 0.340691 0.346345 0.351988 0.357619 0.363239 0.368847 0.374443 0.380026 0.385597 0.391156 0.396702 0.402235 0.407754 0.413260 0.418753 0.424232 0.429697 0.435148 0.440584 0.446006 0.451413 0.456806 0.462183 0.467545 0.472891 0.478222 0.483537 0.488836 0.494119 0.499385 0.504634 0.509867 0.515083 0.520281 0.525463 0.530626 0.535772 0.540900 0.546010 0.551101 0.556174 0.561228 0.566263 0.571279 0.576276 0.581253 0.586211 0.591149 0.596066 0.600964 0.605841 0.610697 0.615532 0.620347 0.625140 0.629912 0.634662 0.639391 0.644097 0.648782 0.653444 0.658083 0.662700 0.667293 0.671864 0.676411 0.680935 0.685435 0.689912 0.694364 0.698792 0.703195 0.707574 0.711928 0.716257 0.720560 0.724839 0.729091 0.733318 0.737519 0.741694 0.745842 0.749964 0.754059 0.758127 0.762168 0.766181 0.770167 0.774126 0.777344 0.781240 0.785084 0.788878 0.792622 0.796316 0.799960 0.803556 0.807103 0.810603 0.814055 0.817461 0.820820 0.824133 0.827400 0.830623 0.833801 0.836935 0.840025 0.843072 0.846077 0.849040 0.851961 0.854841 0.857680 0.860479 0.863238 0.865958 0.868639 0.871282 0.873887 0.876455 0.878985 0.881480 0.883938 0.886362 0.888750 0.891103 0.893423 0.895709 0.897962 0.900183 0.902371 0.904528 0.906654 0.908749 0.910814 0.912849 0.914855 0.916832 0.918781 0.920702 0.922596 0.924463 0.926303 0.928118 0.929907 0.931672 0.933412 0.935128 0.936820 0.938490 0.940137 0.941761 0.943365 0.944947 0.946509 0.948050 0.949572 0.951074 0.952558 0.954024 0.955472 0.956902 0.958316 0.959713 0.961095 0.962461 0.963812 0.965149 0.966472 0.967782 0.969078 0.970362 0.971634 0.972895 0.974144 0.975383 0.976611 0.977830 0.979040 0.980241 0.981434 0.982620 0.983798 0.984969 0.986134 0.987293 0.988446 0.989595 0.990740 0.991880 0.993018 0.994152 0.995284 0.996413 0.997541 0.998669 1.000000))
(channel red)
(curve
    (curve-type smooth)
    (n-points 17)
    (points 34 0.000000 0.000000 -1.000000 -1.000000 -1.000000 -1.000000 -1.000000 -1.000000 -1.000000 -1.000000 -1.000000 -1.000000 -1.000000 -1.000000 -1.000000 -1.000000 0.472727 0.289063 -1.000000 -1.000000 -1.000000 -1.000000 -1.000000 -1.000000 -1.000000 -1.000000 -1.000000 -1.000000 -1.000000 -1.000000 -1.000000 -1.000000 1.000000 1.000000)
    (n-samples 256)
    (samples 256 0.000000 0.001636 0.003273 0.004910 0.006548 0.008187 0.009828 0.011471 0.013116 0.014764 0.016414 0.018067 0.019724 0.021385 0.023050 0.024719 0.026393 0.028072 0.029756 0.031446 0.033142 0.034845 0.036553 0.038269 0.039992 0.041723 0.043461 0.045208 0.046963 0.048727 0.050500 0.052282 0.054075 0.055877 0.057690 0.059513 0.061347 0.063193 0.065050 0.066920 0.068801 0.070695 0.072602 0.074523 0.076456 0.078404 0.080366 0.082342 0.084333 0.086339 0.088361 0.090398 0.092451 0.094521 0.096607 0.098710 0.100831 0.102969 0.105125 0.107300 0.109493 0.111705 0.113936 0.116186 0.118456 0.120747 0.123058 0.125390 0.127742 0.130116 0.132512 0.134930 0.137370 0.139833 0.142319 0.144828 0.147361 0.149917 0.152498 0.155103 0.157734 0.160389 0.163070 0.165776 0.168509 0.171268 0.174054 0.176867 0.179708 0.182576 0.185472 0.188396 0.191349 0.194331 0.197342 0.200382 0.203453 0.206554 0.209685 0.212847 0.216040 0.219265 0.222521 0.225810 0.229131 0.232485 0.235871 0.239291 0.242745 0.246233 0.249755 0.253311 0.256903 0.260529 0.264192 0.267890 0.271624 0.275395 0.279202 0.283047 0.286929 0.289063 0.292999 0.296966 0.300963 0.304990 0.309047 0.313132 0.317247 0.321391 0.325563 0.329764 0.333993 0.338251 0.342535 0.346848 0.351187 0.355554 0.359948 0.364368 0.368815 0.373287 0.377786 0.382311 0.386861 0.391436 0.396036 0.400661 0.405311 0.409985 0.414683 0.419405 0.424151 0.428920 0.433712 0.438528 0.443366 0.448226 0.453109 0.458015 0.462942 0.467890 0.472860 0.477851 0.482864 0.487897 0.492950 0.498024 0.503117 0.508231 0.513364 0.518517 0.523688 0.528879 0.534088 0.539316 0.544562 0.549826 0.555108 0.560407 0.565724 0.571058 0.576408 0.581776 0.587159 0.592559 0.597975 0.603407 0.608854 0.614316 0.619794 0.625286 0.630793 0.636315 0.641850 0.647400 0.652963 0.658539 0.664129 0.669732 0.675348 0.680976 0.686617 0.692269 0.697934 0.703610 0.709298 0.714997 0.720707 0.726428 0.732159 0.737900 0.743652 0.749413 0.755184 0.760965 0.766754 0.772553 0.778360 0.784176 0.790000 0.795832 0.801672 0.807519 0.813374 0.819236 0.825105 0.830981 0.836863 0.842751 0.848645 0.854545 0.860451 0.866361 0.872277 0.878198 0.884124 0.890053 0.895987 0.901925 0.907867 0.913812 0.919761 0.925712 0.931667 0.937624 0.943583 0.949544 0.955508 0.961473 0.967439 0.973407 0.979376 0.985346 0.991316 1.000000))
(channel green)
(curve
    (curve-type smooth)
    (n-points 17)
    (points 34 0.000000 0.000000 -1.000000 -1.000000 -1.000000 -1.000000 -1.000000 -1.000000 -1.000000 -1.000000 -1.000000 -1.000000 0.345455 0.226563 -1.000000 -1.000000 -1.000000 -1.000000 -1.000000 -1.000000 -1.000000 -1.000000 0.709091 0.578125 -1.000000 -1.000000 -1.000000 -1.000000 -1.000000 -1.000000 -1.000000 -1.000000 1.000000 1.000000)
    (n-samples 256)
    (samples 256 0.000000 0.002259 0.004519 0.006779 0.009040 0.011301 0.013564 0.015828 0.018095 0.020363 0.022633 0.024905 0.027180 0.029459 0.031740 0.034025 0.036313 0.038605 0.040901 0.043202 0.045507 0.047817 0.050132 0.052453 0.054779 0.057111 0.059448 0.061793 0.064143 0.066501 0.068865 0.071237 0.073616 0.076003 0.078398 0.080801 0.083213 0.085633 0.088062 0.090500 0.092948 0.095406 0.097873 0.100351 0.102839 0.105338 0.107847 0.110368 0.112900 0.115443 0.117999 0.120566 0.123146 0.125738 0.128344 0.130962 0.133594 0.136239 0.138898 0.141571 0.144258 0.146959 0.149676 0.152407 0.155154 0.157916 0.160694 0.163488 0.166298 0.169124 0.171967 0.174827 0.177705 0.180599 0.183512 0.186442 0.189390 0.192357 0.195342 0.198346 0.201369 0.204412 0.207474 0.210556 0.213658 0.216781 0.219923 0.223087 0.226563 0.229764 0.232972 0.236189 0.239413 0.242646 0.245887 0.249136 0.252394 0.255661 0.258937 0.262222 0.265516 0.268820 0.272134 0.275458 0.278791 0.282135 0.285490 0.288855 0.292230 0.295617 0.299014 0.302423 0.305844 0.309276 0.312719 0.316175 0.319643 0.323123 0.326616 0.330121 0.333639 0.337170 0.340715 0.344272 0.347843 0.351428 0.355027 0.358640 0.362267 0.365908 0.369564 0.373235 0.376920 0.380621 0.384337 0.388068 0.391815 0.395578 0.399357 0.403152 0.406963 0.410790 0.414635 0.418496 0.422374 0.426269 0.430181 0.434112 0.438059 0.442025 0.446008 0.450010 0.454030 0.458069 0.462127 0.466203 0.470299 0.474413 0.478547 0.482701 0.486875 0.491068 0.495281 0.499515 0.503769 0.508044 0.512340 0.516657 0.520994 0.525354 0.529734 0.534137 0.538561 0.543007 0.547475 0.551966 0.556479 0.561015 0.565574 0.570156 0.574761 0.578125 0.582780 0.587477 0.592216 0.596995 0.601815 0.606674 0.611573 0.616510 0.621485 0.626498 0.631547 0.636633 0.641754 0.646911 0.652102 0.657327 0.662585 0.667877 0.673200 0.678555 0.683942 0.689359 0.694805 0.700282 0.705787 0.711320 0.716881 0.722469 0.728083 0.733724 0.739390 0.745080 0.750795 0.756534 0.762295 0.768079 0.773885 0.779713 0.785561 0.791429 0.797317 0.803224 0.809149 0.815093 0.821053 0.827031 0.833024 0.839034 0.845058 0.851097 0.857149 0.863215 0.869294 0.875384 0.881487 0.887600 0.893724 0.899858 0.906001 0.912153 0.918312 0.924480 0.930654 0.936835 0.943022 0.949214 0.955410 0.961611 0.967815 0.974023 0.980232 0.986444 0.992657 1.000000))
(channel blue)
(curve
    (curve-type smooth)
    (n-points 17)
    (points 34 0.000000 0.000000 -1.000000 -1.000000 -1.000000 -1.000000 -1.000000 -1.000000 -1.000000 -1.000000 -1.000000 -1.000000 -1.000000 -1.000000 -1.000000 -1.000000 -1.000000 -1.000000 0.557576 0.746094 -1.000000 -1.000000 -1.000000 -1.000000 -1.000000 -1.000000 -1.000000 -1.000000 -1.000000 -1.000000 -1.000000 -1.000000 1.000000 1.000000)
    (n-samples 256)
    (samples 256 0.000000 0.005910 0.011821 0.017730 0.023640 0.029548 0.035455 0.041362 0.047266 0.053170 0.059071 0.064971 0.070868 0.076763 0.082656 0.088545 0.094432 0.100316 0.106196 0.112073 0.117946 0.123815 0.129680 0.135540 0.141396 0.147248 0.153094 0.158936 0.164772 0.170602 0.176427 0.182246 0.188059 0.193865 0.199665 0.205458 0.211245 0.217024 0.222796 0.228561 0.234318 0.240067 0.245808 0.251540 0.257265 0.262980 0.268687 0.274384 0.280073 0.285752 0.291421 0.297081 0.302730 0.308369 0.313998 0.319616 0.325224 0.330820 0.336405 0.341979 0.347541 0.353091 0.358630 0.364156 0.369670 0.375171 0.380659 0.386134 0.391596 0.397045 0.402480 0.407902 0.413309 0.418703 0.424081 0.429446 0.434795 0.440130 0.445450 0.450754 0.456042 0.461315 0.466572 0.471813 0.477037 0.482245 0.487437 0.492611 0.497768 0.502908 0.508030 0.513135 0.518222 0.523290 0.528341 0.533372 0.538386 0.543380 0.548355 0.553311 0.558247 0.563164 0.568061 0.572938 0.577794 0.582630 0.587446 0.592240 0.597014 0.601766 0.606497 0.611206 0.615893 0.620558 0.625201 0.629822 0.634420 0.638995 0.643547 0.648076 0.652582 0.657063 0.661522 0.665956 0.670365 0.674751 0.679112 0.683448 0.687759 0.692045 0.696305 0.700540 0.704750 0.708933 0.713090 0.717220 0.721325 0.725402 0.729452 0.733475 0.737471 0.741440 0.746094 0.749993 0.753849 0.757660 0.761429 0.765154 0.768838 0.772479 0.776078 0.779636 0.783153 0.786630 0.790067 0.793464 0.796821 0.800140 0.803420 0.806662 0.809866 0.813033 0.816163 0.819257 0.822314 0.825336 0.828322 0.831273 0.834190 0.837072 0.839921 0.842736 0.845518 0.848267 0.850985 0.853670 0.856324 0.858947 0.861540 0.864102 0.866634 0.869137 0.871610 0.874055 0.876472 0.878861 0.881222 0.883557 0.885864 0.888145 0.890401 0.892630 0.894835 0.897015 0.899170 0.901302 0.903410 0.905495 0.907557 0.909597 0.911614 0.913610 0.915585 0.917540 0.919473 0.921387 0.923281 0.925156 0.927012 0.928849 0.930669 0.932471 0.934256 0.936023 0.937775 0.939510 0.941229 0.942934 0.944623 0.946298 0.947959 0.949606 0.951239 0.952860 0.954468 0.956064 0.957649 0.959222 0.960784 0.962335 0.963877 0.965408 0.966930 0.968444 0.969948 0.971445 0.972933 0.974414 0.975889 0.977356 0.978817 0.980273 0.981723 0.983168 0.984608 0.986044 0.987477 0.988905 0.990331 0.991754 0.993175 0.994593 0.996011 0.997427 0.998842 1.000000))
(channel alpha)
(curve
    (curve-type smooth)
    (n-points 17)
    (points 34 0.000000 0.000000 -1.000000 -1.000000 -1.000000 -1.000000 -1.000000 -1.000000 -1.000000 -1.000000 -1.000000 -1.000000 -1.000000 -1.000000 -1.000000 -1.000000 -1.000000 -1.000000 -1.000000 -1.000000 -1.000000 -1.000000 -1.000000 -1.000000 -1.000000 -1.000000 -1.000000 -1.000000 -1.000000 -1.000000 -1.000000 -1.000000 1.000000 1.000000)
    (n-samples 256)
    (samples 256 0.000000 0.003922 0.007843 0.011765 0.015686 0.019608 0.023529 0.027451 0.031373 0.035294 0.039216 0.043137 0.047059 0.050980 0.054902 0.058824 0.062745 0.066667 0.070588 0.074510 0.078431 0.082353 0.086275 0.090196 0.094118 0.098039 0.101961 0.105882 0.109804 0.113725 0.117647 0.121569 0.125490 0.129412 0.133333 0.137255 0.141176 0.145098 0.149020 0.152941 0.156863 0.160784 0.164706 0.168627 0.172549 0.176471 0.180392 0.184314 0.188235 0.192157 0.196078 0.200000 0.203922 0.207843 0.211765 0.215686 0.219608 0.223529 0.227451 0.231373 0.235294 0.239216 0.243137 0.247059 0.250980 0.254902 0.258824 0.262745 0.266667 0.270588 0.274510 0.278431 0.282353 0.286275 0.290196 0.294118 0.298039 0.301961 0.305882 0.309804 0.313725 0.317647 0.321569 0.325490 0.329412 0.333333 0.337255 0.341176 0.345098 0.349020 0.352941 0.356863 0.360784 0.364706 0.368627 0.372549 0.376471 0.380392 0.384314 0.388235 0.392157 0.396078 0.400000 0.403922 0.407843 0.411765 0.415686 0.419608 0.423529 0.427451 0.431373 0.435294 0.439216 0.443137 0.447059 0.450980 0.454902 0.458824 0.462745 0.466667 0.470588 0.474510 0.478431 0.482353 0.486275 0.490196 0.494118 0.498039 0.501961 0.505882 0.509804 0.513725 0.517647 0.521569 0.525490 0.529412 0.533333 0.537255 0.541176 0.545098 0.549020 0.552941 0.556863 0.560784 0.564706 0.568627 0.572549 0.576471 0.580392 0.584314 0.588235 0.592157 0.596078 0.600000 0.603922 0.607843 0.611765 0.615686 0.619608 0.623529 0.627451 0.631373 0.635294 0.639216 0.643137 0.647059 0.650980 0.654902 0.658824 0.662745 0.666667 0.670588 0.674510 0.678431 0.682353 0.686275 0.690196 0.694118 0.698039 0.701961 0.705882 0.709804 0.713725 0.717647 0.721569 0.725490 0.729412 0.733333 0.737255 0.741176 0.745098 0.749020 0.752941 0.756863 0.760784 0.764706 0.768627 0.772549 0.776471 0.780392 0.784314 0.788235 0.792157 0.796078 0.800000 0.803922 0.807843 0.811765 0.815686 0.819608 0.823529 0.827451 0.831373 0.835294 0.839216 0.843137 0.847059 0.850980 0.854902 0.858824 0.862745 0.866667 0.870588 0.874510 0.878431 0.882353 0.886275 0.890196 0.894118 0.898039 0.901961 0.905882 0.909804 0.913725 0.917647 0.921569 0.925490 0.929412 0.933333 0.937255 0.941176 0.945098 0.949020 0.952941 0.956863 0.960784 0.964706 0.968627 0.972549 0.976471 0.980392 0.984314 0.988235 0.992157 0.996078 1.000000))

# end of curves tool settings
