# GIMP curves tool settings

(time 0)
(channel value)
(curve
    (curve-type smooth)
    (n-points 17)
    (points 34 0.000000 0.000000 -1.000000 -1.000000 -1.000000 -1.000000 -1.000000 -1.000000 -1.000000 -1.000000 -1.000000 -1.000000 -1.000000 -1.000000 -1.000000 -1.000000 -1.000000 -1.000000 -1.000000 -1.000000 -1.000000 -1.000000 -1.000000 -1.000000 -1.000000 -1.000000 0.806061 0.768340 -1.000000 -1.000000 -1.000000 -1.000000 1.000000 1.000000)
    (n-samples 256)
    (samples 256 0.000000 0.003646 0.007293 0.010939 0.014585 0.018232 0.021878 0.025525 0.029171 0.032818 0.036465 0.040112 0.043759 0.047407 0.051054 0.054702 0.058350 0.061998 0.065646 0.069295 0.072943 0.076592 0.080242 0.083891 0.087541 0.091191 0.094842 0.098493 0.102144 0.105796 0.109447 0.113100 0.116753 0.120406 0.124059 0.127713 0.131368 0.135023 0.138678 0.142334 0.145991 0.149648 0.153305 0.156963 0.160622 0.164281 0.167941 0.171601 0.175262 0.178924 0.182586 0.186249 0.189913 0.193577 0.197242 0.200908 0.204574 0.208241 0.211909 0.215577 0.219247 0.222917 0.226588 0.230260 0.233932 0.237606 0.241280 0.244955 0.248631 0.252308 0.255986 0.259664 0.263344 0.267024 0.270706 0.274388 0.278072 0.281756 0.285442 0.289128 0.292816 0.296504 0.300194 0.303884 0.307576 0.311269 0.314963 0.318658 0.322354 0.326051 0.329750 0.333449 0.337150 0.340852 0.344556 0.348260 0.351966 0.355673 0.359381 0.363091 0.366801 0.370513 0.374227 0.377942 0.381658 0.385375 0.389094 0.392814 0.396536 0.400259 0.403983 0.407709 0.411436 0.415165 0.418895 0.422627 0.426360 0.430095 0.433831 0.437569 0.441308 0.445049 0.448792 0.452536 0.456281 0.460029 0.463778 0.467528 0.471280 0.475034 0.478790 0.482547 0.486306 0.490067 0.493829 0.497593 0.501359 0.505127 0.508896 0.512668 0.516441 0.520216 0.523992 0.527771 0.531552 0.535334 0.539118 0.542904 0.546692 0.550482 0.554274 0.558068 0.561864 0.565662 0.569462 0.573263 0.577067 0.580873 0.584681 0.588491 0.592303 0.596117 0.599933 0.603752 0.607572 0.611395 0.615220 0.619047 0.622876 0.626707 0.630540 0.634376 0.638214 0.642054 0.645897 0.649741 0.653588 0.657438 0.661289 0.665143 0.668999 0.672858 0.676719 0.680582 0.684448 0.688316 0.692186 0.696059 0.699935 0.703812 0.707693 0.711575 0.715461 0.719348 0.723239 0.727131 0.731027 0.734925 0.738825 0.742728 0.746634 0.750542 0.754453 0.758366 0.762282 0.766201 0.768340 0.772284 0.776274 0.780308 0.784386 0.788506 0.792668 0.796871 0.801113 0.805394 0.809713 0.814069 0.818461 0.822887 0.827348 0.831842 0.836369 0.840926 0.845514 0.850132 0.854777 0.859451 0.864151 0.868877 0.873627 0.878402 0.883199 0.888018 0.892858 0.897718 0.902598 0.907495 0.912410 0.917341 0.922288 0.927249 0.932223 0.937211 0.942209 0.947219 0.952238 0.957266 0.962302 0.967345 0.972394 0.977449 0.982507 0.987568 0.992632 1.000000))
(channel red)
(curve
    (curve-type smooth)
    (n-points 17)
    (points 34 0.000000 0.000000 -1.000000 -1.000000 0.100000 0.513514 -1.000000 -1.000000 -1.000000 -1.000000 -1.000000 -1.000000 -1.000000 -1.000000 -1.000000 -1.000000 -1.000000 -1.000000 -1.000000 -1.000000 -1.000000 -1.000000 0.690909 0.768340 -1.000000 -1.000000 -1.000000 -1.000000 -1.000000 -1.000000 -1.000000 -1.000000 1.000000 1.000000)
    (n-samples 256)
    (samples 256 0.000000 0.028014 0.055955 0.083751 0.111328 0.138614 0.165537 0.192022 0.217998 0.243392 0.268130 0.292141 0.315351 0.337687 0.359078 0.379449 0.398729 0.416844 0.433721 0.449288 0.463473 0.476201 0.487401 0.497000 0.504925 0.511102 0.513514 0.517836 0.522084 0.526256 0.530354 0.534379 0.538331 0.542212 0.546022 0.549762 0.553432 0.557035 0.560569 0.564037 0.567440 0.570777 0.574049 0.577258 0.580405 0.583490 0.586514 0.589477 0.592381 0.595227 0.598015 0.600746 0.603421 0.606041 0.608606 0.611117 0.613576 0.615983 0.618338 0.620644 0.622899 0.625106 0.627265 0.629377 0.631443 0.633463 0.635439 0.637370 0.639259 0.641106 0.642911 0.644676 0.646401 0.648087 0.649735 0.651345 0.652920 0.654458 0.655962 0.657432 0.658869 0.660273 0.661646 0.662988 0.664301 0.665584 0.666839 0.668066 0.669267 0.670442 0.671592 0.672718 0.673821 0.674901 0.675959 0.676997 0.678014 0.679012 0.679992 0.680954 0.681899 0.682829 0.683743 0.684643 0.685529 0.686403 0.687264 0.688115 0.688956 0.689787 0.690609 0.691424 0.692232 0.693033 0.693829 0.694621 0.695409 0.696194 0.696977 0.697759 0.698541 0.699323 0.700106 0.700891 0.701679 0.702470 0.703267 0.704068 0.704876 0.705690 0.706513 0.707343 0.708184 0.709034 0.709896 0.710770 0.711656 0.712555 0.713469 0.714399 0.715344 0.716306 0.717285 0.718283 0.719300 0.720337 0.721395 0.722475 0.723577 0.724703 0.725853 0.727027 0.728228 0.729455 0.730710 0.731992 0.733304 0.734646 0.736018 0.737422 0.738859 0.740328 0.741832 0.743370 0.744944 0.746554 0.748201 0.749887 0.751611 0.753376 0.755180 0.757026 0.758914 0.760846 0.762821 0.764840 0.768340 0.770475 0.772641 0.774838 0.777064 0.779320 0.781606 0.783920 0.786262 0.788633 0.791031 0.793456 0.795909 0.798387 0.800892 0.803422 0.805978 0.808559 0.811163 0.813793 0.816445 0.819121 0.821820 0.824541 0.827285 0.830050 0.832836 0.835644 0.838471 0.841319 0.844187 0.847074 0.849980 0.852904 0.855847 0.858807 0.861785 0.864779 0.867790 0.870817 0.873860 0.876919 0.879992 0.883080 0.886182 0.889298 0.892427 0.895569 0.898724 0.901891 0.905070 0.908260 0.911461 0.914673 0.917895 0.921127 0.924368 0.927619 0.930878 0.934145 0.937420 0.940702 0.943992 0.947288 0.950590 0.953899 0.957212 0.960531 0.963855 0.967183 0.970514 0.973849 0.977188 0.980529 0.983872 0.987217 0.990564 0.993912 0.997260 1.000000))
(channel green)
(curve
    (curve-type smooth)
    (n-points 17)
    (points 34 0.000000 0.000000 -1.000000 -1.000000 -1.000000 -1.000000 -1.000000 -1.000000 -1.000000 -1.000000 -1.000000 -1.000000 -1.000000 -1.000000 0.409091 0.150579 -1.000000 -1.000000 -1.000000 -1.000000 -1.000000 -1.000000 0.663636 0.718147 -1.000000 -1.000000 -1.000000 -1.000000 -1.000000 -1.000000 -1.000000 -1.000000 1.000000 1.000000)
    (n-samples 256)
    (samples 256 0.000000 0.000043 0.000088 0.000134 0.000182 0.000233 0.000288 0.000348 0.000413 0.000484 0.000562 0.000648 0.000743 0.000846 0.000960 0.001084 0.001221 0.001369 0.001531 0.001706 0.001896 0.002102 0.002324 0.002562 0.002819 0.003094 0.003388 0.003703 0.004038 0.004395 0.004774 0.005177 0.005603 0.006054 0.006531 0.007034 0.007563 0.008121 0.008707 0.009323 0.009968 0.010645 0.011353 0.012093 0.012867 0.013675 0.014517 0.015395 0.016310 0.017261 0.018250 0.019278 0.020345 0.021452 0.022600 0.023790 0.025022 0.026298 0.027617 0.028982 0.030391 0.031848 0.033351 0.034902 0.036502 0.038151 0.039850 0.041600 0.043402 0.045257 0.047165 0.049127 0.051143 0.053215 0.055344 0.057530 0.059773 0.062075 0.064437 0.066859 0.069342 0.071886 0.074493 0.077164 0.079898 0.082698 0.085563 0.088494 0.091493 0.094559 0.097694 0.100899 0.104174 0.107520 0.110938 0.114428 0.117991 0.121629 0.125342 0.129130 0.132995 0.136936 0.140956 0.145055 0.150579 0.155008 0.159798 0.164940 0.170423 0.176235 0.182366 0.188806 0.195542 0.202565 0.209864 0.217427 0.225244 0.233304 0.241596 0.250110 0.258834 0.267758 0.276871 0.286162 0.295621 0.305235 0.314996 0.324890 0.334909 0.345041 0.355275 0.365601 0.376007 0.386483 0.397017 0.407600 0.418220 0.428866 0.439528 0.450195 0.460855 0.471499 0.482115 0.492692 0.503220 0.513687 0.524084 0.534398 0.544620 0.554738 0.564741 0.574620 0.584362 0.593957 0.603395 0.612664 0.621753 0.630652 0.639350 0.647837 0.656100 0.664130 0.671915 0.679445 0.686709 0.693696 0.700395 0.706796 0.712887 0.718147 0.723743 0.729258 0.734693 0.740048 0.745325 0.750524 0.755647 0.760695 0.765667 0.770567 0.775393 0.780148 0.784832 0.789447 0.793992 0.798470 0.802881 0.807226 0.811506 0.815722 0.819875 0.823966 0.827995 0.831965 0.835875 0.839727 0.843522 0.847260 0.850943 0.854571 0.858146 0.861669 0.865140 0.868560 0.871931 0.875253 0.878527 0.881755 0.884937 0.888074 0.891167 0.894217 0.897225 0.900192 0.903119 0.906007 0.908857 0.911670 0.914446 0.917188 0.919894 0.922568 0.925209 0.927819 0.930398 0.932948 0.935470 0.937963 0.940430 0.942872 0.945288 0.947681 0.950052 0.952400 0.954727 0.957035 0.959323 0.961594 0.963848 0.966085 0.968307 0.970515 0.972710 0.974893 0.977065 0.979226 0.981377 0.983521 0.985657 0.987786 0.989910 0.992029 0.994145 0.996258 0.998369 1.000000))
(channel blue)
(curve
    (curve-type smooth)
    (n-points 17)
    (points 34 0.000000 0.000000 -1.000000 -1.000000 -1.000000 -1.000000 -1.000000 -1.000000 -1.000000 -1.000000 -1.000000 -1.000000 -1.000000 -1.000000 -1.000000 -1.000000 0.524242 0.725869 -1.000000 -1.000000 -1.000000 -1.000000 -1.000000 -1.000000 -1.000000 -1.000000 -1.000000 -1.000000 -1.000000 -1.000000 -1.000000 -1.000000 1.000000 1.000000)
    (n-samples 256)
    (samples 256 0.000000 0.006184 0.012368 0.018551 0.024733 0.030914 0.037095 0.043273 0.049450 0.055625 0.061797 0.067967 0.074134 0.080299 0.086460 0.092617 0.098770 0.104920 0.111065 0.117206 0.123341 0.129472 0.135598 0.141717 0.147831 0.153939 0.160041 0.166136 0.172224 0.178305 0.184379 0.190445 0.196504 0.202554 0.208596 0.214629 0.220653 0.226669 0.232675 0.238671 0.244657 0.250634 0.256600 0.262555 0.268499 0.274432 0.280354 0.286265 0.292163 0.298049 0.303923 0.309784 0.315632 0.321467 0.327289 0.333097 0.338890 0.344670 0.350436 0.356186 0.361922 0.367643 0.373348 0.379037 0.384711 0.390368 0.396009 0.401633 0.407240 0.412830 0.418402 0.423957 0.429494 0.435012 0.440512 0.445994 0.451456 0.456899 0.462323 0.467727 0.473110 0.478474 0.483817 0.489139 0.494441 0.499721 0.504979 0.510216 0.515430 0.520623 0.525793 0.530940 0.536064 0.541165 0.546242 0.551295 0.556325 0.561330 0.566310 0.571266 0.576196 0.581102 0.585981 0.590835 0.595663 0.600465 0.605239 0.609987 0.614708 0.619402 0.624068 0.628706 0.633316 0.637898 0.642451 0.646975 0.651470 0.655936 0.660372 0.664779 0.669155 0.673500 0.677815 0.682100 0.686353 0.690574 0.694764 0.698923 0.703048 0.707142 0.711203 0.715231 0.719226 0.723187 0.725869 0.729770 0.733630 0.737450 0.741230 0.744970 0.748671 0.752332 0.755955 0.759540 0.763086 0.766595 0.770066 0.773500 0.776898 0.780259 0.783585 0.786874 0.790128 0.793348 0.796532 0.799683 0.802799 0.805881 0.808931 0.811947 0.814931 0.817882 0.820802 0.823690 0.826546 0.829372 0.832167 0.834932 0.837667 0.840372 0.843048 0.845695 0.848314 0.850904 0.853467 0.856002 0.858510 0.860990 0.863445 0.865873 0.868275 0.870652 0.873004 0.875330 0.877633 0.879911 0.882165 0.884396 0.886603 0.888788 0.890951 0.893091 0.895210 0.897307 0.899382 0.901438 0.903472 0.905487 0.907482 0.909457 0.911414 0.913351 0.915270 0.917172 0.919055 0.920921 0.922770 0.924602 0.926418 0.928218 0.930003 0.931771 0.933525 0.935264 0.936989 0.938700 0.940397 0.942081 0.943752 0.945410 0.947056 0.948690 0.950313 0.951924 0.953524 0.955113 0.956693 0.958262 0.959822 0.961372 0.962914 0.964446 0.965971 0.967488 0.968997 0.970499 0.971995 0.973483 0.974966 0.976442 0.977913 0.979379 0.980840 0.982296 0.983749 0.985197 0.986642 0.988084 0.989523 0.990959 0.992394 0.993826 0.995258 0.996687 0.998117 1.000000))
(channel alpha)
(curve
    (curve-type smooth)
    (n-points 17)
    (points 34 0.000000 0.000000 -1.000000 -1.000000 -1.000000 -1.000000 -1.000000 -1.000000 -1.000000 -1.000000 -1.000000 -1.000000 -1.000000 -1.000000 -1.000000 -1.000000 -1.000000 -1.000000 -1.000000 -1.000000 -1.000000 -1.000000 -1.000000 -1.000000 -1.000000 -1.000000 -1.000000 -1.000000 -1.000000 -1.000000 -1.000000 -1.000000 1.000000 1.000000)
    (n-samples 256)
    (samples 256 0.000000 0.003922 0.007843 0.011765 0.015686 0.019608 0.023529 0.027451 0.031373 0.035294 0.039216 0.043137 0.047059 0.050980 0.054902 0.058824 0.062745 0.066667 0.070588 0.074510 0.078431 0.082353 0.086275 0.090196 0.094118 0.098039 0.101961 0.105882 0.109804 0.113725 0.117647 0.121569 0.125490 0.129412 0.133333 0.137255 0.141176 0.145098 0.149020 0.152941 0.156863 0.160784 0.164706 0.168627 0.172549 0.176471 0.180392 0.184314 0.188235 0.192157 0.196078 0.200000 0.203922 0.207843 0.211765 0.215686 0.219608 0.223529 0.227451 0.231373 0.235294 0.239216 0.243137 0.247059 0.250980 0.254902 0.258824 0.262745 0.266667 0.270588 0.274510 0.278431 0.282353 0.286275 0.290196 0.294118 0.298039 0.301961 0.305882 0.309804 0.313725 0.317647 0.321569 0.325490 0.329412 0.333333 0.337255 0.341176 0.345098 0.349020 0.352941 0.356863 0.360784 0.364706 0.368627 0.372549 0.376471 0.380392 0.384314 0.388235 0.392157 0.396078 0.400000 0.403922 0.407843 0.411765 0.415686 0.419608 0.423529 0.427451 0.431373 0.435294 0.439216 0.443137 0.447059 0.450980 0.454902 0.458824 0.462745 0.466667 0.470588 0.474510 0.478431 0.482353 0.486275 0.490196 0.494118 0.498039 0.501961 0.505882 0.509804 0.513725 0.517647 0.521569 0.525490 0.529412 0.533333 0.537255 0.541176 0.545098 0.549020 0.552941 0.556863 0.560784 0.564706 0.568627 0.572549 0.576471 0.580392 0.584314 0.588235 0.592157 0.596078 0.600000 0.603922 0.607843 0.611765 0.615686 0.619608 0.623529 0.627451 0.631373 0.635294 0.639216 0.643137 0.647059 0.650980 0.654902 0.658824 0.662745 0.666667 0.670588 0.674510 0.678431 0.682353 0.686275 0.690196 0.694118 0.698039 0.701961 0.705882 0.709804 0.713725 0.717647 0.721569 0.725490 0.729412 0.733333 0.737255 0.741176 0.745098 0.749020 0.752941 0.756863 0.760784 0.764706 0.768627 0.772549 0.776471 0.780392 0.784314 0.788235 0.792157 0.796078 0.800000 0.803922 0.807843 0.811765 0.815686 0.819608 0.823529 0.827451 0.831373 0.835294 0.839216 0.843137 0.847059 0.850980 0.854902 0.858824 0.862745 0.866667 0.870588 0.874510 0.878431 0.882353 0.886275 0.890196 0.894118 0.898039 0.901961 0.905882 0.909804 0.913725 0.917647 0.921569 0.925490 0.929412 0.933333 0.937255 0.941176 0.945098 0.949020 0.952941 0.956863 0.960784 0.964706 0.968627 0.972549 0.976471 0.980392 0.984314 0.988235 0.992157 0.996078 1.000000))

# end of curves tool settings
