# GIMP curves tool settings

(time 0)
(channel value)
(curve
    (curve-type smooth)
    (n-points 17)
    (points 34 0.000000 0.000000 -1.000000 -1.000000 -1.000000 -1.000000 0.189024 0.419231 -1.000000 -1.000000 -1.000000 -1.000000 -1.000000 -1.000000 -1.000000 -1.000000 -1.000000 -1.000000 -1.000000 -1.000000 0.615854 0.746154 -1.000000 -1.000000 -1.000000 -1.000000 -1.000000 -1.000000 -1.000000 -1.000000 -1.000000 -1.000000 1.000000 1.000000)
    (n-samples 256)
    (samples 256 0.000000 0.010670 0.021334 0.031989 0.042628 0.053247 0.063840 0.074403 0.084930 0.095417 0.105857 0.116247 0.126580 0.136852 0.147058 0.157193 0.167252 0.177228 0.187119 0.196917 0.206619 0.216218 0.225711 0.235092 0.244355 0.253496 0.262510 0.271391 0.280135 0.288736 0.297189 0.305489 0.313632 0.321611 0.329422 0.337060 0.344520 0.351796 0.358884 0.365778 0.372473 0.378965 0.385247 0.391316 0.397165 0.402790 0.408186 0.413348 0.419231 0.423952 0.428613 0.433215 0.437759 0.442246 0.446675 0.451049 0.455368 0.459632 0.463843 0.468001 0.472107 0.476161 0.480166 0.484120 0.488026 0.491884 0.495695 0.499459 0.503177 0.506851 0.510480 0.514066 0.517609 0.521111 0.524572 0.527992 0.531373 0.534716 0.538020 0.541288 0.544519 0.547715 0.550876 0.554003 0.557097 0.560159 0.563189 0.566189 0.569158 0.572098 0.575010 0.577895 0.580752 0.583583 0.586390 0.589171 0.591929 0.594664 0.597377 0.600069 0.602740 0.605391 0.608024 0.610638 0.613235 0.615815 0.618379 0.620929 0.623464 0.625985 0.628494 0.630991 0.633477 0.635953 0.638419 0.640876 0.643326 0.645768 0.648204 0.650634 0.653059 0.655481 0.657899 0.660315 0.662729 0.665142 0.667555 0.669969 0.672384 0.674801 0.677222 0.679646 0.682075 0.684509 0.686950 0.689397 0.691853 0.694316 0.696790 0.699273 0.701767 0.704273 0.706791 0.709323 0.711869 0.714429 0.717005 0.719598 0.722208 0.724836 0.727482 0.730148 0.732835 0.735542 0.738272 0.741024 0.743799 0.746154 0.748959 0.751757 0.754549 0.757335 0.760114 0.762887 0.765654 0.768414 0.771168 0.773917 0.776659 0.779395 0.782126 0.784851 0.787570 0.790284 0.792992 0.795694 0.798391 0.801083 0.803769 0.806450 0.809126 0.811797 0.814463 0.817124 0.819780 0.822432 0.825078 0.827720 0.830357 0.832990 0.835618 0.838242 0.840862 0.843477 0.846088 0.848695 0.851298 0.853896 0.856491 0.859082 0.861670 0.864253 0.866833 0.869409 0.871982 0.874551 0.877117 0.879680 0.882239 0.884795 0.887348 0.889898 0.892445 0.894989 0.897530 0.900069 0.902604 0.905137 0.907668 0.910196 0.912721 0.915245 0.917765 0.920284 0.922801 0.925315 0.927827 0.930338 0.932846 0.935353 0.937858 0.940361 0.942862 0.945362 0.947861 0.950358 0.952854 0.955348 0.957841 0.960334 0.962825 0.965315 0.967804 0.970292 0.972779 0.975266 0.977752 0.980237 0.982722 0.985206 0.987690 0.990174 0.992657 0.995140 0.997623 1.000000))
(time 0)
(channel red)
(curve
    (curve-type smooth)
    (n-points 17)
    (points 34 0.000000 0.000000 -1.000000 -1.000000 -1.000000 -1.000000 -1.000000 -1.000000 0.237805 0.326923 -1.000000 -1.000000 -1.000000 -1.000000 -1.000000 -1.000000 -1.000000 -1.000000 -1.000000 -1.000000 -1.000000 -1.000000 -1.000000 -1.000000 -1.000000 -1.000000 0.792683 0.703846 -1.000000 -1.000000 -1.000000 -1.000000 1.000000 1.000000)
    (n-samples 256)
    (samples 256 0.000000 0.006345 0.012689 0.019030 0.025366 0.031696 0.038018 0.044331 0.050633 0.056922 0.063198 0.069458 0.075700 0.081924 0.088128 0.094310 0.100469 0.106602 0.112710 0.118789 0.124838 0.130857 0.136842 0.142794 0.148709 0.154588 0.160427 0.166226 0.171983 0.177696 0.183364 0.188985 0.194558 0.200081 0.205553 0.210971 0.216336 0.221644 0.226894 0.232086 0.237216 0.242285 0.247289 0.252228 0.257100 0.261904 0.266637 0.271299 0.275888 0.280402 0.284839 0.289199 0.293479 0.297678 0.301795 0.305828 0.309775 0.313634 0.317405 0.321086 0.324674 0.326923 0.330388 0.333819 0.337217 0.340581 0.343913 0.347213 0.350482 0.353719 0.356926 0.360103 0.363251 0.366369 0.369459 0.372520 0.375554 0.378561 0.381541 0.384495 0.387423 0.390326 0.393204 0.396058 0.398888 0.401695 0.404479 0.407241 0.409981 0.412699 0.415397 0.418075 0.420732 0.423370 0.425990 0.428590 0.431173 0.433739 0.436287 0.438819 0.441335 0.443835 0.446321 0.448791 0.451248 0.453691 0.456121 0.458539 0.460944 0.463338 0.465720 0.468092 0.470454 0.472806 0.475148 0.477482 0.479808 0.482126 0.484437 0.486741 0.489038 0.491330 0.493616 0.495898 0.498175 0.500448 0.502718 0.504985 0.507250 0.509512 0.511773 0.514033 0.516293 0.518553 0.520813 0.523074 0.525336 0.527600 0.529867 0.532137 0.534410 0.536687 0.538968 0.541255 0.543546 0.545843 0.548147 0.550457 0.552775 0.555100 0.557434 0.559776 0.562127 0.564488 0.566860 0.569242 0.571635 0.574040 0.576456 0.578886 0.581328 0.583784 0.586255 0.588739 0.591239 0.593754 0.596285 0.598833 0.601397 0.603979 0.606579 0.609197 0.611835 0.614491 0.617168 0.619865 0.622582 0.625321 0.628082 0.630865 0.633671 0.636500 0.639352 0.642229 0.645131 0.648058 0.651011 0.653989 0.656995 0.660027 0.663088 0.666176 0.669293 0.672439 0.675614 0.678820 0.682056 0.685323 0.688621 0.691952 0.695315 0.698711 0.703846 0.707370 0.711012 0.714771 0.718645 0.722631 0.726727 0.730930 0.735239 0.739650 0.744163 0.748774 0.753481 0.758282 0.763174 0.768156 0.773224 0.778377 0.783613 0.788928 0.794322 0.799790 0.805332 0.810945 0.816627 0.822374 0.828186 0.834059 0.839992 0.845982 0.852026 0.858123 0.864271 0.870466 0.876707 0.882991 0.889316 0.895680 0.902080 0.908515 0.914981 0.921477 0.928000 0.934548 0.941119 0.947710 0.954319 0.960943 0.967582 0.974231 0.980890 0.987555 0.994224 1.000000))
(time 0)
(channel green)
(curve
    (curve-type smooth)
    (n-points 17)
    (points 34 0.000000 0.000000 -1.000000 -1.000000 -1.000000 -1.000000 -1.000000 -1.000000 -1.000000 -1.000000 0.317073 0.273077 -1.000000 -1.000000 -1.000000 -1.000000 -1.000000 -1.000000 -1.000000 -1.000000 -1.000000 -1.000000 -1.000000 -1.000000 -1.000000 -1.000000 0.792683 0.796154 -1.000000 -1.000000 -1.000000 -1.000000 1.000000 1.000000)
    (n-samples 256)
    (samples 256 0.000000 0.003097 0.006194 0.009291 0.012390 0.015489 0.018590 0.021692 0.024796 0.027902 0.031011 0.034122 0.037235 0.040352 0.043472 0.046596 0.049724 0.052856 0.055992 0.059133 0.062279 0.065430 0.068586 0.071748 0.074916 0.078090 0.081270 0.084458 0.087652 0.090853 0.094062 0.097279 0.100503 0.103736 0.106977 0.110227 0.113486 0.116755 0.120033 0.123320 0.126618 0.129926 0.133245 0.136574 0.139915 0.143266 0.146630 0.150005 0.153393 0.156792 0.160205 0.163630 0.167068 0.170520 0.173985 0.177465 0.180958 0.184466 0.187989 0.191526 0.195079 0.198647 0.202231 0.205831 0.209447 0.213080 0.216729 0.220395 0.224079 0.227780 0.231499 0.235236 0.238991 0.242765 0.246557 0.250369 0.254200 0.258051 0.261921 0.265811 0.269722 0.273077 0.277023 0.280983 0.284958 0.288947 0.292949 0.296965 0.300995 0.305037 0.309093 0.313161 0.317242 0.321335 0.325440 0.329557 0.333686 0.337827 0.341978 0.346141 0.350315 0.354499 0.358693 0.362898 0.367113 0.371338 0.375572 0.379816 0.384069 0.388331 0.392602 0.396881 0.401169 0.405464 0.409768 0.414080 0.418398 0.422725 0.427058 0.431398 0.435745 0.440099 0.444458 0.448824 0.453195 0.457573 0.461955 0.466343 0.470736 0.475133 0.479536 0.483942 0.488353 0.492768 0.497186 0.501608 0.506033 0.510462 0.514893 0.519327 0.523764 0.528203 0.532644 0.537086 0.541531 0.545977 0.550424 0.554872 0.559321 0.563770 0.568220 0.572671 0.577121 0.581571 0.586020 0.590469 0.594917 0.599364 0.603810 0.608254 0.612696 0.617137 0.621575 0.626011 0.630445 0.634876 0.639304 0.643729 0.648150 0.652568 0.656982 0.661392 0.665798 0.670200 0.674596 0.678988 0.683375 0.687757 0.692133 0.696504 0.700869 0.705227 0.709580 0.713925 0.718265 0.722597 0.726922 0.731240 0.735550 0.739852 0.744147 0.748433 0.752711 0.756980 0.761241 0.765492 0.769734 0.773967 0.778190 0.782404 0.786607 0.790800 0.796154 0.800319 0.804467 0.808597 0.812710 0.816806 0.820886 0.824950 0.828999 0.833032 0.837050 0.841053 0.845042 0.849017 0.852979 0.856927 0.860862 0.864785 0.868696 0.872594 0.876481 0.880357 0.884222 0.888076 0.891920 0.895754 0.899579 0.903395 0.907201 0.910999 0.914790 0.918572 0.922347 0.926114 0.929875 0.933629 0.937378 0.941120 0.944857 0.948589 0.952317 0.956040 0.959758 0.963474 0.967185 0.970894 0.974600 0.978304 0.982006 0.985706 0.989404 0.993102 0.996799 1.000000))
(time 0)
(channel blue)
(curve
    (curve-type smooth)
    (n-points 17)
    (points 34 0.000000 0.000000 -1.000000 -1.000000 -1.000000 -1.000000 -1.000000 -1.000000 0.228659 0.234615 -1.000000 -1.000000 -1.000000 -1.000000 -1.000000 -1.000000 -1.000000 -1.000000 -1.000000 -1.000000 -1.000000 -1.000000 -1.000000 -1.000000 0.719512 0.773077 -1.000000 -1.000000 -1.000000 -1.000000 -1.000000 -1.000000 1.000000 1.000000)
    (n-samples 256)
    (samples 256 0.000000 0.003929 0.007858 0.011787 0.015717 0.019648 0.023579 0.027511 0.031445 0.035380 0.039316 0.043254 0.047194 0.051136 0.055080 0.059027 0.062976 0.066927 0.070882 0.074839 0.078800 0.082764 0.086732 0.090703 0.094678 0.098657 0.102640 0.106628 0.110620 0.114617 0.118619 0.122626 0.126637 0.130655 0.134678 0.138706 0.142740 0.146781 0.150827 0.154880 0.158940 0.163006 0.167079 0.171159 0.175246 0.179341 0.183443 0.187553 0.191671 0.195797 0.199931 0.204073 0.208224 0.212384 0.216552 0.220730 0.224917 0.229113 0.234615 0.238834 0.243061 0.247297 0.251542 0.255796 0.260059 0.264329 0.268608 0.272894 0.277188 0.281490 0.285798 0.290114 0.294437 0.298767 0.303103 0.307445 0.311793 0.316148 0.320508 0.324874 0.329245 0.333621 0.338003 0.342389 0.346780 0.351175 0.355574 0.359977 0.364385 0.368796 0.373210 0.377628 0.382048 0.386472 0.390898 0.395327 0.399758 0.404191 0.408627 0.413064 0.417502 0.421942 0.426383 0.430825 0.435268 0.439711 0.444155 0.448599 0.453043 0.457487 0.461930 0.466373 0.470815 0.475256 0.479696 0.484135 0.488573 0.493008 0.497442 0.501873 0.506303 0.510730 0.515154 0.519575 0.523994 0.528409 0.532821 0.537229 0.541633 0.546033 0.550429 0.554821 0.559208 0.563591 0.567968 0.572341 0.576708 0.581069 0.585425 0.589775 0.594119 0.598456 0.602787 0.607111 0.611429 0.615739 0.620043 0.624338 0.628626 0.632907 0.637179 0.641443 0.645699 0.649946 0.654185 0.658414 0.662634 0.666845 0.671047 0.675238 0.679420 0.683592 0.687753 0.691904 0.696044 0.700174 0.704292 0.708399 0.712494 0.716578 0.720650 0.724710 0.728758 0.732794 0.736817 0.740827 0.744824 0.748808 0.752778 0.756735 0.760679 0.764608 0.768523 0.773077 0.776953 0.780800 0.784617 0.788405 0.792165 0.795897 0.799602 0.803279 0.806929 0.810553 0.814151 0.817724 0.821271 0.824794 0.828292 0.831767 0.835218 0.838647 0.842053 0.845436 0.848798 0.852139 0.855459 0.858758 0.862037 0.865297 0.868537 0.871759 0.874963 0.878148 0.881316 0.884467 0.887601 0.890719 0.893822 0.896908 0.899980 0.903038 0.906081 0.909110 0.912126 0.915130 0.918121 0.921099 0.924067 0.927023 0.929968 0.932903 0.935828 0.938744 0.941650 0.944548 0.947438 0.950320 0.953194 0.956062 0.958922 0.961777 0.964626 0.967470 0.970309 0.973144 0.975974 0.978801 0.981625 0.984446 0.987265 0.990082 0.992897 0.995711 0.998525 1.000000))
(time 0)
(channel alpha)
(curve
    (curve-type smooth)
    (n-points 17)
    (points 34 0.000000 0.000000 -1.000000 -1.000000 -1.000000 -1.000000 -1.000000 -1.000000 -1.000000 -1.000000 -1.000000 -1.000000 -1.000000 -1.000000 -1.000000 -1.000000 -1.000000 -1.000000 -1.000000 -1.000000 -1.000000 -1.000000 -1.000000 -1.000000 -1.000000 -1.000000 -1.000000 -1.000000 -1.000000 -1.000000 -1.000000 -1.000000 1.000000 1.000000)
    (n-samples 256)
    (samples 256 0.000000 0.003922 0.007843 0.011765 0.015686 0.019608 0.023529 0.027451 0.031373 0.035294 0.039216 0.043137 0.047059 0.050980 0.054902 0.058824 0.062745 0.066667 0.070588 0.074510 0.078431 0.082353 0.086275 0.090196 0.094118 0.098039 0.101961 0.105882 0.109804 0.113725 0.117647 0.121569 0.125490 0.129412 0.133333 0.137255 0.141176 0.145098 0.149020 0.152941 0.156863 0.160784 0.164706 0.168627 0.172549 0.176471 0.180392 0.184314 0.188235 0.192157 0.196078 0.200000 0.203922 0.207843 0.211765 0.215686 0.219608 0.223529 0.227451 0.231373 0.235294 0.239216 0.243137 0.247059 0.250980 0.254902 0.258824 0.262745 0.266667 0.270588 0.274510 0.278431 0.282353 0.286275 0.290196 0.294118 0.298039 0.301961 0.305882 0.309804 0.313725 0.317647 0.321569 0.325490 0.329412 0.333333 0.337255 0.341176 0.345098 0.349020 0.352941 0.356863 0.360784 0.364706 0.368627 0.372549 0.376471 0.380392 0.384314 0.388235 0.392157 0.396078 0.400000 0.403922 0.407843 0.411765 0.415686 0.419608 0.423529 0.427451 0.431373 0.435294 0.439216 0.443137 0.447059 0.450980 0.454902 0.458824 0.462745 0.466667 0.470588 0.474510 0.478431 0.482353 0.486275 0.490196 0.494118 0.498039 0.501961 0.505882 0.509804 0.513725 0.517647 0.521569 0.525490 0.529412 0.533333 0.537255 0.541176 0.545098 0.549020 0.552941 0.556863 0.560784 0.564706 0.568627 0.572549 0.576471 0.580392 0.584314 0.588235 0.592157 0.596078 0.600000 0.603922 0.607843 0.611765 0.615686 0.619608 0.623529 0.627451 0.631373 0.635294 0.639216 0.643137 0.647059 0.650980 0.654902 0.658824 0.662745 0.666667 0.670588 0.674510 0.678431 0.682353 0.686275 0.690196 0.694118 0.698039 0.701961 0.705882 0.709804 0.713725 0.717647 0.721569 0.725490 0.729412 0.733333 0.737255 0.741176 0.745098 0.749020 0.752941 0.756863 0.760784 0.764706 0.768627 0.772549 0.776471 0.780392 0.784314 0.788235 0.792157 0.796078 0.800000 0.803922 0.807843 0.811765 0.815686 0.819608 0.823529 0.827451 0.831373 0.835294 0.839216 0.843137 0.847059 0.850980 0.854902 0.858824 0.862745 0.866667 0.870588 0.874510 0.878431 0.882353 0.886275 0.890196 0.894118 0.898039 0.901961 0.905882 0.909804 0.913725 0.917647 0.921569 0.925490 0.929412 0.933333 0.937255 0.941176 0.945098 0.949020 0.952941 0.956863 0.960784 0.964706 0.968627 0.972549 0.976471 0.980392 0.984314 0.988235 0.992157 0.996078 1.000000))

# end of curves tool settings
