# GIMP curves tool settings

(time 0)
(channel value)
(curve
    (curve-type smooth)
    (n-points 17)
    (points 34 0.000000 0.000000 -1.000000 -1.000000 -1.000000 -1.000000 -1.000000 -1.000000 -1.000000 -1.000000 -1.000000 -1.000000 -1.000000 -1.000000 -1.000000 -1.000000 0.487805 0.640625 -1.000000 -1.000000 -1.000000 -1.000000 -1.000000 -1.000000 -1.000000 -1.000000 -1.000000 -1.000000 -1.000000 -1.000000 -1.000000 -1.000000 1.000000 1.000000)
    (n-samples 256)
    (samples 256 0.000000 0.005764 0.011528 0.017292 0.023055 0.028817 0.034578 0.040337 0.046095 0.051851 0.057604 0.063356 0.069104 0.074850 0.080593 0.086332 0.092068 0.097800 0.103528 0.109251 0.114970 0.120685 0.126394 0.132098 0.137797 0.143490 0.149177 0.154857 0.160532 0.166199 0.171860 0.177514 0.183160 0.188798 0.194429 0.200052 0.205666 0.211272 0.216869 0.222457 0.228035 0.233604 0.239163 0.244713 0.250252 0.255780 0.261298 0.266805 0.272301 0.277785 0.283257 0.288718 0.294167 0.299603 0.305026 0.310437 0.315834 0.321219 0.326589 0.331946 0.337289 0.342617 0.347931 0.353230 0.358514 0.363783 0.369037 0.374274 0.379496 0.384702 0.389891 0.395063 0.400219 0.405357 0.410478 0.415581 0.420667 0.425734 0.430783 0.435814 0.440826 0.445818 0.450791 0.455745 0.460679 0.465593 0.470487 0.475360 0.480213 0.485044 0.489855 0.494644 0.499411 0.504156 0.508879 0.513580 0.518258 0.522914 0.527546 0.532155 0.536740 0.541301 0.545839 0.550352 0.554840 0.559304 0.563743 0.568156 0.572544 0.576907 0.581243 0.585553 0.589837 0.594094 0.598324 0.602527 0.606703 0.610851 0.614971 0.619063 0.623126 0.627161 0.631167 0.635145 0.640625 0.644533 0.648415 0.652270 0.656098 0.659901 0.663678 0.667429 0.671155 0.674856 0.678531 0.682182 0.685808 0.689410 0.692987 0.696541 0.700071 0.703577 0.707059 0.710519 0.713956 0.717370 0.720761 0.724130 0.727477 0.730802 0.734105 0.737386 0.740647 0.743886 0.747104 0.750302 0.753479 0.756636 0.759772 0.762889 0.765986 0.769064 0.772123 0.775162 0.778182 0.781184 0.784168 0.787133 0.790080 0.793010 0.795921 0.798816 0.801693 0.804553 0.807396 0.810223 0.813033 0.815828 0.818606 0.821368 0.824115 0.826847 0.829563 0.832265 0.834951 0.837624 0.840282 0.842925 0.845555 0.848171 0.850774 0.853363 0.855940 0.858503 0.861054 0.863592 0.866118 0.868632 0.871134 0.873624 0.876103 0.878571 0.881028 0.883474 0.885909 0.888334 0.890748 0.893153 0.895548 0.897933 0.900309 0.902676 0.905033 0.907382 0.909723 0.912055 0.914378 0.916694 0.919003 0.921303 0.923597 0.925883 0.928162 0.930435 0.932701 0.934960 0.937214 0.939462 0.941704 0.943941 0.946172 0.948398 0.950620 0.952837 0.955049 0.957257 0.959461 0.961661 0.963858 0.966051 0.968241 0.970428 0.972612 0.974794 0.976973 0.979150 0.981325 0.983498 0.985670 0.987840 0.990010 0.992178 0.994345 0.996512 0.998679 1.000000))
(time 0)
(channel red)
(curve
    (curve-type smooth)
    (n-points 17)
    (points 34 0.000000 0.000000 -1.000000 -1.000000 -1.000000 -1.000000 -1.000000 -1.000000 -1.000000 -1.000000 -1.000000 -1.000000 -1.000000 -1.000000 0.463415 0.500000 -1.000000 -1.000000 -1.000000 -1.000000 -1.000000 -1.000000 -1.000000 -1.000000 -1.000000 -1.000000 -1.000000 -1.000000 -1.000000 -1.000000 -1.000000 -1.000000 1.000000 1.000000)
    (n-samples 256)
    (samples 256 0.000000 0.004386 0.008772 0.013158 0.017543 0.021928 0.026313 0.030698 0.035082 0.039466 0.043849 0.048231 0.052612 0.056993 0.061373 0.065752 0.070130 0.074507 0.078883 0.083257 0.087631 0.092003 0.096373 0.100742 0.105110 0.109476 0.113840 0.118203 0.122564 0.126923 0.131280 0.135635 0.139988 0.144338 0.148687 0.153033 0.157378 0.161719 0.166058 0.170395 0.174729 0.179061 0.183389 0.187715 0.192038 0.196358 0.200675 0.204989 0.209300 0.213608 0.217913 0.222214 0.226511 0.230806 0.235097 0.239384 0.243667 0.247947 0.252223 0.256495 0.260763 0.265028 0.269288 0.273544 0.277796 0.282043 0.286287 0.290526 0.294760 0.298990 0.303215 0.307436 0.311652 0.315863 0.320069 0.324271 0.328467 0.332658 0.336845 0.341026 0.345202 0.349372 0.353537 0.357697 0.361851 0.365999 0.370142 0.374279 0.378411 0.382536 0.386656 0.390769 0.394877 0.398978 0.403073 0.407162 0.411245 0.415321 0.419391 0.423454 0.427511 0.431561 0.435605 0.439641 0.443671 0.447694 0.451710 0.455718 0.459720 0.463714 0.467702 0.471681 0.475654 0.479619 0.483577 0.487527 0.491469 0.495404 0.500000 0.503919 0.507831 0.511739 0.515640 0.519535 0.523425 0.527310 0.531189 0.535062 0.538930 0.542792 0.546649 0.550501 0.554347 0.558188 0.562024 0.565855 0.569680 0.573501 0.577316 0.581126 0.584932 0.588732 0.592528 0.596319 0.600105 0.603886 0.607663 0.611435 0.615202 0.618965 0.622723 0.626476 0.630226 0.633970 0.637711 0.641447 0.645179 0.648906 0.652630 0.656349 0.660064 0.663775 0.667483 0.671186 0.674885 0.678580 0.682272 0.685959 0.689643 0.693323 0.697000 0.700673 0.704342 0.708008 0.711670 0.715328 0.718984 0.722636 0.726284 0.729930 0.733572 0.737211 0.740846 0.744479 0.748108 0.751735 0.755358 0.758979 0.762596 0.766211 0.769823 0.773432 0.777039 0.780642 0.784243 0.787842 0.791438 0.795031 0.798622 0.802211 0.805797 0.809380 0.812962 0.816541 0.820118 0.823693 0.827265 0.830836 0.834404 0.837971 0.841535 0.845098 0.848659 0.852217 0.855775 0.859330 0.862884 0.866436 0.869986 0.873535 0.877082 0.880628 0.884172 0.887715 0.891256 0.894797 0.898335 0.901873 0.905410 0.908945 0.912479 0.916012 0.919545 0.923076 0.926606 0.930135 0.933664 0.937192 0.940719 0.944245 0.947770 0.951295 0.954819 0.958343 0.961867 0.965389 0.968912 0.972434 0.975955 0.979477 0.982998 0.986519 0.990039 0.993560 0.997081 1.000000))
(time 0)
(channel green)
(curve
    (curve-type smooth)
    (n-points 17)
    (points 34 0.000000 0.000000 -1.000000 -1.000000 -1.000000 -1.000000 -1.000000 -1.000000 -1.000000 -1.000000 -1.000000 -1.000000 -1.000000 -1.000000 -1.000000 -1.000000 -1.000000 -1.000000 -1.000000 -1.000000 -1.000000 -1.000000 -1.000000 -1.000000 -1.000000 -1.000000 -1.000000 -1.000000 -1.000000 -1.000000 -1.000000 -1.000000 1.000000 1.000000)
    (n-samples 256)
    (samples 256 0.000000 0.003922 0.007843 0.011765 0.015686 0.019608 0.023529 0.027451 0.031373 0.035294 0.039216 0.043137 0.047059 0.050980 0.054902 0.058824 0.062745 0.066667 0.070588 0.074510 0.078431 0.082353 0.086275 0.090196 0.094118 0.098039 0.101961 0.105882 0.109804 0.113725 0.117647 0.121569 0.125490 0.129412 0.133333 0.137255 0.141176 0.145098 0.149020 0.152941 0.156863 0.160784 0.164706 0.168627 0.172549 0.176471 0.180392 0.184314 0.188235 0.192157 0.196078 0.200000 0.203922 0.207843 0.211765 0.215686 0.219608 0.223529 0.227451 0.231373 0.235294 0.239216 0.243137 0.247059 0.250980 0.254902 0.258824 0.262745 0.266667 0.270588 0.274510 0.278431 0.282353 0.286275 0.290196 0.294118 0.298039 0.301961 0.305882 0.309804 0.313725 0.317647 0.321569 0.325490 0.329412 0.333333 0.337255 0.341176 0.345098 0.349020 0.352941 0.356863 0.360784 0.364706 0.368627 0.372549 0.376471 0.380392 0.384314 0.388235 0.392157 0.396078 0.400000 0.403922 0.407843 0.411765 0.415686 0.419608 0.423529 0.427451 0.431373 0.435294 0.439216 0.443137 0.447059 0.450980 0.454902 0.458824 0.462745 0.466667 0.470588 0.474510 0.478431 0.482353 0.486275 0.490196 0.494118 0.498039 0.501961 0.505882 0.509804 0.513725 0.517647 0.521569 0.525490 0.529412 0.533333 0.537255 0.541176 0.545098 0.549020 0.552941 0.556863 0.560784 0.564706 0.568627 0.572549 0.576471 0.580392 0.584314 0.588235 0.592157 0.596078 0.600000 0.603922 0.607843 0.611765 0.615686 0.619608 0.623529 0.627451 0.631373 0.635294 0.639216 0.643137 0.647059 0.650980 0.654902 0.658824 0.662745 0.666667 0.670588 0.674510 0.678431 0.682353 0.686275 0.690196 0.694118 0.698039 0.701961 0.705882 0.709804 0.713725 0.717647 0.721569 0.725490 0.729412 0.733333 0.737255 0.741176 0.745098 0.749020 0.752941 0.756863 0.760784 0.764706 0.768627 0.772549 0.776471 0.780392 0.784314 0.788235 0.792157 0.796078 0.800000 0.803922 0.807843 0.811765 0.815686 0.819608 0.823529 0.827451 0.831373 0.835294 0.839216 0.843137 0.847059 0.850980 0.854902 0.858824 0.862745 0.866667 0.870588 0.874510 0.878431 0.882353 0.886275 0.890196 0.894118 0.898039 0.901961 0.905882 0.909804 0.913725 0.917647 0.921569 0.925490 0.929412 0.933333 0.937255 0.941176 0.945098 0.949020 0.952941 0.956863 0.960784 0.964706 0.968627 0.972549 0.976471 0.980392 0.984314 0.988235 0.992157 0.996078 1.000000))
(time 0)
(channel blue)
(curve
    (curve-type smooth)
    (n-points 17)
    (points 34 0.000000 0.000000 -1.000000 -1.000000 -1.000000 -1.000000 0.179878 0.304688 -1.000000 -1.000000 0.320122 0.316406 -1.000000 -1.000000 0.448171 0.515625 -1.000000 -1.000000 -1.000000 -1.000000 -1.000000 -1.000000 0.689024 0.703125 -1.000000 -1.000000 0.798780 0.894531 -1.000000 -1.000000 -1.000000 -1.000000 1.000000 1.000000)
    (n-samples 256)
    (samples 256 0.000000 0.008025 0.016046 0.024060 0.032061 0.040047 0.048013 0.055955 0.063870 0.071753 0.079601 0.087409 0.095174 0.102891 0.110558 0.118169 0.125720 0.133209 0.140631 0.147981 0.155257 0.162454 0.169568 0.176595 0.183531 0.190373 0.197116 0.203757 0.210291 0.216714 0.223024 0.229215 0.235283 0.241225 0.247038 0.252716 0.258256 0.263654 0.268906 0.274008 0.278956 0.283747 0.288375 0.292838 0.297132 0.301252 0.304688 0.308293 0.311377 0.313969 0.316099 0.317797 0.319091 0.320011 0.320588 0.320850 0.320828 0.320550 0.320046 0.319347 0.318481 0.317478 0.316367 0.315179 0.313942 0.312687 0.311443 0.310239 0.309106 0.308072 0.307167 0.306421 0.305863 0.305524 0.305432 0.305617 0.306108 0.306936 0.308130 0.309719 0.311733 0.314201 0.316406 0.319731 0.323518 0.327741 0.332371 0.337380 0.342740 0.348422 0.354399 0.360641 0.367122 0.373812 0.380684 0.387709 0.394860 0.402107 0.409424 0.416781 0.424151 0.431505 0.438815 0.446052 0.453190 0.460199 0.467052 0.473720 0.480175 0.486388 0.492333 0.497980 0.503301 0.508268 0.515625 0.519683 0.523637 0.527490 0.531247 0.534910 0.538484 0.541972 0.545377 0.548703 0.551954 0.555133 0.558244 0.561290 0.564275 0.567202 0.570076 0.572898 0.575675 0.578407 0.581101 0.583758 0.586382 0.588977 0.591547 0.594096 0.596625 0.599141 0.601644 0.604141 0.606633 0.609125 0.611620 0.614121 0.616633 0.619159 0.621702 0.624266 0.626855 0.629471 0.632119 0.634803 0.637525 0.640290 0.643100 0.645961 0.648874 0.651843 0.654873 0.657967 0.661128 0.664360 0.667667 0.671051 0.674517 0.678068 0.681708 0.685441 0.689269 0.693197 0.697227 0.701365 0.703125 0.707652 0.712729 0.718311 0.724355 0.730818 0.737655 0.744823 0.752279 0.759979 0.767879 0.775935 0.784105 0.792343 0.800608 0.808854 0.817039 0.825119 0.833050 0.840789 0.848291 0.855514 0.862414 0.868946 0.875068 0.880736 0.885905 0.890534 0.894531 0.898226 0.901824 0.905327 0.908737 0.912056 0.915286 0.918429 0.921487 0.924461 0.927354 0.930167 0.932903 0.935564 0.938150 0.940665 0.943110 0.945487 0.947798 0.950045 0.952230 0.954354 0.956420 0.958430 0.960386 0.962288 0.964141 0.965944 0.967701 0.969413 0.971082 0.972710 0.974299 0.975851 0.977367 0.978850 0.980302 0.981725 0.983120 0.984489 0.985835 0.987158 0.988462 0.989748 0.991019 0.992275 0.993519 0.994752 0.995978 0.997197 0.998411 1.000000))
(time 0)
(channel alpha)
(curve
    (curve-type smooth)
    (n-points 17)
    (points 34 0.000000 0.000000 -1.000000 -1.000000 -1.000000 -1.000000 -1.000000 -1.000000 -1.000000 -1.000000 -1.000000 -1.000000 -1.000000 -1.000000 -1.000000 -1.000000 -1.000000 -1.000000 -1.000000 -1.000000 -1.000000 -1.000000 -1.000000 -1.000000 -1.000000 -1.000000 -1.000000 -1.000000 -1.000000 -1.000000 -1.000000 -1.000000 1.000000 1.000000)
    (n-samples 256)
    (samples 256 0.000000 0.003922 0.007843 0.011765 0.015686 0.019608 0.023529 0.027451 0.031373 0.035294 0.039216 0.043137 0.047059 0.050980 0.054902 0.058824 0.062745 0.066667 0.070588 0.074510 0.078431 0.082353 0.086275 0.090196 0.094118 0.098039 0.101961 0.105882 0.109804 0.113725 0.117647 0.121569 0.125490 0.129412 0.133333 0.137255 0.141176 0.145098 0.149020 0.152941 0.156863 0.160784 0.164706 0.168627 0.172549 0.176471 0.180392 0.184314 0.188235 0.192157 0.196078 0.200000 0.203922 0.207843 0.211765 0.215686 0.219608 0.223529 0.227451 0.231373 0.235294 0.239216 0.243137 0.247059 0.250980 0.254902 0.258824 0.262745 0.266667 0.270588 0.274510 0.278431 0.282353 0.286275 0.290196 0.294118 0.298039 0.301961 0.305882 0.309804 0.313725 0.317647 0.321569 0.325490 0.329412 0.333333 0.337255 0.341176 0.345098 0.349020 0.352941 0.356863 0.360784 0.364706 0.368627 0.372549 0.376471 0.380392 0.384314 0.388235 0.392157 0.396078 0.400000 0.403922 0.407843 0.411765 0.415686 0.419608 0.423529 0.427451 0.431373 0.435294 0.439216 0.443137 0.447059 0.450980 0.454902 0.458824 0.462745 0.466667 0.470588 0.474510 0.478431 0.482353 0.486275 0.490196 0.494118 0.498039 0.501961 0.505882 0.509804 0.513725 0.517647 0.521569 0.525490 0.529412 0.533333 0.537255 0.541176 0.545098 0.549020 0.552941 0.556863 0.560784 0.564706 0.568627 0.572549 0.576471 0.580392 0.584314 0.588235 0.592157 0.596078 0.600000 0.603922 0.607843 0.611765 0.615686 0.619608 0.623529 0.627451 0.631373 0.635294 0.639216 0.643137 0.647059 0.650980 0.654902 0.658824 0.662745 0.666667 0.670588 0.674510 0.678431 0.682353 0.686275 0.690196 0.694118 0.698039 0.701961 0.705882 0.709804 0.713725 0.717647 0.721569 0.725490 0.729412 0.733333 0.737255 0.741176 0.745098 0.749020 0.752941 0.756863 0.760784 0.764706 0.768627 0.772549 0.776471 0.780392 0.784314 0.788235 0.792157 0.796078 0.800000 0.803922 0.807843 0.811765 0.815686 0.819608 0.823529 0.827451 0.831373 0.835294 0.839216 0.843137 0.847059 0.850980 0.854902 0.858824 0.862745 0.866667 0.870588 0.874510 0.878431 0.882353 0.886275 0.890196 0.894118 0.898039 0.901961 0.905882 0.909804 0.913725 0.917647 0.921569 0.925490 0.929412 0.933333 0.937255 0.941176 0.945098 0.949020 0.952941 0.956863 0.960784 0.964706 0.968627 0.972549 0.976471 0.980392 0.984314 0.988235 0.992157 0.996078 1.000000))

# end of curves tool settings
