# GIMP curves tool settings

(time 0)
(channel value)
(curve
    (curve-type smooth)
    (n-points 17)
    (points 34 0.000000 0.000000 -1.000000 -1.000000 -1.000000 -1.000000 0.205521 0.601563 -1.000000 -1.000000 -1.000000 -1.000000 -1.000000 -1.000000 0.447853 0.726563 -1.000000 -1.000000 -1.000000 -1.000000 -1.000000 -1.000000 -1.000000 -1.000000 -1.000000 -1.000000 -1.000000 -1.000000 -1.000000 -1.000000 -1.000000 -1.000000 1.000000 1.000000)
    (n-samples 256)
    (samples 256 0.000000 0.014036 0.028066 0.042085 0.056087 0.070067 0.084019 0.097937 0.111816 0.125651 0.139435 0.153163 0.166830 0.180430 0.193957 0.207406 0.220771 0.234047 0.247228 0.260308 0.273282 0.286144 0.298889 0.311511 0.324004 0.336363 0.348583 0.360657 0.372580 0.384347 0.395952 0.407389 0.418653 0.429738 0.440638 0.451349 0.461864 0.472178 0.482285 0.492179 0.501856 0.511309 0.520533 0.529523 0.538272 0.546775 0.555027 0.563021 0.570753 0.578217 0.585407 0.592317 0.601563 0.607786 0.613737 0.619423 0.624850 0.630025 0.634954 0.639645 0.644103 0.648337 0.652352 0.656155 0.659753 0.663153 0.666361 0.669384 0.672229 0.674903 0.677413 0.679764 0.681964 0.684020 0.685938 0.687724 0.689387 0.690932 0.692366 0.693697 0.694929 0.696072 0.697130 0.698111 0.699022 0.699869 0.700659 0.701399 0.702095 0.702754 0.703384 0.703990 0.704579 0.705159 0.705735 0.706315 0.706906 0.707513 0.708144 0.708806 0.709505 0.710248 0.711042 0.711893 0.712808 0.713794 0.714858 0.716006 0.717245 0.718582 0.720024 0.721576 0.723247 0.725043 0.726563 0.728529 0.730495 0.732460 0.734425 0.736390 0.738353 0.740317 0.742280 0.744242 0.746204 0.748165 0.750126 0.752087 0.754047 0.756006 0.757965 0.759924 0.761882 0.763839 0.765796 0.767753 0.769709 0.771665 0.773621 0.775576 0.777530 0.779484 0.781438 0.783391 0.785344 0.787296 0.789248 0.791200 0.793151 0.795102 0.797052 0.799003 0.800952 0.802901 0.804850 0.806799 0.808747 0.810695 0.812642 0.814589 0.816536 0.818482 0.820428 0.822374 0.824319 0.826264 0.828208 0.830153 0.832097 0.834040 0.835984 0.837927 0.839869 0.841812 0.843754 0.845696 0.847637 0.849578 0.851519 0.853460 0.855400 0.857340 0.859280 0.861219 0.863158 0.865097 0.867036 0.868975 0.870913 0.872851 0.874788 0.876726 0.878663 0.880600 0.882537 0.884473 0.886410 0.888346 0.890281 0.892217 0.894153 0.896088 0.898023 0.899958 0.901892 0.903827 0.905761 0.907695 0.909629 0.911563 0.913496 0.915430 0.917363 0.919296 0.921229 0.923162 0.925094 0.927027 0.928959 0.930891 0.932823 0.934755 0.936687 0.938619 0.940551 0.942482 0.944413 0.946345 0.948276 0.950207 0.952138 0.954068 0.955999 0.957930 0.959860 0.961791 0.963721 0.965652 0.967582 0.969512 0.971443 0.973373 0.975303 0.977233 0.979163 0.981093 0.983023 0.984952 0.986882 0.988812 0.990742 0.992672 0.994601 0.996531 0.998461 1.000000))
(channel red)
(curve
    (curve-type smooth)
    (n-points 17)
    (points 34 0.000000 0.000000 -1.000000 -1.000000 -1.000000 -1.000000 -1.000000 -1.000000 -1.000000 -1.000000 -1.000000 -1.000000 -1.000000 -1.000000 -1.000000 -1.000000 0.472393 0.695313 -1.000000 -1.000000 -1.000000 -1.000000 -1.000000 -1.000000 -1.000000 -1.000000 -1.000000 -1.000000 -1.000000 -1.000000 -1.000000 -1.000000 1.000000 1.000000)
    (n-samples 256)
    (samples 256 0.000000 0.006697 0.013394 0.020091 0.026786 0.033479 0.040171 0.046860 0.053547 0.060230 0.066910 0.073587 0.080259 0.086926 0.093589 0.100246 0.106898 0.113543 0.120182 0.126814 0.133438 0.140055 0.146664 0.153265 0.159857 0.166439 0.173012 0.179575 0.186128 0.192670 0.199201 0.205720 0.212228 0.218723 0.225206 0.231676 0.238132 0.244575 0.251003 0.257417 0.263816 0.270200 0.276567 0.282919 0.289255 0.295573 0.301875 0.308159 0.314424 0.320672 0.326900 0.333110 0.339300 0.345470 0.351620 0.357749 0.363857 0.369944 0.376009 0.382052 0.388072 0.394069 0.400043 0.405993 0.411919 0.417821 0.423697 0.429549 0.435375 0.441175 0.446948 0.452695 0.458414 0.464106 0.469770 0.475405 0.481012 0.486590 0.492139 0.497657 0.503146 0.508603 0.514030 0.519426 0.524789 0.530121 0.535420 0.540686 0.545919 0.551118 0.556283 0.561413 0.566509 0.571570 0.576595 0.581584 0.586537 0.591453 0.596331 0.601173 0.605976 0.610742 0.615468 0.620156 0.624804 0.629412 0.633981 0.638508 0.642995 0.647440 0.651844 0.656206 0.660525 0.664801 0.669034 0.673224 0.677369 0.681470 0.685526 0.689538 0.695313 0.699216 0.703082 0.706912 0.710706 0.714464 0.718187 0.721874 0.725526 0.729144 0.732727 0.736275 0.739790 0.743272 0.746719 0.750134 0.753516 0.756865 0.760182 0.763467 0.766721 0.769943 0.773133 0.776293 0.779422 0.782521 0.785590 0.788629 0.791638 0.794618 0.797570 0.800492 0.803386 0.806252 0.809090 0.811900 0.814683 0.817439 0.820168 0.822871 0.825548 0.828198 0.830823 0.833422 0.835996 0.838546 0.841071 0.843571 0.846048 0.848500 0.850929 0.853335 0.855718 0.858079 0.860417 0.862733 0.865027 0.867299 0.869550 0.871780 0.873990 0.876179 0.878347 0.880496 0.882625 0.884735 0.886826 0.888898 0.890951 0.892986 0.895003 0.897002 0.898984 0.900949 0.902897 0.904828 0.906743 0.908642 0.910524 0.912392 0.914244 0.916081 0.917904 0.919712 0.921506 0.923286 0.925052 0.926805 0.928545 0.930273 0.931987 0.933690 0.935380 0.937059 0.938727 0.940383 0.942029 0.943664 0.945288 0.946903 0.948508 0.950103 0.951689 0.953266 0.954835 0.956395 0.957947 0.959491 0.961028 0.962557 0.964079 0.965595 0.967104 0.968607 0.970104 0.971595 0.973081 0.974562 0.976038 0.977510 0.978977 0.980440 0.981900 0.983356 0.984809 0.986259 0.987706 0.989152 0.990595 0.992036 0.993475 0.994914 0.996351 0.997788 0.999225 1.000000))
(channel green)
(curve
    (curve-type smooth)
    (n-points 17)
    (points 34 0.000000 0.000000 -1.000000 -1.000000 -1.000000 -1.000000 -1.000000 -1.000000 -1.000000 -1.000000 -1.000000 -1.000000 0.386503 0.355469 -1.000000 -1.000000 -1.000000 -1.000000 -1.000000 -1.000000 -1.000000 -1.000000 -1.000000 -1.000000 -1.000000 -1.000000 -1.000000 -1.000000 -1.000000 -1.000000 -1.000000 -1.000000 1.000000 1.000000)
    (n-samples 256)
    (samples 256 0.000000 0.003449 0.006899 0.010348 0.013798 0.017248 0.020699 0.024150 0.027602 0.031055 0.034509 0.037963 0.041419 0.044876 0.048334 0.051793 0.055254 0.058717 0.062181 0.065647 0.069115 0.072584 0.076056 0.079530 0.083006 0.086484 0.089965 0.093449 0.096935 0.100423 0.103915 0.107409 0.110907 0.114408 0.117911 0.121418 0.124929 0.128443 0.131961 0.135482 0.139007 0.142536 0.146069 0.149606 0.153147 0.156693 0.160243 0.163797 0.167356 0.170920 0.174488 0.178061 0.181640 0.185223 0.188811 0.192405 0.196004 0.199609 0.203219 0.206834 0.210456 0.214083 0.217716 0.221355 0.225000 0.228652 0.232310 0.235974 0.239645 0.243322 0.247006 0.250697 0.254395 0.258100 0.261812 0.265531 0.269258 0.272991 0.276733 0.280482 0.284238 0.288002 0.291775 0.295555 0.299343 0.303140 0.306944 0.310757 0.314579 0.318409 0.322248 0.326095 0.329952 0.333817 0.337691 0.341575 0.345467 0.349369 0.353281 0.355469 0.359392 0.363319 0.367250 0.371185 0.375124 0.379066 0.383012 0.386961 0.390914 0.394871 0.398831 0.402794 0.406762 0.410732 0.414707 0.418684 0.422665 0.426650 0.430637 0.434629 0.438623 0.442621 0.446622 0.450626 0.454633 0.458644 0.462658 0.466675 0.470695 0.474718 0.478745 0.482774 0.486806 0.490842 0.494880 0.498921 0.502965 0.507013 0.511063 0.515115 0.519171 0.523230 0.527291 0.531355 0.535422 0.539491 0.543563 0.547638 0.551716 0.555796 0.559878 0.563964 0.568051 0.572142 0.576235 0.580330 0.584427 0.588528 0.592630 0.596735 0.600842 0.604952 0.609064 0.613178 0.617294 0.621413 0.625533 0.629656 0.633781 0.637909 0.642038 0.646169 0.650303 0.654438 0.658576 0.662715 0.666857 0.671000 0.675145 0.679293 0.683442 0.687592 0.691745 0.695899 0.700056 0.704214 0.708373 0.712535 0.716698 0.720862 0.725029 0.729196 0.733366 0.737537 0.741709 0.745883 0.750059 0.754236 0.758414 0.762594 0.766775 0.770957 0.775141 0.779326 0.783512 0.787700 0.791889 0.796079 0.800270 0.804462 0.808656 0.812850 0.817046 0.821243 0.825440 0.829639 0.833839 0.838040 0.842241 0.846444 0.850647 0.854851 0.859057 0.863262 0.867469 0.871677 0.875885 0.880094 0.884303 0.888514 0.892725 0.896936 0.901148 0.905361 0.909574 0.913788 0.918003 0.922217 0.926433 0.930648 0.934864 0.939081 0.943297 0.947515 0.951732 0.955950 0.960168 0.964386 0.968604 0.972823 0.977041 0.981260 0.985479 0.989698 0.993917 1.000000))
(channel blue)
(curve
    (curve-type smooth)
    (n-points 17)
    (points 34 0.000000 0.000000 -1.000000 -1.000000 -1.000000 -1.000000 -1.000000 -1.000000 -1.000000 -1.000000 -1.000000 -1.000000 -1.000000 -1.000000 -1.000000 -1.000000 0.484663 0.433594 -1.000000 -1.000000 -1.000000 -1.000000 -1.000000 -1.000000 -1.000000 -1.000000 -1.000000 -1.000000 -1.000000 -1.000000 -1.000000 -1.000000 1.000000 1.000000)
    (n-samples 256)
    (samples 256 0.000000 0.003302 0.006604 0.009906 0.013208 0.016510 0.019813 0.023117 0.026421 0.029726 0.033031 0.036337 0.039644 0.042952 0.046262 0.049572 0.052883 0.056196 0.059510 0.062826 0.066143 0.069462 0.072782 0.076105 0.079429 0.082755 0.086083 0.089413 0.092746 0.096081 0.099418 0.102757 0.106099 0.109444 0.112791 0.116141 0.119494 0.122850 0.126209 0.129570 0.132936 0.136304 0.139675 0.143051 0.146429 0.149811 0.153197 0.156586 0.159980 0.163377 0.166778 0.170183 0.173593 0.177006 0.180424 0.183847 0.187273 0.190705 0.194140 0.197581 0.201026 0.204477 0.207932 0.211392 0.214858 0.218328 0.221804 0.225285 0.228772 0.232264 0.235762 0.239265 0.242774 0.246290 0.249810 0.253337 0.256871 0.260410 0.263955 0.267507 0.271065 0.274630 0.278201 0.281779 0.285364 0.288955 0.292554 0.296159 0.299772 0.303391 0.307018 0.310652 0.314294 0.317943 0.321599 0.325263 0.328935 0.332615 0.336302 0.339998 0.343701 0.347413 0.351133 0.354861 0.358597 0.362342 0.366095 0.369857 0.373628 0.377408 0.381196 0.384993 0.388799 0.392615 0.396439 0.400273 0.404116 0.407969 0.411831 0.415702 0.419583 0.423474 0.427375 0.431286 0.433594 0.437520 0.441455 0.445398 0.449350 0.453311 0.457280 0.461258 0.465244 0.469239 0.473242 0.477253 0.481272 0.485299 0.489334 0.493377 0.497428 0.501487 0.505554 0.509628 0.513709 0.517799 0.521895 0.526000 0.530111 0.534230 0.538355 0.542488 0.546628 0.550775 0.554929 0.559090 0.563258 0.567432 0.571613 0.575800 0.579994 0.584195 0.588401 0.592614 0.596834 0.601059 0.605291 0.609529 0.613772 0.618022 0.622277 0.626538 0.630805 0.635077 0.639355 0.643639 0.647928 0.652222 0.656522 0.660827 0.665137 0.669452 0.673772 0.678097 0.682427 0.686761 0.691101 0.695445 0.699794 0.704147 0.708505 0.712867 0.717234 0.721605 0.725980 0.730359 0.734743 0.739130 0.743521 0.747916 0.752315 0.756718 0.761125 0.765535 0.769948 0.774365 0.778785 0.783209 0.787636 0.792066 0.796500 0.800936 0.805376 0.809818 0.814263 0.818711 0.823162 0.827615 0.832071 0.836530 0.840991 0.845454 0.849920 0.854388 0.858858 0.863330 0.867804 0.872281 0.876759 0.881239 0.885721 0.890204 0.894689 0.899176 0.903664 0.908154 0.912645 0.917138 0.921631 0.926126 0.930622 0.935119 0.939617 0.944116 0.948616 0.953116 0.957617 0.962119 0.966622 0.971124 0.975628 0.980131 0.984635 0.989140 0.993644 1.000000))
(channel alpha)
(curve
    (curve-type smooth)
    (n-points 17)
    (points 34 0.000000 0.000000 -1.000000 -1.000000 -1.000000 -1.000000 -1.000000 -1.000000 -1.000000 -1.000000 -1.000000 -1.000000 -1.000000 -1.000000 -1.000000 -1.000000 -1.000000 -1.000000 -1.000000 -1.000000 -1.000000 -1.000000 -1.000000 -1.000000 -1.000000 -1.000000 -1.000000 -1.000000 -1.000000 -1.000000 -1.000000 -1.000000 1.000000 1.000000)
    (n-samples 256)
    (samples 256 0.000000 0.003922 0.007843 0.011765 0.015686 0.019608 0.023529 0.027451 0.031373 0.035294 0.039216 0.043137 0.047059 0.050980 0.054902 0.058824 0.062745 0.066667 0.070588 0.074510 0.078431 0.082353 0.086275 0.090196 0.094118 0.098039 0.101961 0.105882 0.109804 0.113725 0.117647 0.121569 0.125490 0.129412 0.133333 0.137255 0.141176 0.145098 0.149020 0.152941 0.156863 0.160784 0.164706 0.168627 0.172549 0.176471 0.180392 0.184314 0.188235 0.192157 0.196078 0.200000 0.203922 0.207843 0.211765 0.215686 0.219608 0.223529 0.227451 0.231373 0.235294 0.239216 0.243137 0.247059 0.250980 0.254902 0.258824 0.262745 0.266667 0.270588 0.274510 0.278431 0.282353 0.286275 0.290196 0.294118 0.298039 0.301961 0.305882 0.309804 0.313725 0.317647 0.321569 0.325490 0.329412 0.333333 0.337255 0.341176 0.345098 0.349020 0.352941 0.356863 0.360784 0.364706 0.368627 0.372549 0.376471 0.380392 0.384314 0.388235 0.392157 0.396078 0.400000 0.403922 0.407843 0.411765 0.415686 0.419608 0.423529 0.427451 0.431373 0.435294 0.439216 0.443137 0.447059 0.450980 0.454902 0.458824 0.462745 0.466667 0.470588 0.474510 0.478431 0.482353 0.486275 0.490196 0.494118 0.498039 0.501961 0.505882 0.509804 0.513725 0.517647 0.521569 0.525490 0.529412 0.533333 0.537255 0.541176 0.545098 0.549020 0.552941 0.556863 0.560784 0.564706 0.568627 0.572549 0.576471 0.580392 0.584314 0.588235 0.592157 0.596078 0.600000 0.603922 0.607843 0.611765 0.615686 0.619608 0.623529 0.627451 0.631373 0.635294 0.639216 0.643137 0.647059 0.650980 0.654902 0.658824 0.662745 0.666667 0.670588 0.674510 0.678431 0.682353 0.686275 0.690196 0.694118 0.698039 0.701961 0.705882 0.709804 0.713725 0.717647 0.721569 0.725490 0.729412 0.733333 0.737255 0.741176 0.745098 0.749020 0.752941 0.756863 0.760784 0.764706 0.768627 0.772549 0.776471 0.780392 0.784314 0.788235 0.792157 0.796078 0.800000 0.803922 0.807843 0.811765 0.815686 0.819608 0.823529 0.827451 0.831373 0.835294 0.839216 0.843137 0.847059 0.850980 0.854902 0.858824 0.862745 0.866667 0.870588 0.874510 0.878431 0.882353 0.886275 0.890196 0.894118 0.898039 0.901961 0.905882 0.909804 0.913725 0.917647 0.921569 0.925490 0.929412 0.933333 0.937255 0.941176 0.945098 0.949020 0.952941 0.956863 0.960784 0.964706 0.968627 0.972549 0.976471 0.980392 0.984314 0.988235 0.992157 0.996078 1.000000))

# end of curves tool settings
