# GIMP curves tool settings

(time 0)
(channel value)
(curve
    (curve-type smooth)
    (n-points 17)
    (points 34 0.000000 0.000000 -1.000000 -1.000000 -1.000000 -1.000000 -1.000000 -1.000000 0.262195 0.346154 -1.000000 -1.000000 -1.000000 -1.000000 -1.000000 -1.000000 -1.000000 -1.000000 -1.000000 -1.000000 -1.000000 -1.000000 0.670732 0.765385 -1.000000 -1.000000 -1.000000 -1.000000 -1.000000 -1.000000 -1.000000 -1.000000 1.000000 1.000000)
    (n-samples 256)
    (samples 256 0.000000 0.005528 0.011056 0.016583 0.022109 0.027633 0.033154 0.038672 0.044188 0.049699 0.055206 0.060709 0.066206 0.071698 0.077183 0.082662 0.088134 0.093598 0.099055 0.104502 0.109941 0.115371 0.120790 0.126199 0.131598 0.136985 0.142360 0.147723 0.153073 0.158410 0.163733 0.169043 0.174337 0.179617 0.184881 0.190129 0.195360 0.200575 0.205772 0.210951 0.216112 0.221253 0.226376 0.231479 0.236561 0.241623 0.246664 0.251683 0.256679 0.261653 0.266604 0.271532 0.276435 0.281314 0.286168 0.290996 0.295799 0.300575 0.305324 0.310046 0.314740 0.319406 0.324043 0.328651 0.333229 0.337777 0.342295 0.346154 0.350625 0.355090 0.359548 0.363999 0.368443 0.372880 0.377310 0.381732 0.386148 0.390556 0.394957 0.399351 0.403737 0.408115 0.412486 0.416850 0.421206 0.425554 0.429895 0.434227 0.438552 0.442869 0.447178 0.451479 0.455772 0.460056 0.464333 0.468601 0.472861 0.477113 0.481356 0.485591 0.489817 0.494035 0.498244 0.502445 0.506636 0.510819 0.514993 0.519159 0.523315 0.527462 0.531601 0.535730 0.539850 0.543961 0.548062 0.552154 0.556237 0.560311 0.564375 0.568429 0.572474 0.576509 0.580534 0.584550 0.588556 0.592552 0.596538 0.600514 0.604480 0.608436 0.612382 0.616318 0.620244 0.624159 0.628064 0.631958 0.635842 0.639715 0.643578 0.647431 0.651272 0.655103 0.658923 0.662732 0.666531 0.670318 0.674094 0.677860 0.681614 0.685357 0.689089 0.692809 0.696519 0.700217 0.703903 0.707578 0.711241 0.714893 0.718533 0.722162 0.725778 0.729383 0.732976 0.736557 0.740126 0.743683 0.747228 0.750761 0.754282 0.757790 0.761286 0.765385 0.768848 0.772287 0.775702 0.779094 0.782463 0.785809 0.789132 0.792433 0.795712 0.798969 0.802205 0.805420 0.808614 0.811787 0.814940 0.818073 0.821186 0.824280 0.827355 0.830410 0.833448 0.836467 0.839468 0.842452 0.845418 0.848367 0.851299 0.854215 0.857114 0.859998 0.862866 0.865718 0.868556 0.871379 0.874187 0.876981 0.879761 0.882528 0.885281 0.888021 0.890749 0.893464 0.896167 0.898858 0.901537 0.904205 0.906862 0.909509 0.912145 0.914771 0.917387 0.919993 0.922590 0.925178 0.927758 0.930329 0.932892 0.935447 0.937995 0.940536 0.943069 0.945596 0.948116 0.950631 0.953140 0.955643 0.958141 0.960634 0.963122 0.965606 0.968086 0.970562 0.973035 0.975505 0.977971 0.980436 0.982897 0.985357 0.987815 0.990272 0.992727 0.995182 0.997636 1.000000))
(time 0)
(channel red)
(curve
    (curve-type smooth)
    (n-points 17)
    (points 34 0.000000 0.000000 -1.000000 -1.000000 -1.000000 -1.000000 -1.000000 -1.000000 0.246951 0.411538 -1.000000 -1.000000 -1.000000 -1.000000 -1.000000 -1.000000 -1.000000 -1.000000 -1.000000 -1.000000 -1.000000 -1.000000 -1.000000 -1.000000 0.725610 0.746154 -1.000000 -1.000000 -1.000000 -1.000000 -1.000000 -1.000000 1.000000 1.000000)
    (n-samples 256)
    (samples 256 0.000000 0.007786 0.015570 0.023351 0.031126 0.038893 0.046651 0.054397 0.062130 0.069849 0.077550 0.085232 0.092893 0.100531 0.108145 0.115733 0.123292 0.130820 0.138317 0.145779 0.153206 0.160594 0.167943 0.175250 0.182514 0.189732 0.196903 0.204025 0.211095 0.218113 0.225075 0.231981 0.238828 0.245615 0.252339 0.258999 0.265592 0.272117 0.278573 0.284956 0.291265 0.297499 0.303655 0.309732 0.315727 0.321639 0.327465 0.333205 0.338856 0.344415 0.349882 0.355255 0.360530 0.365708 0.370784 0.375759 0.380630 0.385394 0.390051 0.394598 0.399033 0.403354 0.407560 0.411538 0.415547 0.419509 0.423425 0.427295 0.431120 0.434901 0.438637 0.442331 0.445983 0.449593 0.453161 0.456689 0.460178 0.463627 0.467037 0.470410 0.473746 0.477045 0.480308 0.483536 0.486729 0.489889 0.493015 0.496108 0.499170 0.502200 0.505199 0.508168 0.511108 0.514019 0.516902 0.519758 0.522587 0.525389 0.528166 0.530919 0.533647 0.536351 0.539033 0.541692 0.544330 0.546947 0.549543 0.552120 0.554678 0.557217 0.559739 0.562244 0.564732 0.567205 0.569662 0.572105 0.574535 0.576951 0.579354 0.581746 0.584126 0.586496 0.588856 0.591207 0.593549 0.595884 0.598211 0.600531 0.602845 0.605154 0.607459 0.609759 0.612056 0.614350 0.616642 0.618932 0.621222 0.623511 0.625802 0.628093 0.630386 0.632681 0.634980 0.637282 0.639589 0.641901 0.644218 0.646542 0.648873 0.651211 0.653558 0.655914 0.658279 0.660655 0.663041 0.665439 0.667849 0.670273 0.672709 0.675160 0.677625 0.680106 0.682604 0.685117 0.687649 0.690198 0.692766 0.695353 0.697961 0.700589 0.703238 0.705909 0.708603 0.711320 0.714061 0.716827 0.719618 0.722434 0.725278 0.728148 0.731046 0.733973 0.736928 0.739914 0.742930 0.746154 0.749230 0.752331 0.755454 0.758601 0.761771 0.764963 0.768177 0.771413 0.774671 0.777949 0.781248 0.784568 0.787907 0.791266 0.794645 0.798042 0.801458 0.804893 0.808345 0.811815 0.815302 0.818806 0.822327 0.825864 0.829416 0.832985 0.836568 0.840166 0.843779 0.847406 0.851047 0.854701 0.858368 0.862048 0.865741 0.869445 0.873162 0.876889 0.880628 0.884377 0.888137 0.891907 0.895686 0.899475 0.903273 0.907079 0.910894 0.914716 0.918546 0.922384 0.926228 0.930079 0.933936 0.937798 0.941667 0.945540 0.949419 0.953302 0.957188 0.961079 0.964973 0.968871 0.972771 0.976673 0.980578 0.984484 0.988392 0.992300 0.996210 1.000000))
(time 0)
(channel green)
(curve
    (curve-type smooth)
    (n-points 17)
    (points 34 0.000000 0.000000 -1.000000 -1.000000 -1.000000 -1.000000 -1.000000 -1.000000 0.225610 0.184615 -1.000000 -1.000000 -1.000000 -1.000000 -1.000000 -1.000000 -1.000000 -1.000000 -1.000000 -1.000000 -1.000000 -1.000000 -1.000000 -1.000000 -1.000000 -1.000000 -1.000000 -1.000000 0.899390 1.000000 -1.000000 -1.000000 1.000000 1.000000)
    (n-samples 256)
    (samples 256 0.000000 0.002634 0.005268 0.007905 0.010545 0.013189 0.015838 0.018493 0.021156 0.023827 0.026508 0.029199 0.031901 0.034616 0.037344 0.040088 0.042846 0.045622 0.048415 0.051227 0.054059 0.056912 0.059786 0.062684 0.065605 0.068552 0.071525 0.074524 0.077552 0.080610 0.083697 0.086816 0.089967 0.093151 0.096370 0.099625 0.102916 0.106244 0.109611 0.113018 0.116466 0.119955 0.123487 0.127063 0.130684 0.134350 0.138064 0.141825 0.145636 0.149497 0.153408 0.157373 0.161390 0.165461 0.169588 0.173771 0.178012 0.182311 0.184615 0.188984 0.193368 0.197768 0.202183 0.206614 0.211060 0.215521 0.219997 0.224487 0.228992 0.233510 0.238043 0.242589 0.247149 0.251722 0.256308 0.260907 0.265519 0.270143 0.274779 0.279428 0.284088 0.288760 0.293444 0.298139 0.302845 0.307561 0.312289 0.317027 0.321775 0.326533 0.331301 0.336078 0.340865 0.345662 0.350467 0.355281 0.360104 0.364935 0.369774 0.374622 0.379477 0.384340 0.389210 0.394087 0.398971 0.403863 0.408760 0.413664 0.418575 0.423491 0.428413 0.433340 0.438273 0.443211 0.448154 0.453102 0.458054 0.463011 0.467972 0.472936 0.477905 0.482877 0.487852 0.492830 0.497811 0.502795 0.507782 0.512771 0.517762 0.522754 0.527749 0.532745 0.537742 0.542740 0.547740 0.552740 0.557740 0.562741 0.567741 0.572742 0.577742 0.582742 0.587741 0.592738 0.597735 0.602731 0.607725 0.612717 0.617707 0.622695 0.627680 0.632663 0.637643 0.642620 0.647594 0.652565 0.657532 0.662495 0.667454 0.672409 0.677360 0.682306 0.687247 0.692183 0.697113 0.702039 0.706959 0.711872 0.716780 0.721682 0.726577 0.731465 0.736347 0.741222 0.746089 0.750949 0.755801 0.760645 0.765481 0.770309 0.775128 0.779939 0.784741 0.789533 0.794317 0.799091 0.803855 0.808609 0.813353 0.818087 0.822810 0.827523 0.832224 0.836915 0.841594 0.846261 0.850917 0.855561 0.860192 0.864812 0.869419 0.874013 0.878594 0.883161 0.887716 0.892257 0.896784 0.901297 0.905796 0.910280 0.914750 0.919205 0.923645 0.928070 0.932480 0.936873 0.941251 0.945613 0.949959 0.954288 0.958601 0.962897 0.967176 0.971437 0.975681 0.979908 0.984116 0.988307 0.992479 1.000000 1.000000 1.000000 1.000000 1.000000 1.000000 1.000000 1.000000 1.000000 1.000000 1.000000 1.000000 1.000000 1.000000 1.000000 1.000000 1.000000 1.000000 1.000000 1.000000 1.000000 1.000000 1.000000 1.000000 1.000000 1.000000 1.000000))
(time 0)
(channel blue)
(curve
    (curve-type smooth)
    (n-points 17)
    (points 34 0.000000 0.000000 0.018293 0.153846 -1.000000 -1.000000 -1.000000 -1.000000 -1.000000 -1.000000 -1.000000 -1.000000 -1.000000 -1.000000 -1.000000 -1.000000 -1.000000 -1.000000 -1.000000 -1.000000 -1.000000 -1.000000 -1.000000 -1.000000 -1.000000 -1.000000 -1.000000 -1.000000 0.847561 0.953846 -1.000000 -1.000000 1.000000 1.000000)
    (n-samples 256)
    (samples 256 0.000000 0.046609 0.089279 0.124072 0.147048 0.153846 0.158255 0.162657 0.167050 0.171435 0.175812 0.180181 0.184543 0.188896 0.193242 0.197579 0.201909 0.206231 0.210546 0.214852 0.219151 0.223443 0.227726 0.232002 0.236271 0.240532 0.244785 0.249032 0.253270 0.257501 0.261725 0.265942 0.270151 0.274353 0.278547 0.282735 0.286915 0.291088 0.295254 0.299413 0.303565 0.307709 0.311847 0.315978 0.320101 0.324218 0.328328 0.332431 0.336528 0.340617 0.344700 0.348776 0.352845 0.356908 0.360964 0.365013 0.369056 0.373092 0.377121 0.381145 0.385161 0.389172 0.393175 0.397173 0.401164 0.405149 0.409128 0.413100 0.417066 0.421026 0.424980 0.428927 0.432869 0.436804 0.440734 0.444657 0.448575 0.452486 0.456392 0.460291 0.464185 0.468073 0.471955 0.475832 0.479703 0.483568 0.487427 0.491281 0.495129 0.498972 0.502809 0.506640 0.510466 0.514287 0.518102 0.521911 0.525716 0.529515 0.533308 0.537097 0.540880 0.544658 0.548431 0.552198 0.555961 0.559718 0.563471 0.567218 0.570960 0.574698 0.578430 0.582158 0.585880 0.589598 0.593311 0.597019 0.600723 0.604421 0.608116 0.611805 0.615490 0.619170 0.622845 0.626516 0.630183 0.633845 0.637502 0.641155 0.644804 0.648448 0.652089 0.655724 0.659356 0.662983 0.666606 0.670225 0.673840 0.677450 0.681057 0.684659 0.688258 0.691852 0.695442 0.699029 0.702612 0.706190 0.709765 0.713336 0.716904 0.720467 0.724027 0.727583 0.731136 0.734685 0.738230 0.741772 0.745310 0.748845 0.752376 0.755904 0.759428 0.762949 0.766466 0.769981 0.773492 0.776999 0.780504 0.784005 0.787503 0.790998 0.794490 0.797979 0.801465 0.804947 0.808427 0.811904 0.815378 0.818848 0.822317 0.825782 0.829244 0.832704 0.836161 0.839615 0.843066 0.846515 0.849961 0.853405 0.856846 0.860285 0.863721 0.867154 0.870585 0.874014 0.877440 0.880864 0.884286 0.887706 0.891123 0.894538 0.897950 0.901361 0.904769 0.908175 0.911580 0.914982 0.918382 0.921780 0.925176 0.928571 0.931963 0.935354 0.938742 0.942129 0.945514 0.948898 0.953846 0.957142 0.960274 0.963244 0.966059 0.968722 0.971237 0.973609 0.975843 0.977942 0.979911 0.981754 0.983476 0.985081 0.986574 0.987958 0.989238 0.990419 0.991504 0.992499 0.993407 0.994233 0.994981 0.995655 0.996261 0.996801 0.997282 0.997706 0.998079 0.998404 0.998686 0.998930 0.999139 0.999319 0.999473 0.999606 0.999722 0.999825 0.999920 1.000000))
(time 0)
(channel alpha)
(curve
    (curve-type smooth)
    (n-points 17)
    (points 34 0.000000 0.000000 -1.000000 -1.000000 -1.000000 -1.000000 -1.000000 -1.000000 -1.000000 -1.000000 -1.000000 -1.000000 -1.000000 -1.000000 -1.000000 -1.000000 -1.000000 -1.000000 -1.000000 -1.000000 -1.000000 -1.000000 -1.000000 -1.000000 -1.000000 -1.000000 -1.000000 -1.000000 -1.000000 -1.000000 -1.000000 -1.000000 1.000000 1.000000)
    (n-samples 256)
    (samples 256 0.000000 0.003922 0.007843 0.011765 0.015686 0.019608 0.023529 0.027451 0.031373 0.035294 0.039216 0.043137 0.047059 0.050980 0.054902 0.058824 0.062745 0.066667 0.070588 0.074510 0.078431 0.082353 0.086275 0.090196 0.094118 0.098039 0.101961 0.105882 0.109804 0.113725 0.117647 0.121569 0.125490 0.129412 0.133333 0.137255 0.141176 0.145098 0.149020 0.152941 0.156863 0.160784 0.164706 0.168627 0.172549 0.176471 0.180392 0.184314 0.188235 0.192157 0.196078 0.200000 0.203922 0.207843 0.211765 0.215686 0.219608 0.223529 0.227451 0.231373 0.235294 0.239216 0.243137 0.247059 0.250980 0.254902 0.258824 0.262745 0.266667 0.270588 0.274510 0.278431 0.282353 0.286275 0.290196 0.294118 0.298039 0.301961 0.305882 0.309804 0.313725 0.317647 0.321569 0.325490 0.329412 0.333333 0.337255 0.341176 0.345098 0.349020 0.352941 0.356863 0.360784 0.364706 0.368627 0.372549 0.376471 0.380392 0.384314 0.388235 0.392157 0.396078 0.400000 0.403922 0.407843 0.411765 0.415686 0.419608 0.423529 0.427451 0.431373 0.435294 0.439216 0.443137 0.447059 0.450980 0.454902 0.458824 0.462745 0.466667 0.470588 0.474510 0.478431 0.482353 0.486275 0.490196 0.494118 0.498039 0.501961 0.505882 0.509804 0.513725 0.517647 0.521569 0.525490 0.529412 0.533333 0.537255 0.541176 0.545098 0.549020 0.552941 0.556863 0.560784 0.564706 0.568627 0.572549 0.576471 0.580392 0.584314 0.588235 0.592157 0.596078 0.600000 0.603922 0.607843 0.611765 0.615686 0.619608 0.623529 0.627451 0.631373 0.635294 0.639216 0.643137 0.647059 0.650980 0.654902 0.658824 0.662745 0.666667 0.670588 0.674510 0.678431 0.682353 0.686275 0.690196 0.694118 0.698039 0.701961 0.705882 0.709804 0.713725 0.717647 0.721569 0.725490 0.729412 0.733333 0.737255 0.741176 0.745098 0.749020 0.752941 0.756863 0.760784 0.764706 0.768627 0.772549 0.776471 0.780392 0.784314 0.788235 0.792157 0.796078 0.800000 0.803922 0.807843 0.811765 0.815686 0.819608 0.823529 0.827451 0.831373 0.835294 0.839216 0.843137 0.847059 0.850980 0.854902 0.858824 0.862745 0.866667 0.870588 0.874510 0.878431 0.882353 0.886275 0.890196 0.894118 0.898039 0.901961 0.905882 0.909804 0.913725 0.917647 0.921569 0.925490 0.929412 0.933333 0.937255 0.941176 0.945098 0.949020 0.952941 0.956863 0.960784 0.964706 0.968627 0.972549 0.976471 0.980392 0.984314 0.988235 0.992157 0.996078 1.000000))

# end of curves tool settings
