# GIMP curves tool settings

(time 0)
(channel value)
(curve
    (curve-type smooth)
    (n-points 17)
    (points 34 0.000000 0.000000 -1.000000 -1.000000 -1.000000 -1.000000 -1.000000 -1.000000 -1.000000 -1.000000 0.326220 0.250965 -1.000000 -1.000000 -1.000000 -1.000000 -1.000000 -1.000000 -1.000000 -1.000000 -1.000000 -1.000000 -1.000000 -1.000000 -1.000000 -1.000000 -1.000000 -1.000000 -1.000000 -1.000000 -1.000000 -1.000000 1.000000 1.000000)
    (n-samples 256)
    (samples 256 0.000000 0.002565 0.005130 0.007696 0.010263 0.012831 0.015402 0.017975 0.020550 0.023129 0.025711 0.028298 0.030888 0.033483 0.036084 0.038689 0.041301 0.043919 0.046544 0.049176 0.051815 0.054462 0.057117 0.059781 0.062454 0.065136 0.067828 0.070531 0.073243 0.075967 0.078703 0.081450 0.084209 0.086981 0.089765 0.092563 0.095375 0.098201 0.101041 0.103897 0.106767 0.109653 0.112556 0.115475 0.118410 0.121363 0.124334 0.127322 0.130329 0.133355 0.136400 0.139465 0.142550 0.145655 0.148781 0.151928 0.155096 0.158287 0.161500 0.164736 0.167995 0.171277 0.174583 0.177914 0.181269 0.184650 0.188056 0.191487 0.194945 0.198430 0.201942 0.205481 0.209048 0.212644 0.216268 0.219921 0.223603 0.227315 0.231058 0.234831 0.238635 0.242470 0.246337 0.250965 0.254891 0.258824 0.262764 0.266712 0.270668 0.274631 0.278601 0.282579 0.286564 0.290556 0.294555 0.298562 0.302576 0.306596 0.310624 0.314659 0.318701 0.322749 0.326805 0.330867 0.334936 0.339012 0.343094 0.347183 0.351278 0.355381 0.359489 0.363604 0.367726 0.371854 0.375988 0.380128 0.384275 0.388427 0.392586 0.396751 0.400922 0.405099 0.409282 0.413471 0.417666 0.421867 0.426073 0.430285 0.434503 0.438727 0.442956 0.447190 0.451430 0.455676 0.459927 0.464183 0.468445 0.472712 0.476985 0.481262 0.485545 0.489832 0.494125 0.498423 0.502726 0.507033 0.511346 0.515664 0.519986 0.524313 0.528645 0.532981 0.537322 0.541668 0.546018 0.550372 0.554731 0.559095 0.563463 0.567835 0.572211 0.576592 0.580976 0.585365 0.589758 0.594155 0.598556 0.602961 0.607370 0.611783 0.616200 0.620620 0.625044 0.629472 0.633903 0.638338 0.642777 0.647219 0.651664 0.656113 0.660566 0.665021 0.669480 0.673942 0.678408 0.682876 0.687348 0.691823 0.696300 0.700781 0.705265 0.709751 0.714240 0.718733 0.723228 0.727725 0.732225 0.736728 0.741234 0.745742 0.750252 0.754765 0.759280 0.763798 0.768318 0.772840 0.777365 0.781891 0.786420 0.790951 0.795484 0.800019 0.804555 0.809094 0.813635 0.818177 0.822721 0.827267 0.831815 0.836364 0.840915 0.845467 0.850021 0.854576 0.859133 0.863691 0.868251 0.872811 0.877373 0.881936 0.886501 0.891066 0.895633 0.900200 0.904769 0.909338 0.913908 0.918479 0.923051 0.927624 0.932197 0.936771 0.941346 0.945921 0.950497 0.955073 0.959649 0.964227 0.968804 0.973382 0.977959 0.982538 0.987116 0.991694 0.996273 1.000000))
(channel red)
(curve
    (curve-type smooth)
    (n-points 17)
    (points 34 0.000000 0.000000 -1.000000 -1.000000 -1.000000 -1.000000 -1.000000 -1.000000 -1.000000 -1.000000 -1.000000 -1.000000 0.365854 0.737452 -1.000000 -1.000000 -1.000000 -1.000000 -1.000000 -1.000000 -1.000000 -1.000000 -1.000000 -1.000000 -1.000000 -1.000000 -1.000000 -1.000000 -1.000000 -1.000000 -1.000000 -1.000000 1.000000 1.000000)
    (n-samples 256)
    (samples 256 0.000000 0.009896 0.019791 0.029683 0.039570 0.049453 0.059328 0.069195 0.079053 0.088900 0.098734 0.108555 0.118360 0.128149 0.137920 0.147672 0.157403 0.167113 0.176799 0.186460 0.196095 0.205703 0.215282 0.224830 0.234348 0.243832 0.253282 0.262696 0.272073 0.281411 0.290710 0.299968 0.309183 0.318354 0.327480 0.336559 0.345590 0.354572 0.363503 0.372381 0.381207 0.389977 0.398691 0.407347 0.415944 0.424481 0.432956 0.441368 0.449716 0.457997 0.466211 0.474357 0.482432 0.490436 0.498368 0.506225 0.514007 0.521712 0.529338 0.536885 0.544351 0.551735 0.559034 0.566249 0.573377 0.580418 0.587369 0.594229 0.600998 0.607673 0.614253 0.620738 0.627124 0.633412 0.639600 0.645686 0.651669 0.657548 0.663321 0.668987 0.674545 0.679993 0.685329 0.690553 0.695663 0.700658 0.705536 0.710296 0.714936 0.719456 0.723853 0.728127 0.732276 0.737452 0.741352 0.745210 0.749026 0.752800 0.756532 0.760223 0.763873 0.767483 0.771051 0.774580 0.778068 0.781517 0.784926 0.788296 0.791627 0.794920 0.798174 0.801390 0.804568 0.807708 0.810811 0.813877 0.816906 0.819899 0.822855 0.825775 0.828660 0.831508 0.834322 0.837101 0.839845 0.842554 0.845229 0.847871 0.850478 0.853053 0.855594 0.858102 0.860578 0.863021 0.865432 0.867812 0.870159 0.872476 0.874761 0.877016 0.879240 0.881434 0.883598 0.885733 0.887837 0.889913 0.891960 0.893978 0.895968 0.897929 0.899863 0.901769 0.903648 0.905499 0.907324 0.909122 0.910894 0.912640 0.914361 0.916055 0.917725 0.919369 0.920989 0.922584 0.924156 0.925703 0.927227 0.928727 0.930204 0.931658 0.933090 0.934499 0.935886 0.937252 0.938596 0.939918 0.941220 0.942501 0.943761 0.945002 0.946222 0.947422 0.948603 0.949765 0.950908 0.952033 0.953139 0.954227 0.955297 0.956349 0.957384 0.958402 0.959403 0.960388 0.961357 0.962309 0.963246 0.964167 0.965073 0.965964 0.966841 0.967703 0.968550 0.969384 0.970205 0.971011 0.971805 0.972586 0.973355 0.974111 0.974855 0.975587 0.976308 0.977017 0.977716 0.978403 0.979081 0.979748 0.980405 0.981052 0.981690 0.982319 0.982939 0.983550 0.984153 0.984748 0.985335 0.985915 0.986487 0.987052 0.987611 0.988163 0.988708 0.989248 0.989782 0.990310 0.990834 0.991352 0.991865 0.992375 0.992880 0.993381 0.993879 0.994373 0.994864 0.995353 0.995838 0.996322 0.996803 0.997283 0.997761 0.998238 0.998714 0.999189 0.999664 1.000000))
(channel green)
(curve
    (curve-type smooth)
    (n-points 17)
    (points 34 0.000000 0.000000 -1.000000 -1.000000 -1.000000 -1.000000 -1.000000 -1.000000 -1.000000 -1.000000 -1.000000 -1.000000 -1.000000 -1.000000 -1.000000 -1.000000 0.490854 0.613900 -1.000000 -1.000000 -1.000000 -1.000000 -1.000000 -1.000000 -1.000000 -1.000000 -1.000000 -1.000000 -1.000000 -1.000000 -1.000000 -1.000000 1.000000 1.000000)
    (n-samples 256)
    (samples 256 0.000000 0.005396 0.010792 0.016188 0.021583 0.026977 0.032370 0.037762 0.043153 0.048542 0.053930 0.059316 0.064699 0.070081 0.075460 0.080836 0.086210 0.091580 0.096948 0.102312 0.107672 0.113028 0.118381 0.123730 0.129074 0.134413 0.139748 0.145078 0.150403 0.155723 0.161037 0.166346 0.171649 0.176945 0.182236 0.187520 0.192797 0.198068 0.203332 0.208589 0.213838 0.219080 0.224314 0.229540 0.234758 0.239967 0.245169 0.250361 0.255545 0.260720 0.265885 0.271042 0.276188 0.281325 0.286451 0.291568 0.296674 0.301770 0.306855 0.311929 0.316992 0.322044 0.327084 0.332112 0.337129 0.342133 0.347126 0.352106 0.357073 0.362027 0.366969 0.371897 0.376812 0.381714 0.386601 0.391475 0.396335 0.401180 0.406011 0.410827 0.415628 0.420414 0.425185 0.429941 0.434681 0.439405 0.444113 0.448805 0.453480 0.458139 0.462782 0.467407 0.472015 0.476606 0.481179 0.485735 0.490273 0.494792 0.499294 0.503777 0.508241 0.512686 0.517113 0.521520 0.525908 0.530276 0.534625 0.538954 0.543262 0.547550 0.551818 0.556065 0.560291 0.564496 0.568679 0.572841 0.576982 0.581101 0.585197 0.589272 0.593324 0.597353 0.601360 0.605344 0.609304 0.613900 0.617810 0.621699 0.625567 0.629412 0.633237 0.637041 0.640824 0.644586 0.648327 0.652048 0.655749 0.659430 0.663091 0.666733 0.670354 0.673957 0.677540 0.681104 0.684649 0.688176 0.691684 0.695174 0.698645 0.702099 0.705535 0.708953 0.712353 0.715736 0.719102 0.722451 0.725783 0.729099 0.732398 0.735680 0.738947 0.742197 0.745432 0.748651 0.751854 0.755042 0.758215 0.761373 0.764517 0.767645 0.770759 0.773859 0.776945 0.780016 0.783074 0.786118 0.789149 0.792167 0.795171 0.798162 0.801141 0.804107 0.807060 0.810002 0.812931 0.815848 0.818753 0.821647 0.824529 0.827400 0.830260 0.833109 0.835948 0.838775 0.841592 0.844399 0.847196 0.849983 0.852760 0.855528 0.858286 0.861035 0.863775 0.866506 0.869228 0.871942 0.874647 0.877344 0.880033 0.882714 0.885387 0.888053 0.890711 0.893362 0.896006 0.898644 0.901274 0.903898 0.906515 0.909127 0.911732 0.914331 0.916925 0.919513 0.922096 0.924674 0.927246 0.929814 0.932377 0.934935 0.937489 0.940039 0.942585 0.945127 0.947666 0.950200 0.952732 0.955260 0.957786 0.960308 0.962828 0.965345 0.967860 0.970373 0.972884 0.975393 0.977900 0.980406 0.982910 0.985414 0.987916 0.990418 0.992919 0.995419 0.997919 1.000000))
(channel blue)
(curve
    (curve-type smooth)
    (n-points 17)
    (points 34 0.000000 0.000000 -1.000000 -1.000000 -1.000000 -1.000000 -1.000000 -1.000000 -1.000000 -1.000000 -1.000000 -1.000000 0.359756 0.301158 -1.000000 -1.000000 -1.000000 -1.000000 -1.000000 -1.000000 -1.000000 -1.000000 -1.000000 -1.000000 -1.000000 -1.000000 -1.000000 -1.000000 -1.000000 -1.000000 -1.000000 -1.000000 1.000000 1.000000)
    (n-samples 256)
    (samples 256 0.000000 0.002963 0.005927 0.008891 0.011856 0.014822 0.017789 0.020757 0.023727 0.026699 0.029672 0.032648 0.035627 0.038608 0.041592 0.044580 0.047570 0.050565 0.053563 0.056566 0.059572 0.062584 0.065600 0.068621 0.071647 0.074679 0.077716 0.080760 0.083809 0.086865 0.089928 0.092997 0.096074 0.099157 0.102248 0.105347 0.108454 0.111570 0.114693 0.117825 0.120966 0.124117 0.127276 0.130445 0.133624 0.136813 0.140012 0.143222 0.146442 0.149673 0.152916 0.156169 0.159435 0.162712 0.166001 0.169303 0.172617 0.175944 0.179284 0.182637 0.186003 0.189384 0.192778 0.196186 0.199608 0.203045 0.206497 0.209964 0.213446 0.216944 0.220457 0.223987 0.227532 0.231094 0.234673 0.238268 0.241880 0.245510 0.249157 0.252822 0.256505 0.260207 0.263926 0.267664 0.271422 0.275198 0.278994 0.282809 0.286644 0.290499 0.294375 0.298271 0.301158 0.305083 0.309015 0.312953 0.316897 0.320848 0.324805 0.328769 0.332738 0.336715 0.340697 0.344686 0.348680 0.352681 0.356688 0.360701 0.364720 0.368745 0.372776 0.376812 0.380855 0.384903 0.388957 0.393017 0.397082 0.401153 0.405230 0.409312 0.413400 0.417493 0.421591 0.425695 0.429805 0.433919 0.438039 0.442164 0.446294 0.450430 0.454570 0.458716 0.462866 0.467022 0.471182 0.475348 0.479518 0.483693 0.487873 0.492057 0.496247 0.500441 0.504639 0.508842 0.513050 0.517262 0.521479 0.525700 0.529925 0.534155 0.538389 0.542627 0.546870 0.551116 0.555367 0.559622 0.563881 0.568144 0.572411 0.576681 0.580956 0.585235 0.589517 0.593803 0.598093 0.602387 0.606684 0.610985 0.615289 0.619597 0.623908 0.628223 0.632541 0.636863 0.641188 0.645516 0.649848 0.654182 0.658520 0.662861 0.667205 0.671552 0.675902 0.680255 0.684611 0.688970 0.693331 0.697696 0.702063 0.706433 0.710806 0.715181 0.719559 0.723939 0.728322 0.732707 0.737095 0.741485 0.745878 0.750273 0.754670 0.759069 0.763471 0.767874 0.772280 0.776688 0.781098 0.785510 0.789924 0.794340 0.798757 0.803177 0.807598 0.812021 0.816446 0.820872 0.825300 0.829730 0.834161 0.838594 0.843028 0.847463 0.851900 0.856338 0.860778 0.865219 0.869661 0.874104 0.878548 0.882994 0.887441 0.891888 0.896337 0.900786 0.905236 0.909688 0.914140 0.918593 0.923046 0.927500 0.931955 0.936411 0.940867 0.945324 0.949781 0.954238 0.958696 0.963155 0.967614 0.972073 0.976532 0.980991 0.985451 0.989911 0.994371 1.000000))
(channel alpha)
(curve
    (curve-type smooth)
    (n-points 17)
    (points 34 0.000000 0.000000 -1.000000 -1.000000 -1.000000 -1.000000 -1.000000 -1.000000 -1.000000 -1.000000 -1.000000 -1.000000 -1.000000 -1.000000 -1.000000 -1.000000 -1.000000 -1.000000 -1.000000 -1.000000 -1.000000 -1.000000 -1.000000 -1.000000 -1.000000 -1.000000 -1.000000 -1.000000 -1.000000 -1.000000 -1.000000 -1.000000 1.000000 1.000000)
    (n-samples 256)
    (samples 256 0.000000 0.003922 0.007843 0.011765 0.015686 0.019608 0.023529 0.027451 0.031373 0.035294 0.039216 0.043137 0.047059 0.050980 0.054902 0.058824 0.062745 0.066667 0.070588 0.074510 0.078431 0.082353 0.086275 0.090196 0.094118 0.098039 0.101961 0.105882 0.109804 0.113725 0.117647 0.121569 0.125490 0.129412 0.133333 0.137255 0.141176 0.145098 0.149020 0.152941 0.156863 0.160784 0.164706 0.168627 0.172549 0.176471 0.180392 0.184314 0.188235 0.192157 0.196078 0.200000 0.203922 0.207843 0.211765 0.215686 0.219608 0.223529 0.227451 0.231373 0.235294 0.239216 0.243137 0.247059 0.250980 0.254902 0.258824 0.262745 0.266667 0.270588 0.274510 0.278431 0.282353 0.286275 0.290196 0.294118 0.298039 0.301961 0.305882 0.309804 0.313725 0.317647 0.321569 0.325490 0.329412 0.333333 0.337255 0.341176 0.345098 0.349020 0.352941 0.356863 0.360784 0.364706 0.368627 0.372549 0.376471 0.380392 0.384314 0.388235 0.392157 0.396078 0.400000 0.403922 0.407843 0.411765 0.415686 0.419608 0.423529 0.427451 0.431373 0.435294 0.439216 0.443137 0.447059 0.450980 0.454902 0.458824 0.462745 0.466667 0.470588 0.474510 0.478431 0.482353 0.486275 0.490196 0.494118 0.498039 0.501961 0.505882 0.509804 0.513725 0.517647 0.521569 0.525490 0.529412 0.533333 0.537255 0.541176 0.545098 0.549020 0.552941 0.556863 0.560784 0.564706 0.568627 0.572549 0.576471 0.580392 0.584314 0.588235 0.592157 0.596078 0.600000 0.603922 0.607843 0.611765 0.615686 0.619608 0.623529 0.627451 0.631373 0.635294 0.639216 0.643137 0.647059 0.650980 0.654902 0.658824 0.662745 0.666667 0.670588 0.674510 0.678431 0.682353 0.686275 0.690196 0.694118 0.698039 0.701961 0.705882 0.709804 0.713725 0.717647 0.721569 0.725490 0.729412 0.733333 0.737255 0.741176 0.745098 0.749020 0.752941 0.756863 0.760784 0.764706 0.768627 0.772549 0.776471 0.780392 0.784314 0.788235 0.792157 0.796078 0.800000 0.803922 0.807843 0.811765 0.815686 0.819608 0.823529 0.827451 0.831373 0.835294 0.839216 0.843137 0.847059 0.850980 0.854902 0.858824 0.862745 0.866667 0.870588 0.874510 0.878431 0.882353 0.886275 0.890196 0.894118 0.898039 0.901961 0.905882 0.909804 0.913725 0.917647 0.921569 0.925490 0.929412 0.933333 0.937255 0.941176 0.945098 0.949020 0.952941 0.956863 0.960784 0.964706 0.968627 0.972549 0.976471 0.980392 0.984314 0.988235 0.992157 0.996078 1.000000))

# end of curves tool settings
