# GIMP curves tool settings

(time 0)
(channel value)
(curve
    (curve-type smooth)
    (n-points 17)
    (points 34 0.000000 0.000000 -1.000000 -1.000000 -1.000000 -1.000000 -1.000000 -1.000000 -1.000000 -1.000000 -1.000000 -1.000000 -1.000000 -1.000000 0.466258 0.671875 -1.000000 -1.000000 -1.000000 -1.000000 -1.000000 -1.000000 -1.000000 -1.000000 -1.000000 -1.000000 -1.000000 -1.000000 -1.000000 -1.000000 -1.000000 -1.000000 1.000000 1.000000)
    (n-samples 256)
    (samples 256 0.000000 0.006516 0.013031 0.019545 0.026059 0.032571 0.039081 0.045589 0.052094 0.058596 0.065095 0.071591 0.078082 0.084569 0.091051 0.097528 0.104000 0.110466 0.116925 0.123378 0.129824 0.136262 0.142693 0.149116 0.155530 0.161936 0.168332 0.174719 0.181096 0.187462 0.193818 0.200163 0.206497 0.212818 0.219128 0.225425 0.231710 0.237981 0.244239 0.250482 0.256711 0.262926 0.269126 0.275310 0.281478 0.287631 0.293766 0.299885 0.305987 0.312071 0.318137 0.324184 0.330213 0.336223 0.342214 0.348184 0.354135 0.360064 0.365973 0.371861 0.377727 0.383571 0.389392 0.395191 0.400967 0.406719 0.412448 0.418152 0.423831 0.429486 0.435115 0.440719 0.446296 0.451847 0.457371 0.462869 0.468338 0.473780 0.479193 0.484578 0.489934 0.495261 0.500557 0.505824 0.511060 0.516265 0.521440 0.526582 0.531693 0.536771 0.541817 0.546830 0.551809 0.556754 0.561666 0.566543 0.571385 0.576191 0.580963 0.585698 0.590397 0.595059 0.599684 0.604272 0.608822 0.613333 0.617806 0.622241 0.626636 0.630991 0.635306 0.639581 0.643816 0.648009 0.652160 0.656270 0.660338 0.664363 0.668345 0.671875 0.675780 0.679652 0.683491 0.687297 0.691072 0.694814 0.698524 0.702203 0.705850 0.709466 0.713052 0.716607 0.720131 0.723626 0.727090 0.730525 0.733930 0.737307 0.740654 0.743973 0.747263 0.750525 0.753760 0.756966 0.760145 0.763297 0.766422 0.769521 0.772593 0.775638 0.778658 0.781652 0.784621 0.787564 0.790482 0.793376 0.796245 0.799090 0.801911 0.804708 0.807481 0.810232 0.812959 0.815664 0.818346 0.821005 0.823643 0.826259 0.828853 0.831426 0.833978 0.836509 0.839020 0.841510 0.843980 0.846430 0.848861 0.851272 0.853665 0.856038 0.858393 0.860729 0.863047 0.865347 0.867630 0.869895 0.872144 0.874375 0.876589 0.878788 0.880970 0.883136 0.885286 0.887421 0.889541 0.891645 0.893736 0.895811 0.897873 0.899920 0.901954 0.903974 0.905981 0.907975 0.909956 0.911925 0.913881 0.915826 0.917759 0.919680 0.921590 0.923488 0.925377 0.927254 0.929121 0.930978 0.932826 0.934664 0.936492 0.938311 0.940122 0.941924 0.943718 0.945503 0.947281 0.949051 0.950813 0.952569 0.954318 0.956060 0.957795 0.959525 0.961249 0.962967 0.964679 0.966387 0.968089 0.969787 0.971480 0.973170 0.974855 0.976536 0.978214 0.979889 0.981561 0.983231 0.984897 0.986562 0.988224 0.989885 0.991545 0.993203 0.994860 0.996516 0.998172 1.000000))
(channel red)
(curve
    (curve-type smooth)
    (n-points 17)
    (points 34 0.000000 0.000000 -1.000000 -1.000000 -1.000000 -1.000000 -1.000000 -1.000000 -1.000000 -1.000000 -1.000000 -1.000000 0.368098 0.437500 -1.000000 -1.000000 -1.000000 -1.000000 -1.000000 -1.000000 -1.000000 -1.000000 0.668712 0.804688 -1.000000 -1.000000 -1.000000 -1.000000 -1.000000 -1.000000 -1.000000 -1.000000 1.000000 1.000000)
    (n-samples 256)
    (samples 256 0.000000 0.004632 0.009264 0.013896 0.018528 0.023160 0.027792 0.032425 0.037057 0.041690 0.046323 0.050956 0.055589 0.060222 0.064856 0.069490 0.074124 0.078759 0.083394 0.088029 0.092665 0.097301 0.101938 0.106574 0.111212 0.115850 0.120488 0.125127 0.129766 0.134406 0.139047 0.143688 0.148330 0.152972 0.157615 0.162259 0.166903 0.171548 0.176194 0.180841 0.185488 0.190136 0.194785 0.199435 0.204086 0.208737 0.213389 0.218043 0.222697 0.227352 0.232008 0.236665 0.241323 0.245983 0.250643 0.255304 0.259967 0.264630 0.269295 0.273960 0.278627 0.283295 0.287965 0.292635 0.297307 0.301980 0.306654 0.311330 0.316007 0.320685 0.325365 0.330046 0.334728 0.339412 0.344097 0.348784 0.353472 0.358162 0.362854 0.367546 0.372241 0.376937 0.381634 0.386333 0.391034 0.395737 0.400441 0.405147 0.409854 0.414564 0.419275 0.423988 0.428702 0.433419 0.437500 0.442238 0.447011 0.451820 0.456662 0.461536 0.466440 0.471374 0.476336 0.481324 0.486337 0.491373 0.496432 0.501512 0.506611 0.511728 0.516862 0.522011 0.527174 0.532349 0.537535 0.542731 0.547935 0.553146 0.558362 0.563582 0.568805 0.574029 0.579253 0.584476 0.589695 0.594910 0.600120 0.605322 0.610515 0.615699 0.620871 0.626031 0.631176 0.636306 0.641419 0.646513 0.651588 0.656641 0.661672 0.666679 0.671661 0.676616 0.681543 0.686440 0.691306 0.696140 0.700940 0.705705 0.710434 0.715124 0.719775 0.724386 0.728954 0.733479 0.737958 0.742392 0.746778 0.751114 0.755400 0.759634 0.763815 0.767941 0.772011 0.776023 0.779977 0.783870 0.787701 0.791469 0.795173 0.798811 0.802381 0.804688 0.808158 0.811586 0.814974 0.818321 0.821629 0.824897 0.828126 0.831317 0.834470 0.837585 0.840664 0.843706 0.846713 0.849683 0.852619 0.855521 0.858389 0.861223 0.864024 0.866793 0.869529 0.872235 0.874909 0.877553 0.880167 0.882751 0.885307 0.887834 0.890333 0.892804 0.895249 0.897667 0.900059 0.902425 0.904767 0.907084 0.909377 0.911646 0.913893 0.916116 0.918318 0.920498 0.922658 0.924796 0.926915 0.929014 0.931094 0.933155 0.935199 0.937224 0.939233 0.941225 0.943201 0.945161 0.947106 0.949037 0.950954 0.952856 0.954746 0.956623 0.958488 0.960342 0.962184 0.964016 0.965837 0.967649 0.969452 0.971246 0.973031 0.974810 0.976581 0.978345 0.980103 0.981855 0.983603 0.985345 0.987083 0.988818 0.990549 0.992278 0.994005 0.995729 0.997453 1.000000))
(channel green)
(curve
    (curve-type smooth)
    (n-points 17)
    (points 34 0.000000 0.000000 -1.000000 -1.000000 -1.000000 -1.000000 -1.000000 -1.000000 -1.000000 -1.000000 -1.000000 -1.000000 0.368098 0.429688 -1.000000 -1.000000 -1.000000 -1.000000 -1.000000 -1.000000 -1.000000 -1.000000 -1.000000 -1.000000 -1.000000 -1.000000 -1.000000 -1.000000 -1.000000 -1.000000 -1.000000 -1.000000 1.000000 1.000000)
    (n-samples 256)
    (samples 256 0.000000 0.004906 0.009811 0.014716 0.019621 0.024524 0.029427 0.034328 0.039227 0.044125 0.049021 0.053914 0.058805 0.063693 0.068579 0.073461 0.078340 0.083215 0.088087 0.092955 0.097818 0.102677 0.107531 0.112380 0.117224 0.122063 0.126896 0.131723 0.136545 0.141360 0.146168 0.150970 0.155765 0.160553 0.165333 0.170106 0.174871 0.179628 0.184377 0.189117 0.193849 0.198571 0.203284 0.207988 0.212683 0.217367 0.222042 0.226706 0.231360 0.236003 0.240635 0.245256 0.249865 0.254463 0.259049 0.263623 0.268185 0.272734 0.277271 0.281794 0.286304 0.290801 0.295285 0.299754 0.304209 0.308650 0.313077 0.317489 0.321886 0.326267 0.330633 0.334984 0.339319 0.343637 0.347940 0.352225 0.356494 0.360746 0.364981 0.369199 0.373398 0.377580 0.381744 0.385889 0.390016 0.394125 0.398214 0.402284 0.406334 0.410365 0.414376 0.418367 0.422337 0.426287 0.429688 0.433606 0.437516 0.441420 0.445317 0.449207 0.453090 0.456967 0.460836 0.464699 0.468555 0.472404 0.476247 0.480083 0.483912 0.487735 0.491552 0.495362 0.499166 0.502963 0.506755 0.510539 0.514318 0.518091 0.521857 0.525618 0.529372 0.533121 0.536863 0.540600 0.544331 0.548056 0.551775 0.555489 0.559197 0.562899 0.566596 0.570287 0.573973 0.577653 0.581328 0.584998 0.588662 0.592321 0.595975 0.599624 0.603267 0.606906 0.610539 0.614167 0.617791 0.621409 0.625023 0.628632 0.632236 0.635835 0.639430 0.643020 0.646605 0.650186 0.653762 0.657334 0.660902 0.664465 0.668023 0.671578 0.675128 0.678674 0.682216 0.685754 0.689287 0.692817 0.696343 0.699864 0.703382 0.706896 0.710406 0.713913 0.717415 0.720914 0.724410 0.727902 0.731390 0.734875 0.738356 0.741834 0.745308 0.748780 0.752248 0.755712 0.759174 0.762632 0.766088 0.769540 0.772989 0.776435 0.779879 0.783319 0.786757 0.790192 0.793624 0.797053 0.800480 0.803904 0.807326 0.810745 0.814161 0.817576 0.820987 0.824397 0.827804 0.831209 0.834611 0.838012 0.841410 0.844806 0.848201 0.851593 0.854983 0.858372 0.861758 0.865143 0.868526 0.871907 0.875286 0.878664 0.882041 0.885415 0.888789 0.892160 0.895531 0.898900 0.902267 0.905634 0.908999 0.912363 0.915725 0.919087 0.922448 0.925807 0.929166 0.932523 0.935880 0.939236 0.942591 0.945945 0.949299 0.952652 0.956004 0.959356 0.962707 0.966058 0.969408 0.972758 0.976108 0.979457 0.982806 0.986155 0.989503 0.992852 0.996200 1.000000))
(channel blue)
(curve
    (curve-type smooth)
    (n-points 17)
    (points 34 0.000000 0.000000 -1.000000 -1.000000 -1.000000 -1.000000 -1.000000 -1.000000 -1.000000 -1.000000 -1.000000 -1.000000 -1.000000 -1.000000 0.466258 0.519531 -1.000000 -1.000000 -1.000000 -1.000000 -1.000000 -1.000000 -1.000000 -1.000000 -1.000000 -1.000000 -1.000000 -1.000000 -1.000000 -1.000000 -1.000000 -1.000000 1.000000 1.000000)
    (n-samples 256)
    (samples 256 0.000000 0.004594 0.009187 0.013781 0.018374 0.022966 0.027559 0.032150 0.036741 0.041332 0.045921 0.050509 0.055097 0.059683 0.064268 0.068852 0.073434 0.078015 0.082594 0.087171 0.091747 0.096320 0.100892 0.105462 0.110029 0.114594 0.119157 0.123717 0.128275 0.132830 0.137382 0.141932 0.146478 0.151022 0.155562 0.160099 0.164633 0.169163 0.173690 0.178213 0.182733 0.187248 0.191760 0.196268 0.200772 0.205271 0.209766 0.214257 0.218744 0.223225 0.227703 0.232175 0.236643 0.241105 0.245563 0.250015 0.254462 0.258904 0.263341 0.267772 0.272197 0.276617 0.281031 0.285439 0.289841 0.294236 0.298626 0.303010 0.307387 0.311757 0.316121 0.320479 0.324829 0.329173 0.333510 0.337839 0.342162 0.346478 0.350786 0.355086 0.359380 0.363665 0.367943 0.372213 0.376475 0.380729 0.384975 0.389213 0.393443 0.397664 0.401877 0.406081 0.410277 0.414464 0.418642 0.422811 0.426971 0.431122 0.435264 0.439396 0.443519 0.447632 0.451736 0.455830 0.459915 0.463989 0.468054 0.472108 0.476152 0.480186 0.484210 0.488223 0.492226 0.496218 0.500199 0.504169 0.508129 0.512077 0.516014 0.519531 0.523449 0.527357 0.531257 0.535149 0.539033 0.542908 0.546774 0.550633 0.554484 0.558326 0.562161 0.565987 0.569806 0.573617 0.577420 0.581215 0.585003 0.588783 0.592556 0.596322 0.600080 0.603830 0.607574 0.611310 0.615039 0.618762 0.622477 0.626185 0.629887 0.633581 0.637269 0.640950 0.644625 0.648293 0.651955 0.655610 0.659259 0.662901 0.666538 0.670168 0.673792 0.677410 0.681022 0.684629 0.688229 0.691824 0.695413 0.698996 0.702574 0.706146 0.709713 0.713274 0.716830 0.720381 0.723926 0.727466 0.731002 0.734532 0.738057 0.741578 0.745093 0.748604 0.752110 0.755612 0.759109 0.762601 0.766089 0.769573 0.773052 0.776527 0.779998 0.783465 0.786927 0.790386 0.793841 0.797292 0.800739 0.804182 0.807622 0.811058 0.814490 0.817919 0.821345 0.824767 0.828186 0.831601 0.835014 0.838423 0.841829 0.845233 0.848633 0.852030 0.855425 0.858817 0.862206 0.865593 0.868977 0.872359 0.875738 0.879115 0.882490 0.885862 0.889232 0.892600 0.895967 0.899331 0.902693 0.906053 0.909412 0.912769 0.916124 0.919478 0.922830 0.926180 0.929530 0.932878 0.936224 0.939570 0.942914 0.946257 0.949599 0.952940 0.956281 0.959620 0.962959 0.966297 0.969634 0.972971 0.976307 0.979643 0.982979 0.986314 0.989649 0.992983 0.996318 1.000000))
(channel alpha)
(curve
    (curve-type smooth)
    (n-points 17)
    (points 34 0.000000 0.000000 -1.000000 -1.000000 -1.000000 -1.000000 -1.000000 -1.000000 -1.000000 -1.000000 -1.000000 -1.000000 -1.000000 -1.000000 -1.000000 -1.000000 -1.000000 -1.000000 -1.000000 -1.000000 -1.000000 -1.000000 -1.000000 -1.000000 -1.000000 -1.000000 -1.000000 -1.000000 -1.000000 -1.000000 -1.000000 -1.000000 1.000000 1.000000)
    (n-samples 256)
    (samples 256 0.000000 0.003922 0.007843 0.011765 0.015686 0.019608 0.023529 0.027451 0.031373 0.035294 0.039216 0.043137 0.047059 0.050980 0.054902 0.058824 0.062745 0.066667 0.070588 0.074510 0.078431 0.082353 0.086275 0.090196 0.094118 0.098039 0.101961 0.105882 0.109804 0.113725 0.117647 0.121569 0.125490 0.129412 0.133333 0.137255 0.141176 0.145098 0.149020 0.152941 0.156863 0.160784 0.164706 0.168627 0.172549 0.176471 0.180392 0.184314 0.188235 0.192157 0.196078 0.200000 0.203922 0.207843 0.211765 0.215686 0.219608 0.223529 0.227451 0.231373 0.235294 0.239216 0.243137 0.247059 0.250980 0.254902 0.258824 0.262745 0.266667 0.270588 0.274510 0.278431 0.282353 0.286275 0.290196 0.294118 0.298039 0.301961 0.305882 0.309804 0.313725 0.317647 0.321569 0.325490 0.329412 0.333333 0.337255 0.341176 0.345098 0.349020 0.352941 0.356863 0.360784 0.364706 0.368627 0.372549 0.376471 0.380392 0.384314 0.388235 0.392157 0.396078 0.400000 0.403922 0.407843 0.411765 0.415686 0.419608 0.423529 0.427451 0.431373 0.435294 0.439216 0.443137 0.447059 0.450980 0.454902 0.458824 0.462745 0.466667 0.470588 0.474510 0.478431 0.482353 0.486275 0.490196 0.494118 0.498039 0.501961 0.505882 0.509804 0.513725 0.517647 0.521569 0.525490 0.529412 0.533333 0.537255 0.541176 0.545098 0.549020 0.552941 0.556863 0.560784 0.564706 0.568627 0.572549 0.576471 0.580392 0.584314 0.588235 0.592157 0.596078 0.600000 0.603922 0.607843 0.611765 0.615686 0.619608 0.623529 0.627451 0.631373 0.635294 0.639216 0.643137 0.647059 0.650980 0.654902 0.658824 0.662745 0.666667 0.670588 0.674510 0.678431 0.682353 0.686275 0.690196 0.694118 0.698039 0.701961 0.705882 0.709804 0.713725 0.717647 0.721569 0.725490 0.729412 0.733333 0.737255 0.741176 0.745098 0.749020 0.752941 0.756863 0.760784 0.764706 0.768627 0.772549 0.776471 0.780392 0.784314 0.788235 0.792157 0.796078 0.800000 0.803922 0.807843 0.811765 0.815686 0.819608 0.823529 0.827451 0.831373 0.835294 0.839216 0.843137 0.847059 0.850980 0.854902 0.858824 0.862745 0.866667 0.870588 0.874510 0.878431 0.882353 0.886275 0.890196 0.894118 0.898039 0.901961 0.905882 0.909804 0.913725 0.917647 0.921569 0.925490 0.929412 0.933333 0.937255 0.941176 0.945098 0.949020 0.952941 0.956863 0.960784 0.964706 0.968627 0.972549 0.976471 0.980392 0.984314 0.988235 0.992157 0.996078 1.000000))

# end of curves tool settings
