# GIMP curves tool settings

(time 0)
(channel value)
(curve
    (curve-type smooth)
    (n-points 17)
    (points 34 0.000000 0.000000 -1.000000 -1.000000 -1.000000 -1.000000 -1.000000 -1.000000 -1.000000 -1.000000 -1.000000 -1.000000 -1.000000 -1.000000 -1.000000 -1.000000 -1.000000 -1.000000 -1.000000 -1.000000 -1.000000 -1.000000 -1.000000 -1.000000 0.730061 0.898438 -1.000000 -1.000000 -1.000000 -1.000000 -1.000000 -1.000000 1.000000 1.000000)
    (n-samples 256)
    (samples 256 0.000000 0.005278 0.010556 0.015834 0.021112 0.026390 0.031667 0.036943 0.042219 0.047495 0.052769 0.058043 0.063316 0.068588 0.073859 0.079129 0.084398 0.089666 0.094932 0.100197 0.105460 0.110722 0.115982 0.121241 0.126497 0.131752 0.137005 0.142255 0.147504 0.152751 0.157995 0.163236 0.168476 0.173713 0.178947 0.184179 0.189408 0.194634 0.199857 0.205077 0.210294 0.215508 0.220719 0.225927 0.231131 0.236331 0.241529 0.246722 0.251912 0.257098 0.262281 0.267459 0.272633 0.277804 0.282970 0.288132 0.293290 0.298443 0.303592 0.308736 0.313876 0.319010 0.324141 0.329266 0.334386 0.339502 0.344612 0.349717 0.354817 0.359912 0.365001 0.370084 0.375163 0.380235 0.385302 0.390363 0.395418 0.400467 0.405510 0.410547 0.415578 0.420602 0.425621 0.430632 0.435638 0.440637 0.445629 0.450614 0.455592 0.460564 0.465529 0.470486 0.475437 0.480380 0.485316 0.490245 0.495166 0.500080 0.504986 0.509884 0.514775 0.519658 0.524533 0.529400 0.534259 0.539109 0.543952 0.548786 0.553612 0.558430 0.563238 0.568039 0.572830 0.577613 0.582387 0.587152 0.591908 0.596655 0.601393 0.606121 0.610841 0.615550 0.620251 0.624942 0.629623 0.634294 0.638956 0.643608 0.648250 0.652881 0.657503 0.662115 0.666716 0.671307 0.675888 0.680458 0.685017 0.689566 0.694104 0.698632 0.703148 0.707654 0.712148 0.716632 0.721104 0.725565 0.730014 0.734452 0.738879 0.743294 0.747697 0.752089 0.756468 0.760836 0.765192 0.769536 0.773868 0.778187 0.782494 0.786789 0.791072 0.795341 0.799599 0.803843 0.808075 0.812294 0.816500 0.820693 0.824873 0.829040 0.833194 0.837334 0.841461 0.845574 0.849674 0.853760 0.857833 0.861892 0.865937 0.869968 0.873985 0.877987 0.881976 0.885951 0.889911 0.893856 0.898438 0.902306 0.906069 0.909729 0.913287 0.916745 0.920104 0.923365 0.926531 0.929602 0.932581 0.935469 0.938267 0.940977 0.943600 0.946139 0.948594 0.950967 0.953261 0.955475 0.957612 0.959674 0.961661 0.963576 0.965420 0.967195 0.968902 0.970542 0.972117 0.973630 0.975080 0.976471 0.977803 0.979077 0.980297 0.981462 0.982575 0.983637 0.984650 0.985615 0.986534 0.987408 0.988239 0.989028 0.989778 0.990489 0.991163 0.991802 0.992407 0.992979 0.993521 0.994034 0.994519 0.994978 0.995413 0.995825 0.996215 0.996585 0.996937 0.997272 0.997592 0.997898 0.998193 0.998476 0.998751 0.999018 0.999279 0.999535 0.999789 1.000000))
(channel red)
(curve
    (curve-type smooth)
    (n-points 17)
    (points 34 0.000000 0.000000 -1.000000 -1.000000 -1.000000 -1.000000 -1.000000 -1.000000 -1.000000 -1.000000 -1.000000 -1.000000 -1.000000 -1.000000 0.432515 0.539063 -1.000000 -1.000000 -1.000000 -1.000000 -1.000000 -1.000000 -1.000000 -1.000000 -1.000000 -1.000000 -1.000000 -1.000000 -1.000000 -1.000000 -1.000000 -1.000000 1.000000 1.000000)
    (n-samples 256)
    (samples 256 0.000000 0.005371 0.010741 0.016111 0.021480 0.026848 0.032215 0.037581 0.042945 0.048307 0.053667 0.059024 0.064379 0.069731 0.075080 0.080426 0.085768 0.091106 0.096440 0.101770 0.107095 0.112416 0.117731 0.123042 0.128347 0.133646 0.138939 0.144226 0.149506 0.154780 0.160047 0.165307 0.170559 0.175804 0.181041 0.186270 0.191491 0.196703 0.201906 0.207100 0.212284 0.217460 0.222625 0.227781 0.232926 0.238061 0.243185 0.248298 0.253400 0.258490 0.263569 0.268636 0.273690 0.278732 0.283762 0.288779 0.293783 0.298773 0.303750 0.308713 0.313662 0.318596 0.323516 0.328422 0.333312 0.338187 0.343046 0.347890 0.352718 0.357530 0.362325 0.367104 0.371865 0.376610 0.381337 0.386046 0.390738 0.395411 0.400066 0.404703 0.409321 0.413919 0.418499 0.423059 0.427599 0.432119 0.436618 0.441098 0.445556 0.449994 0.454410 0.458805 0.463179 0.467530 0.471859 0.476166 0.480450 0.484711 0.488950 0.493165 0.497356 0.501523 0.505667 0.509786 0.513880 0.517950 0.521995 0.526014 0.530008 0.533976 0.539063 0.542976 0.546875 0.550759 0.554628 0.558482 0.562321 0.566146 0.569956 0.573751 0.577533 0.581300 0.585053 0.588792 0.592517 0.596228 0.599926 0.603610 0.607280 0.610938 0.614582 0.618212 0.621830 0.625435 0.629027 0.632606 0.636173 0.639727 0.643269 0.646798 0.650315 0.653820 0.657313 0.660795 0.664264 0.667722 0.671168 0.674603 0.678026 0.681438 0.684839 0.688229 0.691608 0.694976 0.698333 0.701680 0.705016 0.708342 0.711658 0.714963 0.718258 0.721543 0.724819 0.728084 0.731340 0.734587 0.737823 0.741051 0.744269 0.747478 0.750678 0.753870 0.757052 0.760225 0.763390 0.766547 0.769695 0.772835 0.775966 0.779090 0.782205 0.785313 0.788412 0.791505 0.794589 0.797666 0.800736 0.803799 0.806854 0.809902 0.812944 0.815978 0.819006 0.822027 0.825042 0.828050 0.831052 0.834048 0.837038 0.840022 0.843000 0.845972 0.848938 0.851899 0.854855 0.857805 0.860750 0.863689 0.866624 0.869554 0.872479 0.875399 0.878315 0.881226 0.884132 0.887035 0.889933 0.892827 0.895717 0.898604 0.901486 0.904365 0.907240 0.910112 0.912981 0.915846 0.918708 0.921567 0.924423 0.927277 0.930127 0.932975 0.935821 0.938664 0.941505 0.944344 0.947180 0.950015 0.952848 0.955679 0.958508 0.961336 0.964162 0.966987 0.969811 0.972633 0.975455 0.978276 0.981096 0.983915 0.986733 0.989552 0.992369 0.995187 0.998004 1.000000))
(channel green)
(curve
    (curve-type smooth)
    (n-points 17)
    (points 34 0.000000 0.000000 -1.000000 -1.000000 -1.000000 -1.000000 -1.000000 -1.000000 -1.000000 -1.000000 -1.000000 -1.000000 -1.000000 -1.000000 0.429448 0.515625 -1.000000 -1.000000 -1.000000 -1.000000 -1.000000 -1.000000 -1.000000 -1.000000 -1.000000 -1.000000 -1.000000 -1.000000 -1.000000 -1.000000 -1.000000 -1.000000 1.000000 1.000000)
    (n-samples 256)
    (samples 256 0.000000 0.005102 0.010204 0.015305 0.020406 0.025506 0.030605 0.035703 0.040799 0.045894 0.050987 0.056078 0.061167 0.066254 0.071338 0.076419 0.081497 0.086572 0.091644 0.096713 0.101777 0.106838 0.111894 0.116946 0.121994 0.127037 0.132075 0.137108 0.142135 0.147157 0.152173 0.157184 0.162188 0.167186 0.172178 0.177162 0.182140 0.187111 0.192075 0.197031 0.201979 0.206920 0.211852 0.216776 0.221692 0.226599 0.231497 0.236387 0.241266 0.246137 0.250998 0.255849 0.260689 0.265520 0.270340 0.275150 0.279949 0.284737 0.289513 0.294278 0.299032 0.303773 0.308503 0.313221 0.317926 0.322618 0.327298 0.331964 0.336618 0.341258 0.345885 0.350497 0.355096 0.359681 0.364251 0.368807 0.373347 0.377873 0.382384 0.386880 0.391359 0.395824 0.400272 0.404704 0.409119 0.413519 0.417901 0.422266 0.426615 0.430946 0.435259 0.439555 0.443833 0.448093 0.452334 0.456557 0.460761 0.464947 0.469113 0.473260 0.477388 0.481495 0.485583 0.489651 0.493699 0.497726 0.501732 0.505718 0.509682 0.513625 0.515625 0.519540 0.523444 0.527335 0.531214 0.535082 0.538938 0.542782 0.546614 0.550435 0.554244 0.558042 0.561829 0.565604 0.569368 0.573122 0.576864 0.580596 0.584316 0.588026 0.591726 0.595414 0.599093 0.602761 0.606419 0.610066 0.613704 0.617331 0.620948 0.624556 0.628154 0.631742 0.635320 0.638889 0.642449 0.645999 0.649540 0.653072 0.656594 0.660108 0.663612 0.667108 0.670595 0.674073 0.677543 0.681004 0.684457 0.687901 0.691338 0.694766 0.698185 0.701597 0.705001 0.708397 0.711785 0.715166 0.718539 0.721905 0.725263 0.728613 0.731957 0.735293 0.738622 0.741944 0.745260 0.748568 0.751870 0.755165 0.758453 0.761735 0.765011 0.768280 0.771543 0.774799 0.778050 0.781295 0.784533 0.787766 0.790993 0.794215 0.797431 0.800641 0.803846 0.807046 0.810240 0.813429 0.816613 0.819793 0.822967 0.826136 0.829301 0.832461 0.835616 0.838767 0.841914 0.845056 0.848194 0.851328 0.854458 0.857583 0.860705 0.863823 0.866938 0.870048 0.873155 0.876259 0.879359 0.882456 0.885550 0.888640 0.891728 0.894812 0.897894 0.900973 0.904049 0.907122 0.910193 0.913261 0.916327 0.919391 0.922452 0.925512 0.928569 0.931624 0.934678 0.937729 0.940779 0.943827 0.946874 0.949919 0.952963 0.956006 0.959047 0.962087 0.965126 0.968164 0.971202 0.974238 0.977274 0.980309 0.983344 0.986378 0.989412 0.992445 0.995478 1.000000))
(channel blue)
(curve
    (curve-type smooth)
    (n-points 17)
    (points 34 0.000000 0.000000 -1.000000 -1.000000 -1.000000 -1.000000 -1.000000 -1.000000 -1.000000 -1.000000 0.331288 0.542969 -1.000000 -1.000000 -1.000000 -1.000000 -1.000000 -1.000000 -1.000000 -1.000000 -1.000000 -1.000000 -1.000000 -1.000000 -1.000000 -1.000000 -1.000000 -1.000000 -1.000000 -1.000000 -1.000000 -1.000000 1.000000 1.000000)
    (n-samples 256)
    (samples 256 0.000000 0.007680 0.015359 0.023036 0.030709 0.038379 0.046043 0.053701 0.061351 0.068993 0.076626 0.084248 0.091859 0.099456 0.107041 0.114610 0.122164 0.129700 0.137219 0.144719 0.152199 0.159658 0.167094 0.174508 0.181897 0.189261 0.196599 0.203909 0.211191 0.218443 0.225665 0.232855 0.240013 0.247137 0.254226 0.261279 0.268295 0.275274 0.282213 0.289113 0.295971 0.302787 0.309560 0.316289 0.322973 0.329610 0.336200 0.342741 0.349233 0.355674 0.362064 0.368401 0.374684 0.380913 0.387085 0.393201 0.399259 0.405258 0.411197 0.417074 0.422890 0.428643 0.434331 0.439953 0.445510 0.450999 0.456420 0.461771 0.467051 0.472260 0.477396 0.482459 0.487446 0.492358 0.497193 0.501950 0.506628 0.511226 0.515743 0.520178 0.524529 0.528796 0.532978 0.537074 0.542969 0.546879 0.550768 0.554636 0.558482 0.562306 0.566110 0.569892 0.573653 0.577394 0.581114 0.584813 0.588492 0.592151 0.595789 0.599407 0.603006 0.606584 0.610143 0.613683 0.617203 0.620704 0.624185 0.627648 0.631092 0.634517 0.637923 0.641311 0.644680 0.648031 0.651364 0.654679 0.657977 0.661256 0.664518 0.667762 0.670989 0.674199 0.677391 0.680567 0.683726 0.686868 0.689994 0.693103 0.696195 0.699272 0.702332 0.705377 0.708406 0.711419 0.714416 0.717398 0.720365 0.723316 0.726253 0.729174 0.732081 0.734973 0.737850 0.740714 0.743562 0.746397 0.749218 0.752024 0.754817 0.757597 0.760363 0.763115 0.765854 0.768580 0.771293 0.773993 0.776681 0.779356 0.782018 0.784668 0.787306 0.789931 0.792545 0.795147 0.797737 0.800315 0.802882 0.805438 0.807982 0.810516 0.813038 0.815550 0.818051 0.820541 0.823021 0.825490 0.827950 0.830399 0.832839 0.835268 0.837688 0.840099 0.842499 0.844891 0.847274 0.849647 0.852012 0.854368 0.856715 0.859053 0.861384 0.863706 0.866020 0.868325 0.870623 0.872914 0.875196 0.877471 0.879739 0.881999 0.884253 0.886499 0.888739 0.890972 0.893198 0.895418 0.897631 0.899838 0.902039 0.904234 0.906424 0.908607 0.910785 0.912958 0.915125 0.917287 0.919444 0.921596 0.923744 0.925886 0.928024 0.930158 0.932287 0.934413 0.936534 0.938651 0.940764 0.942874 0.944981 0.947083 0.949183 0.951279 0.953373 0.955463 0.957551 0.959636 0.961719 0.963799 0.965878 0.967954 0.970027 0.972100 0.974170 0.976239 0.978306 0.980372 0.982437 0.984500 0.986563 0.988625 0.990686 0.992747 0.994807 0.996866 0.998926 1.000000))
(channel alpha)
(curve
    (curve-type smooth)
    (n-points 17)
    (points 34 0.000000 0.000000 -1.000000 -1.000000 -1.000000 -1.000000 -1.000000 -1.000000 -1.000000 -1.000000 -1.000000 -1.000000 -1.000000 -1.000000 -1.000000 -1.000000 -1.000000 -1.000000 -1.000000 -1.000000 -1.000000 -1.000000 -1.000000 -1.000000 -1.000000 -1.000000 -1.000000 -1.000000 -1.000000 -1.000000 -1.000000 -1.000000 1.000000 1.000000)
    (n-samples 256)
    (samples 256 0.000000 0.003922 0.007843 0.011765 0.015686 0.019608 0.023529 0.027451 0.031373 0.035294 0.039216 0.043137 0.047059 0.050980 0.054902 0.058824 0.062745 0.066667 0.070588 0.074510 0.078431 0.082353 0.086275 0.090196 0.094118 0.098039 0.101961 0.105882 0.109804 0.113725 0.117647 0.121569 0.125490 0.129412 0.133333 0.137255 0.141176 0.145098 0.149020 0.152941 0.156863 0.160784 0.164706 0.168627 0.172549 0.176471 0.180392 0.184314 0.188235 0.192157 0.196078 0.200000 0.203922 0.207843 0.211765 0.215686 0.219608 0.223529 0.227451 0.231373 0.235294 0.239216 0.243137 0.247059 0.250980 0.254902 0.258824 0.262745 0.266667 0.270588 0.274510 0.278431 0.282353 0.286275 0.290196 0.294118 0.298039 0.301961 0.305882 0.309804 0.313725 0.317647 0.321569 0.325490 0.329412 0.333333 0.337255 0.341176 0.345098 0.349020 0.352941 0.356863 0.360784 0.364706 0.368627 0.372549 0.376471 0.380392 0.384314 0.388235 0.392157 0.396078 0.400000 0.403922 0.407843 0.411765 0.415686 0.419608 0.423529 0.427451 0.431373 0.435294 0.439216 0.443137 0.447059 0.450980 0.454902 0.458824 0.462745 0.466667 0.470588 0.474510 0.478431 0.482353 0.486275 0.490196 0.494118 0.498039 0.501961 0.505882 0.509804 0.513725 0.517647 0.521569 0.525490 0.529412 0.533333 0.537255 0.541176 0.545098 0.549020 0.552941 0.556863 0.560784 0.564706 0.568627 0.572549 0.576471 0.580392 0.584314 0.588235 0.592157 0.596078 0.600000 0.603922 0.607843 0.611765 0.615686 0.619608 0.623529 0.627451 0.631373 0.635294 0.639216 0.643137 0.647059 0.650980 0.654902 0.658824 0.662745 0.666667 0.670588 0.674510 0.678431 0.682353 0.686275 0.690196 0.694118 0.698039 0.701961 0.705882 0.709804 0.713725 0.717647 0.721569 0.725490 0.729412 0.733333 0.737255 0.741176 0.745098 0.749020 0.752941 0.756863 0.760784 0.764706 0.768627 0.772549 0.776471 0.780392 0.784314 0.788235 0.792157 0.796078 0.800000 0.803922 0.807843 0.811765 0.815686 0.819608 0.823529 0.827451 0.831373 0.835294 0.839216 0.843137 0.847059 0.850980 0.854902 0.858824 0.862745 0.866667 0.870588 0.874510 0.878431 0.882353 0.886275 0.890196 0.894118 0.898039 0.901961 0.905882 0.909804 0.913725 0.917647 0.921569 0.925490 0.929412 0.933333 0.937255 0.941176 0.945098 0.949020 0.952941 0.956863 0.960784 0.964706 0.968627 0.972549 0.976471 0.980392 0.984314 0.988235 0.992157 0.996078 1.000000))

# end of curves tool settings
