# GIMP curves tool settings

(time 0)
(channel value)
(curve
    (curve-type smooth)
    (n-points 17)
    (points 34 0.000000 0.000000 -1.000000 -1.000000 -1.000000 -1.000000 -1.000000 -1.000000 -1.000000 -1.000000 -1.000000 -1.000000 -1.000000 -1.000000 -1.000000 -1.000000 -1.000000 -1.000000 -1.000000 -1.000000 -1.000000 -1.000000 -1.000000 -1.000000 0.733129 1.000000 -1.000000 -1.000000 -1.000000 -1.000000 -1.000000 -1.000000 1.000000 1.000000)
    (n-samples 256)
    (samples 256 0.000000 0.006063 0.012126 0.018188 0.024250 0.030312 0.036373 0.042433 0.048492 0.054551 0.060608 0.066664 0.072719 0.078772 0.084824 0.090874 0.096922 0.102968 0.109012 0.115054 0.121093 0.127131 0.133165 0.139197 0.145226 0.151252 0.157275 0.163295 0.169311 0.175324 0.181334 0.187340 0.193342 0.199340 0.205334 0.211324 0.217310 0.223291 0.229267 0.235239 0.241207 0.247169 0.253126 0.259079 0.265025 0.270967 0.276903 0.282833 0.288758 0.294677 0.300589 0.306496 0.312396 0.318290 0.324178 0.330059 0.335933 0.341800 0.347660 0.353513 0.359359 0.365198 0.371029 0.376853 0.382668 0.388476 0.394276 0.400068 0.405852 0.411627 0.417394 0.423152 0.428902 0.434643 0.440375 0.446097 0.451811 0.457515 0.463210 0.468896 0.474571 0.480237 0.485893 0.491539 0.497174 0.502800 0.508415 0.514019 0.519613 0.525196 0.530768 0.536329 0.541879 0.547417 0.552945 0.558460 0.563964 0.569457 0.574937 0.580406 0.585862 0.591306 0.596737 0.602157 0.607563 0.612957 0.618338 0.623706 0.629061 0.634402 0.639730 0.645045 0.650346 0.655634 0.660907 0.666167 0.671412 0.676644 0.681861 0.687063 0.692251 0.697424 0.702583 0.707726 0.712854 0.717968 0.723065 0.728148 0.733215 0.738266 0.743301 0.748321 0.753324 0.758311 0.763282 0.768237 0.773175 0.778096 0.783000 0.787888 0.792759 0.797612 0.802448 0.807267 0.812068 0.816852 0.821617 0.826365 0.831095 0.835807 0.840500 0.845175 0.849832 0.854470 0.859089 0.863690 0.868271 0.872833 0.877376 0.881900 0.886404 0.890889 0.895354 0.899799 0.904224 0.908628 0.913013 0.917378 0.921721 0.926045 0.930347 0.934629 0.938890 0.943130 0.947348 0.951545 0.955721 0.959875 0.964008 0.968119 0.972207 0.976274 0.980319 0.984341 0.988341 0.992318 0.996273 1.000000 1.000000 1.000000 1.000000 1.000000 1.000000 1.000000 1.000000 1.000000 1.000000 1.000000 1.000000 1.000000 1.000000 1.000000 1.000000 1.000000 1.000000 1.000000 1.000000 1.000000 1.000000 1.000000 1.000000 1.000000 1.000000 1.000000 1.000000 1.000000 1.000000 1.000000 1.000000 1.000000 1.000000 1.000000 1.000000 1.000000 1.000000 1.000000 1.000000 1.000000 1.000000 1.000000 1.000000 1.000000 1.000000 1.000000 1.000000 1.000000 1.000000 1.000000 1.000000 1.000000 1.000000 1.000000 1.000000 1.000000 1.000000 1.000000 1.000000 1.000000 1.000000 1.000000 1.000000 1.000000 1.000000 1.000000 1.000000 1.000000))
(channel red)
(curve
    (curve-type smooth)
    (n-points 17)
    (points 34 0.000000 0.000000 -1.000000 -1.000000 -1.000000 -1.000000 -1.000000 -1.000000 -1.000000 -1.000000 -1.000000 -1.000000 -1.000000 -1.000000 0.447853 0.488281 -1.000000 -1.000000 -1.000000 -1.000000 -1.000000 -1.000000 -1.000000 -1.000000 -1.000000 -1.000000 -1.000000 -1.000000 -1.000000 -1.000000 -1.000000 -1.000000 1.000000 1.000000)
    (n-samples 256)
    (samples 256 0.000000 0.004453 0.008905 0.013357 0.017809 0.022261 0.026713 0.031163 0.035614 0.040063 0.044512 0.048960 0.053408 0.057854 0.062299 0.066743 0.071186 0.075627 0.080067 0.084506 0.088943 0.093378 0.097812 0.102244 0.106674 0.111102 0.115529 0.119953 0.124374 0.128794 0.133211 0.137626 0.142038 0.146447 0.150854 0.155258 0.159660 0.164058 0.168453 0.172846 0.177235 0.181620 0.186003 0.190382 0.194757 0.199129 0.203498 0.207862 0.212223 0.216580 0.220933 0.225281 0.229626 0.233966 0.238302 0.242634 0.246961 0.251284 0.255602 0.259915 0.264223 0.268527 0.272825 0.277119 0.281407 0.285691 0.289968 0.294241 0.298508 0.302770 0.307025 0.311276 0.315520 0.319759 0.323991 0.328218 0.332438 0.336653 0.340861 0.345062 0.349258 0.353446 0.357629 0.361804 0.365973 0.370135 0.374290 0.378437 0.382578 0.386712 0.390838 0.394958 0.399069 0.403173 0.407270 0.411359 0.415440 0.419514 0.423579 0.427637 0.431686 0.435728 0.439761 0.443786 0.447802 0.451810 0.455809 0.459800 0.463782 0.467756 0.471720 0.475675 0.479622 0.483559 0.488281 0.492200 0.496112 0.500019 0.503919 0.507814 0.511702 0.515585 0.519462 0.523333 0.527198 0.531058 0.534912 0.538761 0.542604 0.546441 0.550273 0.554099 0.557921 0.561736 0.565547 0.569352 0.573152 0.576947 0.580737 0.584522 0.588301 0.592076 0.595846 0.599611 0.603371 0.607126 0.610876 0.614622 0.618363 0.622099 0.625831 0.629558 0.633281 0.636999 0.640713 0.644422 0.648128 0.651828 0.655525 0.659217 0.662905 0.666589 0.670269 0.673945 0.677617 0.681285 0.684949 0.688610 0.692266 0.695919 0.699568 0.703213 0.706855 0.710493 0.714127 0.717758 0.721385 0.725010 0.728630 0.732248 0.735862 0.739472 0.743080 0.746684 0.750286 0.753884 0.757479 0.761071 0.764661 0.768247 0.771830 0.775411 0.778989 0.782564 0.786137 0.789707 0.793274 0.796839 0.800401 0.803960 0.807518 0.811073 0.814625 0.818176 0.821724 0.825269 0.828813 0.832355 0.835894 0.839432 0.842967 0.846500 0.850032 0.853562 0.857090 0.860616 0.864140 0.867663 0.871184 0.874704 0.878221 0.881738 0.885253 0.888766 0.892279 0.895789 0.899299 0.902807 0.906314 0.909820 0.913325 0.916828 0.920331 0.923833 0.927334 0.930833 0.934332 0.937830 0.941328 0.944824 0.948320 0.951816 0.955310 0.958805 0.962298 0.965791 0.969284 0.972776 0.976268 0.979760 0.983252 0.986743 0.990234 0.993725 0.997216 1.000000))
(channel green)
(curve
    (curve-type smooth)
    (n-points 17)
    (points 34 0.000000 0.000000 -1.000000 -1.000000 -1.000000 -1.000000 -1.000000 -1.000000 -1.000000 -1.000000 -1.000000 -1.000000 -1.000000 -1.000000 -1.000000 -1.000000 -1.000000 -1.000000 -1.000000 -1.000000 -1.000000 -1.000000 -1.000000 -1.000000 -1.000000 -1.000000 -1.000000 -1.000000 0.855828 0.960938 -1.000000 -1.000000 1.000000 1.000000)
    (n-samples 256)
    (samples 256 0.000000 0.004644 0.009288 0.013932 0.018576 0.023219 0.027863 0.032506 0.037150 0.041792 0.046435 0.051077 0.055719 0.060361 0.065002 0.069643 0.074284 0.078923 0.083563 0.088202 0.092840 0.097477 0.102114 0.106751 0.111386 0.116021 0.120656 0.125289 0.129921 0.134553 0.139184 0.143814 0.148443 0.153071 0.157698 0.162324 0.166949 0.171572 0.176195 0.180817 0.185437 0.190056 0.194674 0.199291 0.203906 0.208520 0.213133 0.217744 0.222354 0.226962 0.231569 0.236174 0.240778 0.245380 0.249981 0.254580 0.259177 0.263772 0.268366 0.272958 0.277549 0.282137 0.286724 0.291309 0.295891 0.300472 0.305051 0.309628 0.314203 0.318776 0.323347 0.327915 0.332482 0.337046 0.341608 0.346168 0.350726 0.355281 0.359834 0.364384 0.368932 0.373478 0.378021 0.382562 0.387100 0.391636 0.396169 0.400700 0.405228 0.409753 0.414275 0.418795 0.423312 0.427826 0.432338 0.436846 0.441352 0.445855 0.450355 0.454851 0.459345 0.463836 0.468324 0.472808 0.477290 0.481768 0.486243 0.490715 0.495184 0.499650 0.504112 0.508571 0.513026 0.517478 0.521927 0.526372 0.530813 0.535252 0.539686 0.544117 0.548545 0.552968 0.557388 0.561805 0.566217 0.570626 0.575031 0.579433 0.583830 0.588224 0.592613 0.596999 0.601381 0.605758 0.610132 0.614502 0.618867 0.623229 0.627586 0.631939 0.636288 0.640632 0.644973 0.649309 0.653640 0.657967 0.662290 0.666609 0.670923 0.675232 0.679537 0.683838 0.688134 0.692425 0.696711 0.700993 0.705271 0.709543 0.713811 0.718074 0.722332 0.726585 0.730834 0.735077 0.739315 0.743549 0.747778 0.752001 0.756220 0.760433 0.764641 0.768844 0.773042 0.777235 0.781422 0.785604 0.789781 0.793952 0.798119 0.802279 0.806434 0.810584 0.814729 0.818867 0.823001 0.827128 0.831250 0.835367 0.839478 0.843583 0.847682 0.851775 0.855863 0.859945 0.864021 0.868091 0.872156 0.876214 0.880266 0.884312 0.888353 0.892387 0.896415 0.900437 0.904453 0.908463 0.912466 0.916463 0.920454 0.924439 0.928417 0.932389 0.936354 0.940313 0.944266 0.948212 0.952152 0.956085 0.960938 0.964743 0.968322 0.971681 0.974825 0.977761 0.980496 0.983035 0.985386 0.987554 0.989546 0.991368 0.993026 0.994527 0.995878 0.997084 0.998152 0.999088 0.999899 1.000000 1.000000 1.000000 1.000000 1.000000 1.000000 1.000000 1.000000 1.000000 1.000000 1.000000 1.000000 1.000000 1.000000 1.000000 1.000000 1.000000 1.000000 1.000000))
(channel blue)
(curve
    (curve-type smooth)
    (n-points 17)
    (points 34 0.000000 0.000000 -1.000000 -1.000000 -1.000000 -1.000000 -1.000000 -1.000000 -1.000000 -1.000000 -1.000000 -1.000000 -1.000000 -1.000000 -1.000000 -1.000000 -1.000000 -1.000000 -1.000000 -1.000000 0.610429 0.773438 -1.000000 -1.000000 -1.000000 -1.000000 -1.000000 -1.000000 -1.000000 -1.000000 -1.000000 -1.000000 1.000000 1.000000)
    (n-samples 256)
    (samples 256 0.000000 0.005492 0.010985 0.016477 0.021968 0.027459 0.032950 0.038439 0.043928 0.049416 0.054902 0.060387 0.065871 0.071353 0.076834 0.082313 0.087790 0.093264 0.098737 0.104207 0.109675 0.115140 0.120602 0.126062 0.131518 0.136972 0.142422 0.147869 0.153312 0.158752 0.164188 0.169620 0.175048 0.180472 0.185892 0.191307 0.196718 0.202124 0.207525 0.212921 0.218312 0.223698 0.229079 0.234454 0.239824 0.245188 0.250546 0.255898 0.261244 0.266584 0.271918 0.277245 0.282565 0.287879 0.293186 0.298486 0.303778 0.309064 0.314342 0.319612 0.324875 0.330130 0.335377 0.340617 0.345848 0.351070 0.356284 0.361490 0.366687 0.371875 0.377055 0.382225 0.387386 0.392537 0.397679 0.402812 0.407935 0.413048 0.418151 0.423244 0.428326 0.433399 0.438460 0.443511 0.448552 0.453581 0.458600 0.463607 0.468603 0.473588 0.478561 0.483522 0.488472 0.493410 0.498335 0.503249 0.508150 0.513038 0.517914 0.522778 0.527628 0.532466 0.537290 0.542102 0.546900 0.551684 0.556455 0.561212 0.565955 0.570684 0.575399 0.580100 0.584787 0.589458 0.594116 0.598758 0.603386 0.607998 0.612595 0.617177 0.621744 0.626295 0.630830 0.635350 0.639854 0.644341 0.648812 0.653267 0.657706 0.662128 0.666533 0.670921 0.675292 0.679647 0.683984 0.688303 0.692605 0.696890 0.701156 0.705405 0.709636 0.713849 0.718043 0.722219 0.726376 0.730515 0.734635 0.738736 0.742818 0.746881 0.750924 0.754948 0.758952 0.762937 0.766902 0.770847 0.773438 0.777334 0.781182 0.784981 0.788733 0.792436 0.796093 0.799703 0.803267 0.806785 0.810259 0.813687 0.817072 0.820413 0.823711 0.826967 0.830180 0.833352 0.836483 0.839573 0.842623 0.845634 0.848605 0.851538 0.854433 0.857290 0.860110 0.862894 0.865641 0.868353 0.871030 0.873672 0.876280 0.878855 0.881396 0.883905 0.886382 0.888827 0.891241 0.893625 0.895978 0.898302 0.900596 0.902862 0.905100 0.907311 0.909494 0.911651 0.913781 0.915886 0.917966 0.920021 0.922052 0.924060 0.926044 0.928006 0.929945 0.931863 0.933760 0.935636 0.937492 0.939329 0.941146 0.942945 0.944726 0.946489 0.948235 0.949964 0.951677 0.953374 0.955057 0.956724 0.958378 0.960018 0.961645 0.963259 0.964861 0.966451 0.968030 0.969599 0.971157 0.972706 0.974246 0.975777 0.977299 0.978815 0.980323 0.981824 0.983319 0.984809 0.986293 0.987773 0.989248 0.990720 0.992189 0.993655 0.995119 0.996581 0.998042 1.000000))
(channel alpha)
(curve
    (curve-type smooth)
    (n-points 17)
    (points 34 0.000000 0.000000 -1.000000 -1.000000 -1.000000 -1.000000 -1.000000 -1.000000 -1.000000 -1.000000 -1.000000 -1.000000 -1.000000 -1.000000 -1.000000 -1.000000 -1.000000 -1.000000 -1.000000 -1.000000 -1.000000 -1.000000 -1.000000 -1.000000 -1.000000 -1.000000 -1.000000 -1.000000 -1.000000 -1.000000 -1.000000 -1.000000 1.000000 1.000000)
    (n-samples 256)
    (samples 256 0.000000 0.003922 0.007843 0.011765 0.015686 0.019608 0.023529 0.027451 0.031373 0.035294 0.039216 0.043137 0.047059 0.050980 0.054902 0.058824 0.062745 0.066667 0.070588 0.074510 0.078431 0.082353 0.086275 0.090196 0.094118 0.098039 0.101961 0.105882 0.109804 0.113725 0.117647 0.121569 0.125490 0.129412 0.133333 0.137255 0.141176 0.145098 0.149020 0.152941 0.156863 0.160784 0.164706 0.168627 0.172549 0.176471 0.180392 0.184314 0.188235 0.192157 0.196078 0.200000 0.203922 0.207843 0.211765 0.215686 0.219608 0.223529 0.227451 0.231373 0.235294 0.239216 0.243137 0.247059 0.250980 0.254902 0.258824 0.262745 0.266667 0.270588 0.274510 0.278431 0.282353 0.286275 0.290196 0.294118 0.298039 0.301961 0.305882 0.309804 0.313725 0.317647 0.321569 0.325490 0.329412 0.333333 0.337255 0.341176 0.345098 0.349020 0.352941 0.356863 0.360784 0.364706 0.368627 0.372549 0.376471 0.380392 0.384314 0.388235 0.392157 0.396078 0.400000 0.403922 0.407843 0.411765 0.415686 0.419608 0.423529 0.427451 0.431373 0.435294 0.439216 0.443137 0.447059 0.450980 0.454902 0.458824 0.462745 0.466667 0.470588 0.474510 0.478431 0.482353 0.486275 0.490196 0.494118 0.498039 0.501961 0.505882 0.509804 0.513725 0.517647 0.521569 0.525490 0.529412 0.533333 0.537255 0.541176 0.545098 0.549020 0.552941 0.556863 0.560784 0.564706 0.568627 0.572549 0.576471 0.580392 0.584314 0.588235 0.592157 0.596078 0.600000 0.603922 0.607843 0.611765 0.615686 0.619608 0.623529 0.627451 0.631373 0.635294 0.639216 0.643137 0.647059 0.650980 0.654902 0.658824 0.662745 0.666667 0.670588 0.674510 0.678431 0.682353 0.686275 0.690196 0.694118 0.698039 0.701961 0.705882 0.709804 0.713725 0.717647 0.721569 0.725490 0.729412 0.733333 0.737255 0.741176 0.745098 0.749020 0.752941 0.756863 0.760784 0.764706 0.768627 0.772549 0.776471 0.780392 0.784314 0.788235 0.792157 0.796078 0.800000 0.803922 0.807843 0.811765 0.815686 0.819608 0.823529 0.827451 0.831373 0.835294 0.839216 0.843137 0.847059 0.850980 0.854902 0.858824 0.862745 0.866667 0.870588 0.874510 0.878431 0.882353 0.886275 0.890196 0.894118 0.898039 0.901961 0.905882 0.909804 0.913725 0.917647 0.921569 0.925490 0.929412 0.933333 0.937255 0.941176 0.945098 0.949020 0.952941 0.956863 0.960784 0.964706 0.968627 0.972549 0.976471 0.980392 0.984314 0.988235 0.992157 0.996078 1.000000))

# end of curves tool settings
