# GIMP curves tool settings

(time 0)
(channel value)
(curve
    (curve-type smooth)
    (n-points 17)
    (points 34 0.000000 0.000000 0.064024 0.076046 -1.000000 -1.000000 -1.000000 -1.000000 0.235294 0.380392 -1.000000 -1.000000 -1.000000 -1.000000 -1.000000 -1.000000 -1.000000 -1.000000 -1.000000 -1.000000 -1.000000 -1.000000 0.705882 0.776471 -1.000000 -1.000000 -1.000000 -1.000000 -1.000000 -1.000000 -1.000000 -1.000000 1.000000 1.000000)
    (n-samples 256)
    (samples 256 0.000000 0.003820 0.007659 0.011536 0.015469 0.019479 0.023583 0.027800 0.032151 0.036652 0.041324 0.046185 0.051255 0.056551 0.062094 0.067902 0.076046 0.082474 0.089073 0.095832 0.102740 0.109787 0.116962 0.124256 0.131658 0.139156 0.146742 0.154404 0.162131 0.169915 0.177743 0.185606 0.193493 0.201394 0.209298 0.217195 0.225074 0.232926 0.240739 0.248503 0.256208 0.263843 0.271398 0.278862 0.286225 0.293477 0.300606 0.307604 0.314458 0.321159 0.327697 0.334060 0.340239 0.346223 0.352002 0.357564 0.362900 0.368000 0.372852 0.377447 0.380392 0.384656 0.388890 0.393094 0.397269 0.401414 0.405531 0.409619 0.413679 0.417712 0.421717 0.425695 0.429646 0.433572 0.437471 0.441344 0.445193 0.449016 0.452815 0.456590 0.460341 0.464069 0.467773 0.471455 0.475114 0.478752 0.482367 0.485962 0.489535 0.493088 0.496621 0.500134 0.503627 0.507101 0.510556 0.513993 0.517412 0.520813 0.524197 0.527563 0.530913 0.534247 0.537564 0.540866 0.544153 0.547425 0.550683 0.553926 0.557155 0.560371 0.563574 0.566764 0.569942 0.573107 0.576261 0.579404 0.582536 0.585657 0.588768 0.591869 0.594960 0.598042 0.601116 0.604181 0.607238 0.610287 0.613328 0.616363 0.619391 0.622412 0.625428 0.628438 0.631443 0.634443 0.637438 0.640429 0.643416 0.646400 0.649381 0.652359 0.655334 0.658308 0.661279 0.664250 0.667219 0.670188 0.673157 0.676125 0.679094 0.682064 0.685035 0.688008 0.690982 0.693959 0.696938 0.699920 0.702905 0.705894 0.708887 0.711885 0.714887 0.717894 0.720907 0.723925 0.726950 0.729981 0.733019 0.736064 0.739117 0.742178 0.745247 0.748324 0.751411 0.754507 0.757613 0.760728 0.763855 0.766991 0.770140 0.773299 0.776471 0.779644 0.782810 0.785968 0.789119 0.792262 0.795397 0.798526 0.801647 0.804761 0.807869 0.810969 0.814063 0.817150 0.820231 0.823305 0.826373 0.829435 0.832490 0.835540 0.838584 0.841622 0.844654 0.847681 0.850702 0.853718 0.856728 0.859734 0.862734 0.865730 0.868720 0.871706 0.874688 0.877664 0.880637 0.883605 0.886569 0.889528 0.892484 0.895436 0.898384 0.901329 0.904269 0.907207 0.910141 0.913071 0.915999 0.918924 0.921845 0.924764 0.927680 0.930593 0.933504 0.936413 0.939319 0.942223 0.945125 0.948025 0.950922 0.953819 0.956713 0.959606 0.962497 0.965388 0.968276 0.971164 0.974051 0.976936 0.979821 0.982705 0.985589 0.988471 0.991354 0.994236 0.997118 1.000000))
(time 0)
(channel red)
(curve
    (curve-type smooth)
    (n-points 17)
    (points 34 0.000000 0.000000 0.085366 0.148289 -1.000000 -1.000000 -1.000000 -1.000000 -1.000000 -1.000000 -1.000000 -1.000000 -1.000000 -1.000000 0.454268 0.517110 -1.000000 -1.000000 -1.000000 -1.000000 -1.000000 -1.000000 -1.000000 -1.000000 0.765244 0.802281 -1.000000 -1.000000 -1.000000 -1.000000 -1.000000 -1.000000 1.000000 1.000000)
    (n-samples 256)
    (samples 256 0.000000 0.007984 0.015953 0.023892 0.031786 0.039621 0.047382 0.055054 0.062621 0.070070 0.077384 0.084550 0.091553 0.098377 0.105008 0.111431 0.117631 0.123593 0.129302 0.134744 0.139903 0.144765 0.148289 0.152743 0.157178 0.161593 0.165989 0.170366 0.174724 0.179064 0.183386 0.187690 0.191977 0.196246 0.200499 0.204734 0.208953 0.213156 0.217343 0.221515 0.225671 0.229812 0.233938 0.238049 0.242146 0.246229 0.250298 0.254354 0.258396 0.262426 0.266443 0.270447 0.274439 0.278419 0.282388 0.286345 0.290291 0.294226 0.298151 0.302065 0.305970 0.309864 0.313749 0.317625 0.321492 0.325350 0.329199 0.333041 0.336874 0.340700 0.344519 0.348331 0.352135 0.355933 0.359725 0.363511 0.367291 0.371066 0.374835 0.378599 0.382359 0.386114 0.389865 0.393613 0.397356 0.401096 0.404834 0.408568 0.412300 0.416029 0.419757 0.423483 0.427207 0.430930 0.434652 0.438374 0.442095 0.445816 0.449537 0.453259 0.456981 0.460704 0.464428 0.468154 0.471882 0.475611 0.479343 0.483078 0.486815 0.490555 0.494299 0.498046 0.501797 0.505552 0.509312 0.513076 0.517110 0.520880 0.524643 0.528402 0.532154 0.535901 0.539643 0.543379 0.547110 0.550836 0.554556 0.558271 0.561981 0.565685 0.569385 0.573080 0.576769 0.580454 0.584134 0.587809 0.591479 0.595144 0.598805 0.602461 0.606112 0.609759 0.613402 0.617040 0.620673 0.624302 0.627927 0.631548 0.635164 0.638776 0.642384 0.645988 0.649588 0.653184 0.656776 0.660364 0.663948 0.667529 0.671105 0.674678 0.678248 0.681813 0.685376 0.688934 0.692490 0.696041 0.699590 0.703135 0.706677 0.710215 0.713751 0.717283 0.720812 0.724339 0.727862 0.731382 0.734900 0.738414 0.741926 0.745435 0.748941 0.752445 0.755946 0.759444 0.762940 0.766434 0.769925 0.773414 0.776900 0.780385 0.783866 0.787346 0.790824 0.794299 0.797773 0.802281 0.805747 0.809205 0.812654 0.816096 0.819530 0.822956 0.826374 0.829785 0.833189 0.836586 0.839976 0.843359 0.846735 0.850104 0.853468 0.856825 0.860176 0.863520 0.866859 0.870193 0.873520 0.876843 0.880160 0.883471 0.886778 0.890080 0.893377 0.896670 0.899958 0.903242 0.906521 0.909797 0.913069 0.916337 0.919601 0.922862 0.926119 0.929373 0.932625 0.935873 0.939119 0.942361 0.945602 0.948840 0.952076 0.955309 0.958541 0.961771 0.965000 0.968226 0.971452 0.974676 0.977899 0.981121 0.984343 0.987563 0.990783 0.994003 0.997222 1.000000))
(time 0)
(channel green)
(curve
    (curve-type smooth)
    (n-points 17)
    (points 34 0.000000 0.000000 -1.000000 -1.000000 -1.000000 -1.000000 -1.000000 -1.000000 -1.000000 -1.000000 0.325490 0.254902 -1.000000 -1.000000 -1.000000 -1.000000 -1.000000 -1.000000 -1.000000 -1.000000 -1.000000 -1.000000 -1.000000 -1.000000 0.756863 0.721569 -1.000000 -1.000000 -1.000000 -1.000000 -1.000000 -1.000000 1.000000 1.000000)
    (n-samples 256)
    (samples 256 0.000000 0.002737 0.005475 0.008213 0.010952 0.013693 0.016434 0.019178 0.021923 0.024671 0.027422 0.030175 0.032931 0.035692 0.038455 0.041223 0.043995 0.046772 0.049554 0.052341 0.055134 0.057932 0.060737 0.063548 0.066365 0.069190 0.072022 0.074861 0.077708 0.080564 0.083428 0.086300 0.089182 0.092073 0.094973 0.097883 0.100804 0.103735 0.106677 0.109629 0.112594 0.115569 0.118557 0.121557 0.124569 0.127594 0.130633 0.133684 0.136750 0.139829 0.142922 0.146030 0.149153 0.152291 0.155445 0.158614 0.161799 0.165000 0.168218 0.171453 0.174705 0.177974 0.181261 0.184566 0.187890 0.191232 0.194593 0.197973 0.201373 0.204792 0.208231 0.211691 0.215172 0.218673 0.222196 0.225740 0.229306 0.232894 0.236504 0.240137 0.243793 0.247472 0.251175 0.254902 0.258649 0.262412 0.266192 0.269988 0.273800 0.277627 0.281470 0.285328 0.289201 0.293089 0.296992 0.300909 0.304840 0.308785 0.312744 0.316717 0.320703 0.324703 0.328715 0.332740 0.336778 0.340828 0.344890 0.348964 0.353050 0.357147 0.361256 0.365376 0.369507 0.373649 0.377801 0.381964 0.386136 0.390319 0.394511 0.398713 0.402924 0.407144 0.411373 0.415611 0.419857 0.424111 0.428374 0.432644 0.436922 0.441208 0.445500 0.449800 0.454107 0.458420 0.462739 0.467065 0.471397 0.475735 0.480078 0.484426 0.488780 0.493139 0.497503 0.501871 0.506243 0.510620 0.515001 0.519385 0.523773 0.528164 0.532559 0.536956 0.541356 0.545759 0.550164 0.554571 0.558979 0.563390 0.567802 0.572215 0.576630 0.581045 0.585461 0.589878 0.594294 0.598711 0.603128 0.607544 0.611960 0.616375 0.620789 0.625201 0.629613 0.634023 0.638431 0.642837 0.647240 0.651642 0.656041 0.660437 0.664830 0.669219 0.673605 0.677988 0.682367 0.686742 0.691112 0.695478 0.699839 0.704196 0.708547 0.712893 0.717234 0.721569 0.725904 0.730248 0.734599 0.738957 0.743322 0.747694 0.752074 0.756460 0.760853 0.765252 0.769658 0.774070 0.778488 0.782913 0.787343 0.791779 0.796221 0.800669 0.805122 0.809580 0.814044 0.818512 0.822986 0.827464 0.831947 0.836435 0.840927 0.845423 0.849924 0.854429 0.858938 0.863450 0.867966 0.872486 0.877010 0.881536 0.886066 0.890599 0.895135 0.899674 0.904216 0.908760 0.913307 0.917856 0.922407 0.926960 0.931516 0.936073 0.940632 0.945193 0.949755 0.954318 0.958883 0.963448 0.968015 0.972583 0.977151 0.981720 0.986290 0.990860 0.995430 1.000000))
(time 0)
(channel blue)
(curve
    (curve-type smooth)
    (n-points 17)
    (points 34 0.000000 0.000000 -1.000000 -1.000000 -1.000000 -1.000000 -1.000000 -1.000000 -1.000000 -1.000000 -1.000000 -1.000000 -1.000000 -1.000000 0.457317 0.315589 -1.000000 -1.000000 -1.000000 -1.000000 -1.000000 -1.000000 -1.000000 -1.000000 0.768293 0.787072 -1.000000 -1.000000 -1.000000 -1.000000 -1.000000 -1.000000 1.000000 0.798479)
    (n-samples 256)
    (samples 256 0.000000 0.002051 0.004102 0.006153 0.008206 0.010259 0.012314 0.014371 0.016430 0.018491 0.020555 0.022621 0.024691 0.026764 0.028841 0.030922 0.033008 0.035098 0.037193 0.039293 0.041398 0.043510 0.045627 0.047751 0.049882 0.052019 0.054164 0.056316 0.058476 0.060644 0.062821 0.065006 0.067200 0.069403 0.071616 0.073839 0.076072 0.078315 0.080569 0.082834 0.085111 0.087399 0.089698 0.092010 0.094334 0.096671 0.099022 0.101385 0.103762 0.106153 0.108558 0.110977 0.113411 0.115861 0.118325 0.120805 0.123302 0.125814 0.128343 0.130888 0.133451 0.136031 0.138629 0.141244 0.143878 0.146530 0.149201 0.151892 0.154601 0.157331 0.160080 0.162849 0.165639 0.168450 0.171282 0.174135 0.177010 0.179907 0.182827 0.185769 0.188733 0.191721 0.194732 0.197767 0.200826 0.203910 0.207018 0.210150 0.213308 0.216492 0.219701 0.222936 0.226197 0.229486 0.232801 0.236143 0.239512 0.242910 0.246335 0.249789 0.253272 0.256783 0.260324 0.263894 0.267494 0.271124 0.274784 0.278475 0.282197 0.285950 0.289735 0.293551 0.297400 0.301281 0.305195 0.309142 0.313122 0.315589 0.319686 0.323937 0.328339 0.332888 0.337579 0.342409 0.347373 0.352467 0.357686 0.363027 0.368485 0.374057 0.379737 0.385523 0.391409 0.397391 0.403466 0.409629 0.415876 0.422202 0.428604 0.435078 0.441618 0.448222 0.454884 0.461601 0.468369 0.475182 0.482038 0.488932 0.495859 0.502816 0.509798 0.516802 0.523822 0.530855 0.537897 0.544943 0.551990 0.559032 0.566067 0.573089 0.580094 0.587079 0.594039 0.600970 0.607868 0.614729 0.621547 0.628320 0.635044 0.641712 0.648323 0.654871 0.661353 0.667763 0.674099 0.680355 0.686528 0.692613 0.698606 0.704504 0.710301 0.715994 0.721578 0.727050 0.732405 0.737638 0.742747 0.747726 0.752571 0.757279 0.761845 0.766264 0.770533 0.774648 0.778603 0.782396 0.787072 0.790479 0.793720 0.796800 0.799721 0.802487 0.805098 0.807560 0.809874 0.812043 0.814071 0.815959 0.817711 0.819330 0.820818 0.822179 0.823414 0.824528 0.825522 0.826400 0.827164 0.827818 0.828364 0.828805 0.829143 0.829382 0.829525 0.829574 0.829532 0.829402 0.829186 0.828889 0.828511 0.828057 0.827530 0.826931 0.826263 0.825531 0.824736 0.823881 0.822969 0.822003 0.820986 0.819921 0.818810 0.817656 0.816463 0.815232 0.813967 0.812671 0.811346 0.809995 0.808621 0.807228 0.805817 0.804392 0.802955 0.801509 0.800058 0.798479))
(time 0)
(channel alpha)
(curve
    (curve-type smooth)
    (n-points 17)
    (points 34 0.000000 0.000000 -1.000000 -1.000000 -1.000000 -1.000000 -1.000000 -1.000000 -1.000000 -1.000000 -1.000000 -1.000000 -1.000000 -1.000000 -1.000000 -1.000000 -1.000000 -1.000000 -1.000000 -1.000000 -1.000000 -1.000000 -1.000000 -1.000000 -1.000000 -1.000000 -1.000000 -1.000000 -1.000000 -1.000000 -1.000000 -1.000000 1.000000 1.000000)
    (n-samples 256)
    (samples 256 0.000000 0.003922 0.007843 0.011765 0.015686 0.019608 0.023529 0.027451 0.031373 0.035294 0.039216 0.043137 0.047059 0.050980 0.054902 0.058824 0.062745 0.066667 0.070588 0.074510 0.078431 0.082353 0.086275 0.090196 0.094118 0.098039 0.101961 0.105882 0.109804 0.113725 0.117647 0.121569 0.125490 0.129412 0.133333 0.137255 0.141176 0.145098 0.149020 0.152941 0.156863 0.160784 0.164706 0.168627 0.172549 0.176471 0.180392 0.184314 0.188235 0.192157 0.196078 0.200000 0.203922 0.207843 0.211765 0.215686 0.219608 0.223529 0.227451 0.231373 0.235294 0.239216 0.243137 0.247059 0.250980 0.254902 0.258824 0.262745 0.266667 0.270588 0.274510 0.278431 0.282353 0.286275 0.290196 0.294118 0.298039 0.301961 0.305882 0.309804 0.313725 0.317647 0.321569 0.325490 0.329412 0.333333 0.337255 0.341176 0.345098 0.349020 0.352941 0.356863 0.360784 0.364706 0.368627 0.372549 0.376471 0.380392 0.384314 0.388235 0.392157 0.396078 0.400000 0.403922 0.407843 0.411765 0.415686 0.419608 0.423529 0.427451 0.431373 0.435294 0.439216 0.443137 0.447059 0.450980 0.454902 0.458824 0.462745 0.466667 0.470588 0.474510 0.478431 0.482353 0.486275 0.490196 0.494118 0.498039 0.501961 0.505882 0.509804 0.513725 0.517647 0.521569 0.525490 0.529412 0.533333 0.537255 0.541176 0.545098 0.549020 0.552941 0.556863 0.560784 0.564706 0.568627 0.572549 0.576471 0.580392 0.584314 0.588235 0.592157 0.596078 0.600000 0.603922 0.607843 0.611765 0.615686 0.619608 0.623529 0.627451 0.631373 0.635294 0.639216 0.643137 0.647059 0.650980 0.654902 0.658824 0.662745 0.666667 0.670588 0.674510 0.678431 0.682353 0.686275 0.690196 0.694118 0.698039 0.701961 0.705882 0.709804 0.713725 0.717647 0.721569 0.725490 0.729412 0.733333 0.737255 0.741176 0.745098 0.749020 0.752941 0.756863 0.760784 0.764706 0.768627 0.772549 0.776471 0.780392 0.784314 0.788235 0.792157 0.796078 0.800000 0.803922 0.807843 0.811765 0.815686 0.819608 0.823529 0.827451 0.831373 0.835294 0.839216 0.843137 0.847059 0.850980 0.854902 0.858824 0.862745 0.866667 0.870588 0.874510 0.878431 0.882353 0.886275 0.890196 0.894118 0.898039 0.901961 0.905882 0.909804 0.913725 0.917647 0.921569 0.925490 0.929412 0.933333 0.937255 0.941176 0.945098 0.949020 0.952941 0.956863 0.960784 0.964706 0.968627 0.972549 0.976471 0.980392 0.984314 0.988235 0.992157 0.996078 1.000000))

# end of curves tool settings
