# GIMP curves tool settings

(time 0)
(channel value)
(curve
    (curve-type smooth)
    (n-points 17)
    (points 34 0.000000 0.000000 -1.000000 -1.000000 -1.000000 -1.000000 -1.000000 -1.000000 -1.000000 -1.000000 -1.000000 -1.000000 0.363636 0.405405 -1.000000 -1.000000 -1.000000 -1.000000 0.578788 0.884170 -1.000000 -1.000000 -1.000000 -1.000000 -1.000000 -1.000000 -1.000000 -1.000000 -1.000000 -1.000000 -1.000000 -1.000000 1.000000 1.000000)
    (n-samples 256)
    (samples 256 0.000000 0.003563 0.007126 0.010691 0.014257 0.017825 0.021396 0.024971 0.028550 0.032133 0.035721 0.039315 0.042915 0.046522 0.050136 0.053758 0.057389 0.061028 0.064677 0.068337 0.072007 0.075688 0.079381 0.083087 0.086806 0.090538 0.094284 0.098045 0.101822 0.105614 0.109422 0.113247 0.117090 0.120951 0.124831 0.128730 0.132648 0.136587 0.140547 0.144528 0.148532 0.152558 0.156607 0.160679 0.164776 0.168898 0.173046 0.177219 0.181419 0.185646 0.189900 0.194183 0.198495 0.202836 0.207207 0.211608 0.216041 0.220505 0.225001 0.229530 0.234093 0.238689 0.243320 0.247985 0.252687 0.257424 0.262198 0.267010 0.271859 0.276747 0.281674 0.286640 0.291646 0.296693 0.301781 0.306911 0.312084 0.317299 0.322558 0.327860 0.333208 0.338600 0.344039 0.349523 0.355055 0.360634 0.366261 0.371936 0.377661 0.383435 0.389260 0.395136 0.401062 0.405405 0.411585 0.418134 0.425035 0.432274 0.439835 0.447702 0.455860 0.464292 0.472985 0.481921 0.491087 0.500465 0.510040 0.519798 0.529722 0.539797 0.550007 0.560337 0.570771 0.581293 0.591889 0.602543 0.613238 0.623960 0.634693 0.645421 0.656129 0.666801 0.677422 0.687977 0.698449 0.708823 0.719084 0.729216 0.739203 0.749030 0.758682 0.768142 0.777396 0.786428 0.795222 0.803762 0.812034 0.820021 0.827708 0.835080 0.842121 0.848815 0.855147 0.861102 0.866663 0.871816 0.876544 0.880832 0.884170 0.887798 0.891355 0.894840 0.898256 0.901602 0.904879 0.908088 0.911230 0.914304 0.917313 0.920255 0.923134 0.925948 0.928698 0.931386 0.934011 0.936575 0.939079 0.941522 0.943905 0.946230 0.948497 0.950707 0.952859 0.954956 0.956997 0.958983 0.960916 0.962795 0.964621 0.966395 0.968118 0.969790 0.971412 0.972985 0.974509 0.975985 0.977413 0.978795 0.980131 0.981422 0.982668 0.983870 0.985029 0.986145 0.987219 0.988252 0.989244 0.990196 0.991109 0.991984 0.992820 0.993619 0.994382 0.995108 0.995800 0.996457 0.997080 0.997670 0.998227 0.998752 0.999246 0.999710 1.000000 1.000000 1.000000 1.000000 1.000000 1.000000 1.000000 1.000000 1.000000 1.000000 1.000000 1.000000 1.000000 1.000000 1.000000 1.000000 1.000000 1.000000 1.000000 1.000000 1.000000 1.000000 1.000000 1.000000 1.000000 1.000000 1.000000 1.000000 1.000000 1.000000 1.000000 1.000000 1.000000 1.000000 1.000000 1.000000 1.000000 1.000000 1.000000 1.000000 1.000000 1.000000 1.000000 1.000000))
(channel red)
(curve
    (curve-type smooth)
    (n-points 17)
    (points 34 0.000000 0.000000 -1.000000 -1.000000 -1.000000 -1.000000 -1.000000 -1.000000 -1.000000 -1.000000 -1.000000 -1.000000 -1.000000 -1.000000 0.427273 0.378378 -1.000000 -1.000000 -1.000000 -1.000000 -1.000000 -1.000000 0.712121 0.486486 -1.000000 -1.000000 -1.000000 -1.000000 -1.000000 -1.000000 -1.000000 -1.000000 1.000000 1.000000)
    (n-samples 256)
    (samples 256 0.000000 0.003870 0.007739 0.011608 0.015477 0.019344 0.023211 0.027076 0.030940 0.034803 0.038664 0.042522 0.046379 0.050233 0.054084 0.057933 0.061778 0.065621 0.069460 0.073295 0.077127 0.080954 0.084777 0.088596 0.092411 0.096220 0.100025 0.103824 0.107618 0.111406 0.115188 0.118965 0.122735 0.126499 0.130256 0.134006 0.137749 0.141485 0.145214 0.148935 0.152648 0.156354 0.160050 0.163739 0.167419 0.171090 0.174752 0.178405 0.182048 0.185682 0.189306 0.192920 0.196523 0.200117 0.203699 0.207271 0.210832 0.214381 0.217919 0.221446 0.224960 0.228463 0.231953 0.235431 0.238897 0.242349 0.245788 0.249214 0.252627 0.256026 0.259411 0.262783 0.266140 0.269482 0.272810 0.276123 0.279421 0.282704 0.285971 0.289222 0.292458 0.295678 0.298881 0.302068 0.305239 0.308392 0.311529 0.314648 0.317750 0.320834 0.323900 0.326948 0.329978 0.332990 0.335983 0.338957 0.341912 0.344847 0.347763 0.350660 0.353537 0.356393 0.359230 0.362046 0.364841 0.367615 0.370369 0.373101 0.375811 0.378378 0.380987 0.383459 0.385798 0.388008 0.390095 0.392062 0.393915 0.395658 0.397294 0.398830 0.400268 0.401615 0.402873 0.404049 0.405145 0.406168 0.407120 0.408008 0.408834 0.409604 0.410323 0.410994 0.411623 0.412213 0.412770 0.413297 0.413800 0.414282 0.414749 0.415204 0.415653 0.416100 0.416548 0.417004 0.417471 0.417953 0.418456 0.418984 0.419541 0.420132 0.420761 0.421432 0.422152 0.422923 0.423750 0.424638 0.425591 0.426614 0.427712 0.428888 0.430147 0.431495 0.432934 0.434471 0.436109 0.437852 0.439706 0.441675 0.443763 0.445975 0.448315 0.450788 0.453399 0.456151 0.459050 0.462099 0.465304 0.468668 0.472197 0.475895 0.479766 0.483815 0.486486 0.490799 0.495221 0.499752 0.504391 0.509136 0.513984 0.518936 0.523989 0.529142 0.534392 0.539740 0.545183 0.550719 0.556347 0.562066 0.567874 0.573770 0.579751 0.585817 0.591966 0.598197 0.604507 0.610896 0.617362 0.623903 0.630517 0.637204 0.643962 0.650789 0.657684 0.664645 0.671671 0.678759 0.685910 0.693120 0.700389 0.707715 0.715097 0.722532 0.730020 0.737559 0.745148 0.752784 0.760467 0.768194 0.775965 0.783777 0.791630 0.799522 0.807451 0.815415 0.823414 0.831445 0.839507 0.847599 0.855720 0.863866 0.872038 0.880233 0.888450 0.896688 0.904944 0.913218 0.921508 0.929812 0.938129 0.946457 0.954795 0.963141 0.971494 0.979852 0.988214 1.000000))
(channel green)
(curve
    (curve-type smooth)
    (n-points 17)
    (points 34 0.000000 0.000000 -1.000000 -1.000000 -1.000000 -1.000000 -1.000000 -1.000000 -1.000000 -1.000000 -1.000000 -1.000000 0.357576 0.301158 -1.000000 -1.000000 -1.000000 -1.000000 -1.000000 -1.000000 -1.000000 -1.000000 -1.000000 -1.000000 0.772727 0.606178 -1.000000 -1.000000 -1.000000 -1.000000 -1.000000 -1.000000 1.000000 1.000000)
    (n-samples 256)
    (samples 256 0.000000 0.003416 0.006832 0.010248 0.013663 0.017079 0.020494 0.023908 0.027322 0.030735 0.034147 0.037559 0.040969 0.044379 0.047788 0.051195 0.054602 0.058006 0.061410 0.064812 0.068213 0.071612 0.075009 0.078404 0.081798 0.085189 0.088579 0.091966 0.095351 0.098734 0.102115 0.105493 0.108868 0.112241 0.115611 0.118979 0.122343 0.125705 0.129064 0.132419 0.135772 0.139121 0.142466 0.145809 0.149147 0.152482 0.155814 0.159142 0.162466 0.165785 0.169101 0.172413 0.175721 0.179024 0.182324 0.185618 0.188908 0.192194 0.195475 0.198751 0.202023 0.205289 0.208551 0.211807 0.215059 0.218305 0.221545 0.224781 0.228011 0.231235 0.234454 0.237667 0.240874 0.244075 0.247270 0.250460 0.253643 0.256820 0.259990 0.263155 0.266312 0.269464 0.272608 0.275746 0.278877 0.282002 0.285119 0.288229 0.291333 0.294429 0.297517 0.301158 0.304218 0.307245 0.310240 0.313204 0.316138 0.319043 0.321919 0.324768 0.327590 0.330386 0.333157 0.335904 0.338627 0.341328 0.344007 0.346665 0.349303 0.351922 0.354523 0.357106 0.359673 0.362224 0.364760 0.367282 0.369791 0.372287 0.374772 0.377246 0.379710 0.382165 0.384612 0.387052 0.389485 0.391913 0.394336 0.396755 0.399171 0.401584 0.403996 0.406408 0.408820 0.411233 0.413648 0.416066 0.418488 0.420914 0.423346 0.425783 0.428228 0.430681 0.433143 0.435614 0.438095 0.440588 0.443093 0.445611 0.448143 0.450689 0.453251 0.455830 0.458425 0.461039 0.463672 0.466324 0.468997 0.471691 0.474408 0.477148 0.479911 0.482700 0.485514 0.488355 0.491223 0.494120 0.497045 0.500000 0.502986 0.506004 0.509054 0.512138 0.515255 0.518408 0.521596 0.524821 0.528083 0.531384 0.534724 0.538105 0.541526 0.544988 0.548494 0.552042 0.555636 0.559274 0.562958 0.566689 0.570468 0.574295 0.578171 0.582098 0.586076 0.590105 0.594188 0.598324 0.602514 0.606178 0.610509 0.614968 0.619555 0.624265 0.629097 0.634049 0.639118 0.644302 0.649600 0.655007 0.660523 0.666146 0.671872 0.677699 0.683626 0.689650 0.695769 0.701980 0.708282 0.714671 0.721147 0.727705 0.734345 0.741064 0.747860 0.754730 0.761672 0.768685 0.775765 0.782910 0.790119 0.797388 0.804716 0.812100 0.819539 0.827029 0.834569 0.842157 0.849789 0.857464 0.865180 0.872934 0.880725 0.888549 0.896404 0.904289 0.912201 0.920137 0.928096 0.936075 0.944073 0.952085 0.960112 0.968149 0.976196 0.984249 0.992307 1.000000))
(channel blue)
(curve
    (curve-type smooth)
    (n-points 17)
    (points 34 0.000000 0.000000 -1.000000 -1.000000 -1.000000 -1.000000 -1.000000 -1.000000 0.251515 0.335907 -1.000000 -1.000000 -1.000000 -1.000000 -1.000000 -1.000000 -1.000000 -1.000000 0.590909 0.675676 -1.000000 -1.000000 -1.000000 -1.000000 -1.000000 -1.000000 -1.000000 -1.000000 -1.000000 -1.000000 -1.000000 -1.000000 1.000000 1.000000)
    (n-samples 256)
    (samples 256 0.000000 0.005614 0.011227 0.016840 0.022450 0.028059 0.033664 0.039267 0.044865 0.050460 0.056049 0.061632 0.067210 0.072781 0.078345 0.083901 0.089449 0.094989 0.100519 0.106039 0.111548 0.117047 0.122534 0.128009 0.133471 0.138920 0.144355 0.149777 0.155183 0.160574 0.165949 0.171307 0.176649 0.181972 0.187278 0.192565 0.197833 0.203081 0.208309 0.213516 0.218701 0.223865 0.229006 0.234123 0.239218 0.244288 0.249333 0.254353 0.259347 0.264315 0.269256 0.274170 0.279055 0.283912 0.288740 0.293538 0.298306 0.303043 0.307749 0.312423 0.317064 0.321673 0.326248 0.330789 0.335907 0.340384 0.344845 0.349290 0.353721 0.358136 0.362537 0.366922 0.371293 0.375648 0.379989 0.384316 0.388628 0.392925 0.397209 0.401478 0.405733 0.409973 0.414200 0.418413 0.422613 0.426798 0.430970 0.435129 0.439274 0.443405 0.447524 0.451629 0.455721 0.459800 0.463867 0.467920 0.471961 0.475989 0.480005 0.484008 0.487999 0.491978 0.495944 0.499899 0.503841 0.507772 0.511690 0.515597 0.519492 0.523376 0.527249 0.531110 0.534959 0.538798 0.542625 0.546442 0.550247 0.554042 0.557826 0.561599 0.565362 0.569114 0.572856 0.576587 0.580309 0.584020 0.587721 0.591412 0.595094 0.598766 0.602428 0.606080 0.609723 0.613357 0.616981 0.620596 0.624202 0.627799 0.631387 0.634966 0.638536 0.642098 0.645651 0.649195 0.652731 0.656259 0.659779 0.663290 0.666794 0.670289 0.673777 0.675676 0.679150 0.682613 0.686066 0.689509 0.692942 0.696364 0.699776 0.703179 0.706571 0.709954 0.713327 0.716691 0.720045 0.723390 0.726726 0.730052 0.733370 0.736679 0.739978 0.743270 0.746552 0.749826 0.753092 0.756349 0.759598 0.762839 0.766072 0.769297 0.772514 0.775724 0.778926 0.782120 0.785307 0.788487 0.791660 0.794826 0.797984 0.801136 0.804281 0.807419 0.810551 0.813676 0.816795 0.819908 0.823014 0.826115 0.829209 0.832298 0.835381 0.838458 0.841530 0.844596 0.847657 0.850712 0.853763 0.856808 0.859849 0.862885 0.865915 0.868942 0.871964 0.874981 0.877994 0.881003 0.884008 0.887008 0.890005 0.892998 0.895988 0.898973 0.901955 0.904934 0.907910 0.910882 0.913851 0.916817 0.919781 0.922741 0.925699 0.928654 0.931607 0.934557 0.937505 0.940451 0.943395 0.946337 0.949277 0.952215 0.955152 0.958087 0.961020 0.963953 0.966883 0.969813 0.972742 0.975670 0.978597 0.981523 0.984448 0.987373 0.990298 0.993222 0.996146 1.000000))
(channel alpha)
(curve
    (curve-type smooth)
    (n-points 17)
    (points 34 0.000000 0.000000 -1.000000 -1.000000 -1.000000 -1.000000 -1.000000 -1.000000 -1.000000 -1.000000 -1.000000 -1.000000 -1.000000 -1.000000 -1.000000 -1.000000 -1.000000 -1.000000 -1.000000 -1.000000 -1.000000 -1.000000 -1.000000 -1.000000 -1.000000 -1.000000 -1.000000 -1.000000 -1.000000 -1.000000 -1.000000 -1.000000 1.000000 1.000000)
    (n-samples 256)
    (samples 256 0.000000 0.003922 0.007843 0.011765 0.015686 0.019608 0.023529 0.027451 0.031373 0.035294 0.039216 0.043137 0.047059 0.050980 0.054902 0.058824 0.062745 0.066667 0.070588 0.074510 0.078431 0.082353 0.086275 0.090196 0.094118 0.098039 0.101961 0.105882 0.109804 0.113725 0.117647 0.121569 0.125490 0.129412 0.133333 0.137255 0.141176 0.145098 0.149020 0.152941 0.156863 0.160784 0.164706 0.168627 0.172549 0.176471 0.180392 0.184314 0.188235 0.192157 0.196078 0.200000 0.203922 0.207843 0.211765 0.215686 0.219608 0.223529 0.227451 0.231373 0.235294 0.239216 0.243137 0.247059 0.250980 0.254902 0.258824 0.262745 0.266667 0.270588 0.274510 0.278431 0.282353 0.286275 0.290196 0.294118 0.298039 0.301961 0.305882 0.309804 0.313725 0.317647 0.321569 0.325490 0.329412 0.333333 0.337255 0.341176 0.345098 0.349020 0.352941 0.356863 0.360784 0.364706 0.368627 0.372549 0.376471 0.380392 0.384314 0.388235 0.392157 0.396078 0.400000 0.403922 0.407843 0.411765 0.415686 0.419608 0.423529 0.427451 0.431373 0.435294 0.439216 0.443137 0.447059 0.450980 0.454902 0.458824 0.462745 0.466667 0.470588 0.474510 0.478431 0.482353 0.486275 0.490196 0.494118 0.498039 0.501961 0.505882 0.509804 0.513725 0.517647 0.521569 0.525490 0.529412 0.533333 0.537255 0.541176 0.545098 0.549020 0.552941 0.556863 0.560784 0.564706 0.568627 0.572549 0.576471 0.580392 0.584314 0.588235 0.592157 0.596078 0.600000 0.603922 0.607843 0.611765 0.615686 0.619608 0.623529 0.627451 0.631373 0.635294 0.639216 0.643137 0.647059 0.650980 0.654902 0.658824 0.662745 0.666667 0.670588 0.674510 0.678431 0.682353 0.686275 0.690196 0.694118 0.698039 0.701961 0.705882 0.709804 0.713725 0.717647 0.721569 0.725490 0.729412 0.733333 0.737255 0.741176 0.745098 0.749020 0.752941 0.756863 0.760784 0.764706 0.768627 0.772549 0.776471 0.780392 0.784314 0.788235 0.792157 0.796078 0.800000 0.803922 0.807843 0.811765 0.815686 0.819608 0.823529 0.827451 0.831373 0.835294 0.839216 0.843137 0.847059 0.850980 0.854902 0.858824 0.862745 0.866667 0.870588 0.874510 0.878431 0.882353 0.886275 0.890196 0.894118 0.898039 0.901961 0.905882 0.909804 0.913725 0.917647 0.921569 0.925490 0.929412 0.933333 0.937255 0.941176 0.945098 0.949020 0.952941 0.956863 0.960784 0.964706 0.968627 0.972549 0.976471 0.980392 0.984314 0.988235 0.992157 0.996078 1.000000))

# end of curves tool settings
