# GIMP curves tool settings

(time 0)
(channel value)
(curve
    (curve-type smooth)
    (n-points 17)
    (points 34 0.000000 0.000000 -1.000000 -1.000000 -1.000000 -1.000000 -1.000000 -1.000000 -1.000000 -1.000000 -1.000000 -1.000000 -1.000000 -1.000000 0.451220 0.348315 -1.000000 -1.000000 -1.000000 -1.000000 -1.000000 -1.000000 -1.000000 -1.000000 -1.000000 -1.000000 -1.000000 -1.000000 -1.000000 -1.000000 -1.000000 -1.000000 1.000000 1.000000)
    (n-samples 256)
    (samples 256 0.000000 0.002580 0.005160 0.007741 0.010322 0.012904 0.015488 0.018072 0.020658 0.023245 0.025834 0.028425 0.031019 0.033615 0.036213 0.038815 0.041419 0.044027 0.046638 0.049252 0.051871 0.054494 0.057121 0.059752 0.062388 0.065029 0.067675 0.070326 0.072983 0.075645 0.078313 0.080988 0.083668 0.086355 0.089049 0.091750 0.094457 0.097172 0.099895 0.102625 0.105363 0.108110 0.110864 0.113627 0.116399 0.119180 0.121970 0.124769 0.127577 0.130396 0.133224 0.136063 0.138912 0.141771 0.144641 0.147522 0.150414 0.153318 0.156233 0.159160 0.162098 0.165049 0.168013 0.170989 0.173977 0.176979 0.179994 0.183022 0.186063 0.189119 0.192188 0.195272 0.198370 0.201483 0.204610 0.207753 0.210911 0.214084 0.217272 0.220477 0.223697 0.226934 0.230187 0.233457 0.236743 0.240047 0.243368 0.246706 0.250062 0.253436 0.256827 0.260237 0.263666 0.267113 0.270579 0.274064 0.277568 0.281091 0.284635 0.288198 0.291781 0.295385 0.299009 0.302653 0.306319 0.310006 0.313713 0.317443 0.321194 0.324967 0.328762 0.332579 0.336419 0.340282 0.344167 0.348315 0.352244 0.356189 0.360150 0.364126 0.368117 0.372124 0.376145 0.380182 0.384233 0.388300 0.392381 0.396476 0.400586 0.404710 0.408848 0.413001 0.417167 0.421347 0.425541 0.429749 0.433970 0.438204 0.442452 0.446713 0.450987 0.455274 0.459574 0.463886 0.468211 0.472549 0.476899 0.481261 0.485635 0.490022 0.494420 0.498830 0.503252 0.507686 0.512131 0.516587 0.521055 0.525534 0.530024 0.534524 0.539036 0.543558 0.548091 0.552634 0.557188 0.561752 0.566326 0.570910 0.575504 0.580107 0.584721 0.589344 0.593976 0.598618 0.603269 0.607929 0.612598 0.617276 0.621963 0.626659 0.631363 0.636075 0.640796 0.645525 0.650262 0.655007 0.659760 0.664521 0.669290 0.674066 0.678849 0.683640 0.688438 0.693243 0.698055 0.702873 0.707699 0.712531 0.717370 0.722215 0.727067 0.731924 0.736788 0.741658 0.746533 0.751415 0.756302 0.761194 0.766092 0.770995 0.775903 0.780817 0.785735 0.790658 0.795586 0.800518 0.805455 0.810397 0.815342 0.820292 0.825246 0.830204 0.835166 0.840131 0.845100 0.850072 0.855048 0.860027 0.865009 0.869994 0.874983 0.879974 0.884967 0.889963 0.894962 0.899963 0.904966 0.909972 0.914979 0.919989 0.925000 0.930013 0.935027 0.940043 0.945060 0.950079 0.955098 0.960119 0.965140 0.970163 0.975186 0.980209 0.985233 0.990257 0.995282 1.000000))
(time 0)
(channel red)
(curve
    (curve-type smooth)
    (n-points 17)
    (points 34 0.000000 0.000000 -1.000000 -1.000000 -1.000000 -1.000000 -1.000000 -1.000000 0.266667 0.137255 -1.000000 -1.000000 -1.000000 -1.000000 -1.000000 -1.000000 -1.000000 -1.000000 -1.000000 -1.000000 -1.000000 -1.000000 0.713725 0.772549 -1.000000 -1.000000 -1.000000 -1.000000 -1.000000 -1.000000 -1.000000 -1.000000 1.000000 1.000000)
    (n-samples 256)
    (samples 256 0.000000 0.000906 0.001813 0.002722 0.003637 0.004557 0.005484 0.006420 0.007366 0.008323 0.009294 0.010279 0.011280 0.012298 0.013335 0.014392 0.015471 0.016573 0.017699 0.018852 0.020032 0.021241 0.022480 0.023751 0.025055 0.026394 0.027769 0.029181 0.030633 0.032125 0.033659 0.035236 0.036858 0.038526 0.040242 0.042007 0.043822 0.045690 0.047611 0.049587 0.051619 0.053709 0.055858 0.058068 0.060340 0.062675 0.065076 0.067543 0.070078 0.072682 0.075357 0.078104 0.080925 0.083821 0.086793 0.089844 0.092973 0.096184 0.099477 0.102854 0.106316 0.109865 0.113502 0.117229 0.121046 0.124956 0.128960 0.133059 0.137255 0.141531 0.145870 0.150270 0.154730 0.159250 0.163827 0.168462 0.173153 0.177898 0.182698 0.187550 0.192455 0.197410 0.202414 0.207468 0.212569 0.217716 0.222909 0.228146 0.233427 0.238750 0.244114 0.249519 0.254962 0.260444 0.265963 0.271518 0.277107 0.282731 0.288387 0.294075 0.299793 0.305542 0.311319 0.317123 0.322954 0.328810 0.334691 0.340595 0.346521 0.352468 0.358436 0.364423 0.370427 0.376449 0.382486 0.388538 0.394605 0.400683 0.406774 0.412875 0.418986 0.425105 0.431232 0.437365 0.443503 0.449646 0.455792 0.461940 0.468089 0.474239 0.480387 0.486534 0.492677 0.498816 0.504950 0.511077 0.517197 0.523309 0.529412 0.535504 0.541584 0.547652 0.553706 0.559746 0.565769 0.571776 0.577765 0.583735 0.589685 0.595614 0.601521 0.607404 0.613264 0.619098 0.624906 0.630686 0.636438 0.642161 0.647853 0.653513 0.659141 0.664735 0.670294 0.675818 0.681304 0.686753 0.692162 0.697532 0.702860 0.708146 0.713389 0.718588 0.723741 0.728848 0.733908 0.738919 0.743880 0.748791 0.753650 0.758457 0.763209 0.767907 0.772549 0.777132 0.781654 0.786117 0.790520 0.794865 0.799153 0.803384 0.807560 0.811681 0.815748 0.819762 0.823723 0.827633 0.831493 0.835303 0.839063 0.842776 0.846442 0.850061 0.853634 0.857163 0.860649 0.864091 0.867491 0.870849 0.874167 0.877446 0.880686 0.883887 0.887052 0.890180 0.893273 0.896332 0.899357 0.902348 0.905308 0.908237 0.911135 0.914004 0.916844 0.919656 0.922441 0.925200 0.927934 0.930643 0.933329 0.935992 0.938633 0.941253 0.943853 0.946433 0.948995 0.951539 0.954066 0.956577 0.959073 0.961555 0.964023 0.966479 0.968922 0.971355 0.973778 0.976191 0.978596 0.980993 0.983384 0.985769 0.988148 0.990524 0.992896 0.995265 0.997633 1.000000))
(time 0)
(channel green)
(curve
    (curve-type smooth)
    (n-points 17)
    (points 34 0.000000 0.000000 -1.000000 -1.000000 -1.000000 -1.000000 -1.000000 -1.000000 -1.000000 -1.000000 -1.000000 -1.000000 -1.000000 -1.000000 -1.000000 -1.000000 -1.000000 -1.000000 -1.000000 -1.000000 -1.000000 -1.000000 -1.000000 -1.000000 -1.000000 -1.000000 -1.000000 -1.000000 -1.000000 -1.000000 -1.000000 -1.000000 1.000000 1.000000)
    (n-samples 256)
    (samples 256 0.000000 0.003922 0.007843 0.011765 0.015686 0.019608 0.023529 0.027451 0.031373 0.035294 0.039216 0.043137 0.047059 0.050980 0.054902 0.058824 0.062745 0.066667 0.070588 0.074510 0.078431 0.082353 0.086275 0.090196 0.094118 0.098039 0.101961 0.105882 0.109804 0.113725 0.117647 0.121569 0.125490 0.129412 0.133333 0.137255 0.141176 0.145098 0.149020 0.152941 0.156863 0.160784 0.164706 0.168627 0.172549 0.176471 0.180392 0.184314 0.188235 0.192157 0.196078 0.200000 0.203922 0.207843 0.211765 0.215686 0.219608 0.223529 0.227451 0.231373 0.235294 0.239216 0.243137 0.247059 0.250980 0.254902 0.258824 0.262745 0.266667 0.270588 0.274510 0.278431 0.282353 0.286275 0.290196 0.294118 0.298039 0.301961 0.305882 0.309804 0.313725 0.317647 0.321569 0.325490 0.329412 0.333333 0.337255 0.341176 0.345098 0.349020 0.352941 0.356863 0.360784 0.364706 0.368627 0.372549 0.376471 0.380392 0.384314 0.388235 0.392157 0.396078 0.400000 0.403922 0.407843 0.411765 0.415686 0.419608 0.423529 0.427451 0.431373 0.435294 0.439216 0.443137 0.447059 0.450980 0.454902 0.458824 0.462745 0.466667 0.470588 0.474510 0.478431 0.482353 0.486275 0.490196 0.494118 0.498039 0.501961 0.505882 0.509804 0.513725 0.517647 0.521569 0.525490 0.529412 0.533333 0.537255 0.541176 0.545098 0.549020 0.552941 0.556863 0.560784 0.564706 0.568627 0.572549 0.576471 0.580392 0.584314 0.588235 0.592157 0.596078 0.600000 0.603922 0.607843 0.611765 0.615686 0.619608 0.623529 0.627451 0.631373 0.635294 0.639216 0.643137 0.647059 0.650980 0.654902 0.658824 0.662745 0.666667 0.670588 0.674510 0.678431 0.682353 0.686275 0.690196 0.694118 0.698039 0.701961 0.705882 0.709804 0.713725 0.717647 0.721569 0.725490 0.729412 0.733333 0.737255 0.741176 0.745098 0.749020 0.752941 0.756863 0.760784 0.764706 0.768627 0.772549 0.776471 0.780392 0.784314 0.788235 0.792157 0.796078 0.800000 0.803922 0.807843 0.811765 0.815686 0.819608 0.823529 0.827451 0.831373 0.835294 0.839216 0.843137 0.847059 0.850980 0.854902 0.858824 0.862745 0.866667 0.870588 0.874510 0.878431 0.882353 0.886275 0.890196 0.894118 0.898039 0.901961 0.905882 0.909804 0.913725 0.917647 0.921569 0.925490 0.929412 0.933333 0.937255 0.941176 0.945098 0.949020 0.952941 0.956863 0.960784 0.964706 0.968627 0.972549 0.976471 0.980392 0.984314 0.988235 0.992157 0.996078 1.000000))
(time 0)
(channel blue)
(curve
    (curve-type smooth)
    (n-points 17)
    (points 34 0.000000 0.000000 -1.000000 -1.000000 -1.000000 -1.000000 0.196078 0.345098 -1.000000 -1.000000 -1.000000 -1.000000 -1.000000 -1.000000 -1.000000 -1.000000 -1.000000 -1.000000 -1.000000 -1.000000 -1.000000 -1.000000 -1.000000 -1.000000 -1.000000 -1.000000 0.800000 0.721569 -1.000000 -1.000000 -1.000000 -1.000000 1.000000 1.000000)
    (n-samples 256)
    (samples 256 0.000000 0.008584 0.017163 0.025735 0.034294 0.042838 0.051361 0.059860 0.068331 0.076769 0.085171 0.093533 0.101850 0.110119 0.118335 0.126495 0.134594 0.142628 0.150594 0.158488 0.166304 0.174040 0.181691 0.189253 0.196722 0.204095 0.211366 0.218532 0.225590 0.232534 0.239361 0.246068 0.252649 0.259100 0.265419 0.271600 0.277640 0.283534 0.289280 0.294871 0.300305 0.305578 0.310685 0.315623 0.320387 0.324973 0.329378 0.333596 0.337625 0.341461 0.345098 0.348616 0.352097 0.355540 0.358946 0.362317 0.365651 0.368951 0.372215 0.375445 0.378641 0.381803 0.384933 0.388030 0.391095 0.394129 0.397131 0.400103 0.403044 0.405956 0.408838 0.411692 0.414517 0.417315 0.420085 0.422828 0.425545 0.428235 0.430901 0.433541 0.436156 0.438747 0.441315 0.443860 0.446381 0.448881 0.451359 0.453815 0.456251 0.458666 0.461061 0.463436 0.465793 0.468131 0.470451 0.472754 0.475039 0.477308 0.479560 0.481797 0.484018 0.486225 0.488417 0.490596 0.492761 0.494913 0.497052 0.499180 0.501296 0.503401 0.505495 0.507579 0.509653 0.511719 0.513775 0.515823 0.517864 0.519897 0.521923 0.523943 0.525957 0.527965 0.529968 0.531967 0.533962 0.535953 0.537940 0.539926 0.541909 0.543890 0.545870 0.547849 0.549827 0.551806 0.553786 0.555766 0.557748 0.559732 0.561718 0.563708 0.565700 0.567697 0.569697 0.571703 0.573714 0.575730 0.577753 0.579782 0.581818 0.583862 0.585914 0.587975 0.590044 0.592123 0.594212 0.596311 0.598421 0.600542 0.602675 0.604820 0.606978 0.609149 0.611334 0.613533 0.615746 0.617975 0.620218 0.622478 0.624754 0.627048 0.629358 0.631686 0.634033 0.636398 0.638783 0.641187 0.643612 0.646057 0.648523 0.651010 0.653520 0.656052 0.658607 0.661186 0.663788 0.666415 0.669066 0.671743 0.674446 0.677175 0.679930 0.682713 0.685523 0.688361 0.691228 0.694124 0.697049 0.700004 0.702990 0.706007 0.709054 0.712134 0.715246 0.718391 0.721569 0.724829 0.728221 0.731740 0.735385 0.739153 0.743040 0.747046 0.751166 0.755399 0.759741 0.764190 0.768744 0.773400 0.778155 0.783007 0.787952 0.792989 0.798115 0.803327 0.808623 0.814000 0.819455 0.824986 0.830590 0.836264 0.842007 0.847814 0.853685 0.859615 0.865603 0.871646 0.877741 0.883886 0.890078 0.896314 0.902592 0.908909 0.915263 0.921650 0.928069 0.934517 0.940991 0.947488 0.954006 0.960543 0.967095 0.973661 0.980236 0.986820 0.993409 1.000000))
(time 0)
(channel alpha)
(curve
    (curve-type smooth)
    (n-points 17)
    (points 34 0.000000 0.000000 -1.000000 -1.000000 -1.000000 -1.000000 -1.000000 -1.000000 -1.000000 -1.000000 -1.000000 -1.000000 -1.000000 -1.000000 -1.000000 -1.000000 -1.000000 -1.000000 -1.000000 -1.000000 -1.000000 -1.000000 -1.000000 -1.000000 -1.000000 -1.000000 -1.000000 -1.000000 -1.000000 -1.000000 -1.000000 -1.000000 1.000000 1.000000)
    (n-samples 256)
    (samples 256 0.000000 0.003922 0.007843 0.011765 0.015686 0.019608 0.023529 0.027451 0.031373 0.035294 0.039216 0.043137 0.047059 0.050980 0.054902 0.058824 0.062745 0.066667 0.070588 0.074510 0.078431 0.082353 0.086275 0.090196 0.094118 0.098039 0.101961 0.105882 0.109804 0.113725 0.117647 0.121569 0.125490 0.129412 0.133333 0.137255 0.141176 0.145098 0.149020 0.152941 0.156863 0.160784 0.164706 0.168627 0.172549 0.176471 0.180392 0.184314 0.188235 0.192157 0.196078 0.200000 0.203922 0.207843 0.211765 0.215686 0.219608 0.223529 0.227451 0.231373 0.235294 0.239216 0.243137 0.247059 0.250980 0.254902 0.258824 0.262745 0.266667 0.270588 0.274510 0.278431 0.282353 0.286275 0.290196 0.294118 0.298039 0.301961 0.305882 0.309804 0.313725 0.317647 0.321569 0.325490 0.329412 0.333333 0.337255 0.341176 0.345098 0.349020 0.352941 0.356863 0.360784 0.364706 0.368627 0.372549 0.376471 0.380392 0.384314 0.388235 0.392157 0.396078 0.400000 0.403922 0.407843 0.411765 0.415686 0.419608 0.423529 0.427451 0.431373 0.435294 0.439216 0.443137 0.447059 0.450980 0.454902 0.458824 0.462745 0.466667 0.470588 0.474510 0.478431 0.482353 0.486275 0.490196 0.494118 0.498039 0.501961 0.505882 0.509804 0.513725 0.517647 0.521569 0.525490 0.529412 0.533333 0.537255 0.541176 0.545098 0.549020 0.552941 0.556863 0.560784 0.564706 0.568627 0.572549 0.576471 0.580392 0.584314 0.588235 0.592157 0.596078 0.600000 0.603922 0.607843 0.611765 0.615686 0.619608 0.623529 0.627451 0.631373 0.635294 0.639216 0.643137 0.647059 0.650980 0.654902 0.658824 0.662745 0.666667 0.670588 0.674510 0.678431 0.682353 0.686275 0.690196 0.694118 0.698039 0.701961 0.705882 0.709804 0.713725 0.717647 0.721569 0.725490 0.729412 0.733333 0.737255 0.741176 0.745098 0.749020 0.752941 0.756863 0.760784 0.764706 0.768627 0.772549 0.776471 0.780392 0.784314 0.788235 0.792157 0.796078 0.800000 0.803922 0.807843 0.811765 0.815686 0.819608 0.823529 0.827451 0.831373 0.835294 0.839216 0.843137 0.847059 0.850980 0.854902 0.858824 0.862745 0.866667 0.870588 0.874510 0.878431 0.882353 0.886275 0.890196 0.894118 0.898039 0.901961 0.905882 0.909804 0.913725 0.917647 0.921569 0.925490 0.929412 0.933333 0.937255 0.941176 0.945098 0.949020 0.952941 0.956863 0.960784 0.964706 0.968627 0.972549 0.976471 0.980392 0.984314 0.988235 0.992157 0.996078 1.000000))

# end of curves tool settings
