# GIMP curves tool settings

(time 0)
(channel value)
(curve
    (curve-type smooth)
    (n-points 17)
    (points 34 0.000000 0.000000 -1.000000 -1.000000 -1.000000 -1.000000 -1.000000 -1.000000 -1.000000 -1.000000 -1.000000 -1.000000 0.369697 0.621622 -1.000000 -1.000000 -1.000000 -1.000000 -1.000000 -1.000000 -1.000000 -1.000000 -1.000000 -1.000000 -1.000000 -1.000000 -1.000000 -1.000000 -1.000000 -1.000000 -1.000000 -1.000000 1.000000 1.000000)
    (n-samples 256)
    (samples 256 0.000000 0.007930 0.015859 0.023786 0.031710 0.039631 0.047548 0.055459 0.063363 0.071261 0.079150 0.087030 0.094900 0.102760 0.110608 0.118443 0.126264 0.134072 0.141863 0.149639 0.157398 0.165138 0.172859 0.180561 0.188242 0.195901 0.203538 0.211151 0.218740 0.226304 0.233841 0.241352 0.248834 0.256288 0.263711 0.271105 0.278466 0.285795 0.293091 0.300352 0.307579 0.314769 0.321922 0.329037 0.336114 0.343151 0.350147 0.357102 0.364014 0.370883 0.377708 0.384488 0.391221 0.397908 0.404547 0.411137 0.417678 0.424168 0.430607 0.436994 0.443327 0.449606 0.455830 0.461998 0.468109 0.474163 0.480158 0.486093 0.491968 0.497782 0.503533 0.509222 0.514846 0.520405 0.525898 0.531325 0.536684 0.541975 0.547196 0.552346 0.557426 0.562433 0.567367 0.572227 0.577012 0.581722 0.586355 0.590910 0.595387 0.599784 0.604101 0.608337 0.612491 0.616562 0.621622 0.625529 0.629406 0.633255 0.637076 0.640868 0.644631 0.648366 0.652074 0.655753 0.659405 0.663029 0.666626 0.670197 0.673740 0.677256 0.680746 0.684210 0.687647 0.691059 0.694445 0.697805 0.701139 0.704449 0.707733 0.710992 0.714227 0.717437 0.720623 0.723785 0.726923 0.730037 0.733127 0.736194 0.739237 0.742258 0.745256 0.748231 0.751183 0.754113 0.757021 0.759907 0.762771 0.765614 0.768435 0.771235 0.774014 0.776772 0.779509 0.782226 0.784922 0.787599 0.790255 0.792891 0.795508 0.798106 0.800684 0.803243 0.805783 0.808305 0.810808 0.813293 0.815759 0.818208 0.820639 0.823052 0.825448 0.827826 0.830188 0.832532 0.834860 0.837172 0.839467 0.841746 0.844008 0.846256 0.848487 0.850703 0.852904 0.855090 0.857261 0.859417 0.861559 0.863686 0.865800 0.867899 0.869984 0.872056 0.874115 0.876160 0.878192 0.880212 0.882218 0.884212 0.886194 0.888164 0.890121 0.892067 0.894002 0.895925 0.897836 0.899737 0.901626 0.903506 0.905374 0.907232 0.909080 0.910918 0.912747 0.914565 0.916375 0.918175 0.919966 0.921748 0.923521 0.925286 0.927043 0.928792 0.930532 0.932265 0.933990 0.935708 0.937418 0.939122 0.940818 0.942508 0.944192 0.945869 0.947540 0.949205 0.950864 0.952517 0.954166 0.955809 0.957447 0.959080 0.960708 0.962332 0.963952 0.965567 0.967178 0.968786 0.970390 0.971991 0.973588 0.975183 0.976774 0.978363 0.979950 0.981534 0.983116 0.984696 0.986274 0.987851 0.989426 0.991000 0.992573 0.994145 0.995716 0.997287 0.998858 1.000000))
(channel red)
(curve
    (curve-type smooth)
    (n-points 17)
    (points 34 0.000000 0.000000 -1.000000 -1.000000 -1.000000 -1.000000 -1.000000 -1.000000 -1.000000 -1.000000 -1.000000 -1.000000 -1.000000 -1.000000 0.457576 0.320463 -1.000000 -1.000000 -1.000000 -1.000000 -1.000000 -1.000000 -1.000000 -1.000000 -1.000000 -1.000000 -1.000000 -1.000000 -1.000000 -1.000000 -1.000000 -1.000000 1.000000 1.000000)
    (n-samples 256)
    (samples 256 0.000000 0.002159 0.004318 0.006478 0.008638 0.010800 0.012963 0.015127 0.017293 0.019462 0.021632 0.023806 0.025982 0.028161 0.030343 0.032530 0.034720 0.036914 0.039112 0.041316 0.043524 0.045737 0.047956 0.050180 0.052411 0.054647 0.056891 0.059140 0.061397 0.063661 0.065933 0.068212 0.070500 0.072795 0.075100 0.077413 0.079735 0.082066 0.084407 0.086758 0.089119 0.091490 0.093872 0.096265 0.098669 0.101084 0.103511 0.105950 0.108401 0.110864 0.113341 0.115830 0.118332 0.120848 0.123377 0.125921 0.128479 0.131051 0.133638 0.136240 0.138857 0.141490 0.144138 0.146803 0.149484 0.152182 0.154896 0.157627 0.160376 0.163143 0.165927 0.168729 0.171550 0.174390 0.177248 0.180126 0.183022 0.185939 0.188876 0.191832 0.194810 0.197807 0.200826 0.203866 0.206928 0.210011 0.213117 0.216244 0.219395 0.222568 0.225764 0.228983 0.232226 0.235492 0.238783 0.242098 0.245438 0.248803 0.252192 0.255607 0.259048 0.262515 0.266007 0.269526 0.273072 0.276645 0.280245 0.283872 0.287527 0.291210 0.294922 0.298661 0.302430 0.306227 0.310054 0.313910 0.317797 0.320463 0.324396 0.328349 0.332324 0.336320 0.340337 0.344374 0.348432 0.352511 0.356609 0.360728 0.364867 0.369025 0.373204 0.377401 0.381618 0.385854 0.390109 0.394383 0.398676 0.402987 0.407317 0.411665 0.416031 0.420415 0.424817 0.429236 0.433673 0.438127 0.442598 0.447086 0.451591 0.456113 0.460651 0.465205 0.469776 0.474363 0.478966 0.483584 0.488219 0.492868 0.497533 0.502213 0.506908 0.511618 0.516342 0.521081 0.525834 0.530602 0.535383 0.540179 0.544988 0.549810 0.554646 0.559496 0.564358 0.569234 0.574122 0.579023 0.583936 0.588862 0.593800 0.598749 0.603711 0.608685 0.613670 0.618666 0.623674 0.628692 0.633722 0.638762 0.643813 0.648875 0.653947 0.659029 0.664121 0.669222 0.674334 0.679455 0.684585 0.689725 0.694874 0.700031 0.705197 0.710372 0.715556 0.720747 0.725947 0.731155 0.736371 0.741594 0.746825 0.752063 0.757308 0.762560 0.767820 0.773086 0.778358 0.783637 0.788923 0.794214 0.799511 0.804814 0.810123 0.815437 0.820757 0.826082 0.831412 0.836746 0.842086 0.847430 0.852778 0.858131 0.863487 0.868848 0.874212 0.879580 0.884952 0.890327 0.895705 0.901085 0.906469 0.911856 0.917245 0.922636 0.928030 0.933426 0.938823 0.944223 0.949624 0.955026 0.960430 0.965835 0.971241 0.976647 0.982055 0.987462 0.992871 1.000000))
(channel green)
(curve
    (curve-type smooth)
    (n-points 17)
    (points 34 0.000000 0.000000 -1.000000 -1.000000 -1.000000 -1.000000 -1.000000 -1.000000 0.266667 0.185328 -1.000000 -1.000000 -1.000000 -1.000000 -1.000000 -1.000000 -1.000000 -1.000000 -1.000000 -1.000000 -1.000000 -1.000000 -1.000000 -1.000000 0.745455 0.559846 -1.000000 -1.000000 -1.000000 -1.000000 -1.000000 -1.000000 1.000000 1.000000)
    (n-samples 256)
    (samples 256 0.000000 0.002616 0.005231 0.007847 0.010464 0.013081 0.015698 0.018317 0.020937 0.023557 0.026179 0.028803 0.031428 0.034054 0.036683 0.039313 0.041946 0.044581 0.047218 0.049858 0.052501 0.055147 0.057795 0.060447 0.063102 0.065760 0.068422 0.071087 0.073757 0.076430 0.079108 0.081790 0.084476 0.087167 0.089863 0.092563 0.095268 0.097979 0.100695 0.103416 0.106143 0.108875 0.111613 0.114358 0.117108 0.119865 0.122628 0.125398 0.128174 0.130957 0.133747 0.136545 0.139349 0.142161 0.144981 0.147808 0.150643 0.153486 0.156338 0.159197 0.162065 0.164942 0.167827 0.170721 0.173624 0.176536 0.179457 0.182388 0.185328 0.188265 0.191185 0.194089 0.196977 0.199850 0.202708 0.205552 0.208382 0.211199 0.214003 0.216794 0.219574 0.222342 0.225099 0.227845 0.230582 0.233308 0.236026 0.238735 0.241436 0.244129 0.246815 0.249494 0.252167 0.254834 0.257496 0.260152 0.262805 0.265453 0.268098 0.270740 0.273379 0.276016 0.278652 0.281286 0.283920 0.286554 0.289188 0.291822 0.294458 0.297096 0.299735 0.302378 0.305023 0.307672 0.310325 0.312982 0.315645 0.318312 0.320986 0.323666 0.326353 0.329047 0.331749 0.334460 0.337179 0.339907 0.342645 0.345393 0.348151 0.350921 0.353702 0.356495 0.359301 0.362120 0.364952 0.367798 0.370658 0.373533 0.376424 0.379330 0.382252 0.385191 0.388148 0.391121 0.394113 0.397124 0.400154 0.403203 0.406272 0.409362 0.412472 0.415604 0.418758 0.421934 0.425133 0.428356 0.431602 0.434872 0.438167 0.441487 0.444833 0.448205 0.451603 0.455028 0.458481 0.461962 0.465472 0.469010 0.472577 0.476175 0.479803 0.483461 0.487151 0.490873 0.494627 0.498413 0.502233 0.506086 0.509973 0.513895 0.517852 0.521844 0.525872 0.529937 0.534039 0.538178 0.542355 0.546570 0.550824 0.555117 0.559846 0.564258 0.568780 0.573412 0.578150 0.582993 0.587940 0.592988 0.598136 0.603383 0.608726 0.614164 0.619695 0.625317 0.631029 0.636829 0.642715 0.648686 0.654739 0.660873 0.667086 0.673377 0.679744 0.686185 0.692698 0.699282 0.705934 0.712654 0.719439 0.726288 0.733199 0.740171 0.747201 0.754287 0.761429 0.768624 0.775871 0.783167 0.790512 0.797903 0.805339 0.812818 0.820339 0.827899 0.835496 0.843130 0.850798 0.858499 0.866230 0.873991 0.881780 0.889594 0.897432 0.905292 0.913173 0.921073 0.928990 0.936922 0.944868 0.952826 0.960794 0.968770 0.976754 0.984742 0.992734 1.000000))
(channel blue)
(curve
    (curve-type smooth)
    (n-points 17)
    (points 34 0.000000 0.000000 -1.000000 -1.000000 -1.000000 -1.000000 -1.000000 -1.000000 -1.000000 -1.000000 -1.000000 -1.000000 -1.000000 -1.000000 -1.000000 -1.000000 -1.000000 -1.000000 -1.000000 -1.000000 0.651515 0.737452 -1.000000 -1.000000 -1.000000 -1.000000 -1.000000 -1.000000 -1.000000 -1.000000 -1.000000 -1.000000 1.000000 1.000000)
    (n-samples 256)
    (samples 256 0.000000 0.004697 0.009395 0.014092 0.018789 0.023486 0.028183 0.032879 0.037575 0.042270 0.046965 0.051660 0.056353 0.061046 0.065739 0.070430 0.075121 0.079811 0.084500 0.089188 0.093874 0.098560 0.103244 0.107928 0.112610 0.117290 0.121969 0.126647 0.131323 0.135998 0.140671 0.145342 0.150012 0.154680 0.159346 0.164010 0.168672 0.173332 0.177990 0.182645 0.187299 0.191950 0.196599 0.201246 0.205890 0.210532 0.215171 0.219808 0.224442 0.229073 0.233702 0.238328 0.242951 0.247571 0.252188 0.256802 0.261413 0.266020 0.270625 0.275226 0.279824 0.284419 0.289010 0.293597 0.298181 0.302762 0.307339 0.311912 0.316481 0.321047 0.325609 0.330166 0.334720 0.339270 0.343815 0.348357 0.352894 0.357427 0.361956 0.366480 0.371000 0.375515 0.380026 0.384532 0.389033 0.393530 0.398022 0.402509 0.406991 0.411469 0.415941 0.420408 0.424870 0.429327 0.433779 0.438225 0.442667 0.447102 0.451532 0.455957 0.460376 0.464790 0.469198 0.473600 0.477996 0.482387 0.486771 0.491150 0.495523 0.499889 0.504249 0.508604 0.512952 0.517293 0.521629 0.525958 0.530280 0.534596 0.538905 0.543208 0.547504 0.551793 0.556076 0.560351 0.564620 0.568882 0.573137 0.577384 0.581625 0.585858 0.590084 0.594303 0.598514 0.602718 0.606915 0.611104 0.615285 0.619459 0.623625 0.627783 0.631933 0.636076 0.640210 0.644337 0.648456 0.652566 0.656668 0.660763 0.664848 0.668926 0.672995 0.677056 0.681108 0.685152 0.689187 0.693213 0.697231 0.701240 0.705240 0.709232 0.713214 0.717187 0.721151 0.725107 0.729053 0.732989 0.737452 0.741357 0.745230 0.749071 0.752881 0.756659 0.760407 0.764124 0.767811 0.771468 0.775096 0.778695 0.782266 0.785808 0.789322 0.792809 0.796269 0.799702 0.803108 0.806489 0.809843 0.813173 0.816478 0.819758 0.823013 0.826245 0.829454 0.832639 0.835802 0.838942 0.842061 0.845157 0.848233 0.851287 0.854321 0.857335 0.860329 0.863304 0.866260 0.869197 0.872115 0.875016 0.877899 0.880765 0.883614 0.886446 0.889263 0.892063 0.894849 0.897619 0.900375 0.903116 0.905843 0.908557 0.911258 0.913946 0.916621 0.919285 0.921936 0.924577 0.927206 0.929825 0.932434 0.935032 0.937621 0.940201 0.942773 0.945336 0.947890 0.950438 0.952977 0.955510 0.958037 0.960557 0.963071 0.965580 0.968084 0.970583 0.973078 0.975568 0.978056 0.980539 0.983020 0.985499 0.987975 0.990450 0.992923 0.995395 0.997866 1.000000))
(channel alpha)
(curve
    (curve-type smooth)
    (n-points 17)
    (points 34 0.000000 0.000000 -1.000000 -1.000000 -1.000000 -1.000000 -1.000000 -1.000000 -1.000000 -1.000000 -1.000000 -1.000000 -1.000000 -1.000000 -1.000000 -1.000000 -1.000000 -1.000000 -1.000000 -1.000000 -1.000000 -1.000000 -1.000000 -1.000000 -1.000000 -1.000000 -1.000000 -1.000000 -1.000000 -1.000000 -1.000000 -1.000000 1.000000 1.000000)
    (n-samples 256)
    (samples 256 0.000000 0.003922 0.007843 0.011765 0.015686 0.019608 0.023529 0.027451 0.031373 0.035294 0.039216 0.043137 0.047059 0.050980 0.054902 0.058824 0.062745 0.066667 0.070588 0.074510 0.078431 0.082353 0.086275 0.090196 0.094118 0.098039 0.101961 0.105882 0.109804 0.113725 0.117647 0.121569 0.125490 0.129412 0.133333 0.137255 0.141176 0.145098 0.149020 0.152941 0.156863 0.160784 0.164706 0.168627 0.172549 0.176471 0.180392 0.184314 0.188235 0.192157 0.196078 0.200000 0.203922 0.207843 0.211765 0.215686 0.219608 0.223529 0.227451 0.231373 0.235294 0.239216 0.243137 0.247059 0.250980 0.254902 0.258824 0.262745 0.266667 0.270588 0.274510 0.278431 0.282353 0.286275 0.290196 0.294118 0.298039 0.301961 0.305882 0.309804 0.313725 0.317647 0.321569 0.325490 0.329412 0.333333 0.337255 0.341176 0.345098 0.349020 0.352941 0.356863 0.360784 0.364706 0.368627 0.372549 0.376471 0.380392 0.384314 0.388235 0.392157 0.396078 0.400000 0.403922 0.407843 0.411765 0.415686 0.419608 0.423529 0.427451 0.431373 0.435294 0.439216 0.443137 0.447059 0.450980 0.454902 0.458824 0.462745 0.466667 0.470588 0.474510 0.478431 0.482353 0.486275 0.490196 0.494118 0.498039 0.501961 0.505882 0.509804 0.513725 0.517647 0.521569 0.525490 0.529412 0.533333 0.537255 0.541176 0.545098 0.549020 0.552941 0.556863 0.560784 0.564706 0.568627 0.572549 0.576471 0.580392 0.584314 0.588235 0.592157 0.596078 0.600000 0.603922 0.607843 0.611765 0.615686 0.619608 0.623529 0.627451 0.631373 0.635294 0.639216 0.643137 0.647059 0.650980 0.654902 0.658824 0.662745 0.666667 0.670588 0.674510 0.678431 0.682353 0.686275 0.690196 0.694118 0.698039 0.701961 0.705882 0.709804 0.713725 0.717647 0.721569 0.725490 0.729412 0.733333 0.737255 0.741176 0.745098 0.749020 0.752941 0.756863 0.760784 0.764706 0.768627 0.772549 0.776471 0.780392 0.784314 0.788235 0.792157 0.796078 0.800000 0.803922 0.807843 0.811765 0.815686 0.819608 0.823529 0.827451 0.831373 0.835294 0.839216 0.843137 0.847059 0.850980 0.854902 0.858824 0.862745 0.866667 0.870588 0.874510 0.878431 0.882353 0.886275 0.890196 0.894118 0.898039 0.901961 0.905882 0.909804 0.913725 0.917647 0.921569 0.925490 0.929412 0.933333 0.937255 0.941176 0.945098 0.949020 0.952941 0.956863 0.960784 0.964706 0.968627 0.972549 0.976471 0.980392 0.984314 0.988235 0.992157 0.996078 1.000000))

# end of curves tool settings
