# GIMP curves tool settings

(time 0)
(channel value)
(curve
    (curve-type smooth)
    (n-points 17)
    (points 34 0.000000 0.125475 -1.000000 -1.000000 -1.000000 -1.000000 0.167683 0.228137 -1.000000 -1.000000 -1.000000 -1.000000 -1.000000 -1.000000 -1.000000 -1.000000 0.472561 0.551331 -1.000000 -1.000000 -1.000000 -1.000000 -1.000000 -1.000000 -1.000000 -1.000000 0.792683 0.866920 0.884146 1.000000 -1.000000 -1.000000 -1.000000 -1.000000)
    (n-samples 256)
    (samples 256 0.125475 0.127310 0.129147 0.130987 0.132833 0.134686 0.136549 0.138422 0.140309 0.142211 0.144129 0.146066 0.148024 0.150003 0.152007 0.154037 0.156095 0.158182 0.160302 0.162454 0.164642 0.166867 0.169131 0.171437 0.173784 0.176177 0.178616 0.181103 0.183640 0.186230 0.188873 0.191573 0.194330 0.197146 0.200024 0.202964 0.205970 0.209043 0.212185 0.215397 0.218682 0.222041 0.225477 0.228137 0.231689 0.235276 0.238897 0.242552 0.246240 0.249959 0.253710 0.257492 0.261303 0.265144 0.269013 0.272909 0.276831 0.280780 0.284754 0.288752 0.292774 0.296819 0.300886 0.304974 0.309083 0.313212 0.317359 0.321525 0.325708 0.329909 0.334125 0.338356 0.342602 0.346861 0.351133 0.355418 0.359713 0.364020 0.368336 0.372661 0.376995 0.381336 0.385684 0.390038 0.394397 0.398760 0.403128 0.407498 0.411870 0.416244 0.420619 0.424993 0.429366 0.433738 0.438107 0.442473 0.446835 0.451193 0.455545 0.459890 0.464229 0.468560 0.472882 0.477195 0.481497 0.485789 0.490070 0.494338 0.498592 0.502833 0.507059 0.511270 0.515464 0.519641 0.523801 0.527942 0.532064 0.536166 0.540247 0.544306 0.548343 0.551331 0.555330 0.559314 0.563281 0.567232 0.571169 0.575091 0.579000 0.582894 0.586776 0.590645 0.594502 0.598348 0.602183 0.606007 0.609821 0.613625 0.617421 0.621208 0.624987 0.628758 0.632522 0.636280 0.640032 0.643778 0.647519 0.651255 0.654988 0.658716 0.662442 0.666165 0.669886 0.673606 0.677324 0.681042 0.684759 0.688477 0.692196 0.695916 0.699639 0.703363 0.707090 0.710821 0.714556 0.718294 0.722038 0.725787 0.729542 0.733304 0.737072 0.740847 0.744630 0.748422 0.752222 0.756032 0.759852 0.763681 0.767522 0.771374 0.775238 0.779114 0.783003 0.786905 0.790820 0.794751 0.798695 0.802656 0.806632 0.810624 0.814633 0.818659 0.822703 0.826765 0.830846 0.834946 0.839066 0.843206 0.847367 0.851549 0.855752 0.859978 0.866920 0.871286 0.875828 0.880538 0.885408 0.890431 0.895599 0.900903 0.906336 0.911890 0.917557 0.923329 0.929199 0.935158 0.941198 0.947312 0.953491 0.959729 0.966016 0.972345 0.978709 0.985098 0.991506 1.000000 1.000000 1.000000 1.000000 1.000000 1.000000 1.000000 1.000000 1.000000 1.000000 1.000000 1.000000 1.000000 1.000000 1.000000 1.000000 1.000000 1.000000 1.000000 1.000000 1.000000 1.000000 1.000000 1.000000 1.000000 1.000000 1.000000 1.000000 1.000000 1.000000 1.000000))
(time 0)
(channel red)
(curve
    (curve-type smooth)
    (n-points 17)
    (points 34 0.000000 0.000000 -1.000000 -1.000000 -1.000000 -1.000000 0.170732 0.212928 -1.000000 -1.000000 -1.000000 -1.000000 -1.000000 -1.000000 -1.000000 -1.000000 0.518293 0.501901 -1.000000 -1.000000 -1.000000 -1.000000 -1.000000 -1.000000 -1.000000 -1.000000 -1.000000 -1.000000 -1.000000 -1.000000 -1.000000 -1.000000 1.000000 1.000000)
    (n-samples 256)
    (samples 256 0.000000 0.005437 0.010872 0.016304 0.021731 0.027151 0.032562 0.037963 0.043351 0.048726 0.054086 0.059427 0.064750 0.070053 0.075332 0.080588 0.085817 0.091019 0.096191 0.101332 0.106441 0.111515 0.116552 0.121551 0.126511 0.131429 0.136304 0.141133 0.145916 0.150651 0.155335 0.159968 0.164547 0.169070 0.173537 0.177944 0.182291 0.186576 0.190797 0.194952 0.199039 0.203057 0.207005 0.210879 0.212928 0.216708 0.220455 0.224168 0.227849 0.231498 0.235117 0.238705 0.242264 0.245795 0.249298 0.252774 0.256223 0.259647 0.263046 0.266422 0.269774 0.273103 0.276411 0.279698 0.282965 0.286213 0.289442 0.292653 0.295846 0.299024 0.302186 0.305333 0.308466 0.311586 0.314693 0.317789 0.320873 0.323947 0.327012 0.330068 0.333116 0.336157 0.339191 0.342220 0.345244 0.348264 0.351280 0.354294 0.357306 0.360316 0.363327 0.366338 0.369350 0.372364 0.375381 0.378401 0.381425 0.384455 0.387490 0.390532 0.393581 0.396638 0.399704 0.402780 0.405866 0.408963 0.412072 0.415193 0.418328 0.421477 0.424641 0.427821 0.431017 0.434230 0.437462 0.440712 0.443982 0.447271 0.450582 0.453915 0.457270 0.460649 0.464051 0.467479 0.470932 0.474411 0.477918 0.481453 0.485016 0.488608 0.492231 0.495885 0.501901 0.505627 0.509361 0.513104 0.516854 0.520612 0.524377 0.528151 0.531932 0.535721 0.539517 0.543321 0.547132 0.550950 0.554776 0.558609 0.562449 0.566297 0.570151 0.574012 0.577880 0.581755 0.585636 0.589525 0.593419 0.597321 0.601229 0.605143 0.609064 0.612990 0.616924 0.620863 0.624808 0.628760 0.632717 0.636680 0.640649 0.644624 0.648604 0.652590 0.656582 0.660579 0.664582 0.668589 0.672603 0.676621 0.680644 0.684673 0.688707 0.692745 0.696789 0.700837 0.704890 0.708948 0.713010 0.717077 0.721149 0.725224 0.729305 0.733389 0.737478 0.741571 0.745668 0.749769 0.753874 0.757982 0.762095 0.766212 0.770332 0.774455 0.778583 0.782714 0.786848 0.790985 0.795126 0.799271 0.803418 0.807568 0.811722 0.815878 0.820038 0.824200 0.828365 0.832532 0.836703 0.840875 0.845051 0.849229 0.853409 0.857591 0.861776 0.865963 0.870152 0.874343 0.878536 0.882731 0.886928 0.891126 0.895326 0.899528 0.903732 0.907937 0.912143 0.916351 0.920560 0.924771 0.928982 0.933195 0.937408 0.941623 0.945839 0.950055 0.954272 0.958490 0.962709 0.966928 0.971148 0.975368 0.979589 0.983810 0.988031 0.992252 0.996474 1.000000))
(time 0)
(channel green)
(curve
    (curve-type smooth)
    (n-points 17)
    (points 34 0.000000 0.000000 -1.000000 -1.000000 -1.000000 -1.000000 0.192073 0.205323 -1.000000 -1.000000 -1.000000 -1.000000 -1.000000 -1.000000 -1.000000 -1.000000 0.496951 0.589354 -1.000000 -1.000000 -1.000000 -1.000000 -1.000000 -1.000000 -1.000000 -1.000000 -1.000000 -1.000000 -1.000000 -1.000000 -1.000000 -1.000000 1.000000 1.000000)
    (n-samples 256)
    (samples 256 0.000000 0.003963 0.007926 0.011891 0.015857 0.019826 0.023797 0.027772 0.031751 0.035735 0.039723 0.043718 0.047718 0.051726 0.055741 0.059764 0.063796 0.067837 0.071887 0.075948 0.080020 0.084104 0.088199 0.092307 0.096428 0.100563 0.104712 0.108876 0.113056 0.117252 0.121464 0.125694 0.129941 0.134207 0.138492 0.142796 0.147120 0.151465 0.155831 0.160219 0.164629 0.169062 0.173519 0.178000 0.182505 0.187036 0.191592 0.196175 0.200785 0.205323 0.209995 0.214708 0.219461 0.224253 0.229082 0.233947 0.238847 0.243780 0.248744 0.253739 0.258763 0.263815 0.268894 0.273997 0.279124 0.284273 0.289443 0.294633 0.299841 0.305065 0.310306 0.315560 0.320827 0.326106 0.331394 0.336691 0.341996 0.347306 0.352622 0.357940 0.363260 0.368581 0.373901 0.379218 0.384532 0.389842 0.395144 0.400440 0.405726 0.411002 0.416266 0.421517 0.426753 0.431974 0.437177 0.442362 0.447527 0.452671 0.457792 0.462889 0.467961 0.473006 0.478023 0.483010 0.487967 0.492892 0.497783 0.502639 0.507459 0.512241 0.516984 0.521687 0.526349 0.530967 0.535541 0.540069 0.544550 0.548982 0.553365 0.557696 0.561975 0.566200 0.570369 0.574482 0.578537 0.582532 0.586467 0.589354 0.593203 0.597038 0.600857 0.604661 0.608451 0.612225 0.615985 0.619731 0.623462 0.627179 0.630882 0.634570 0.638245 0.641906 0.645554 0.649188 0.652808 0.656415 0.660009 0.663590 0.667158 0.670713 0.674255 0.677785 0.681302 0.684807 0.688300 0.691780 0.695249 0.698705 0.702150 0.705584 0.709006 0.712416 0.715815 0.719203 0.722580 0.725946 0.729301 0.732646 0.735980 0.739303 0.742617 0.745920 0.749213 0.752496 0.755769 0.759032 0.762286 0.765530 0.768765 0.771991 0.775208 0.778415 0.781614 0.784804 0.787985 0.791158 0.794323 0.797479 0.800627 0.803766 0.806898 0.810023 0.813139 0.816248 0.819349 0.822444 0.825530 0.828610 0.831683 0.834749 0.837808 0.840861 0.843907 0.846947 0.849981 0.853008 0.856030 0.859045 0.862055 0.865059 0.868057 0.871051 0.874038 0.877021 0.879999 0.882971 0.885939 0.888902 0.891861 0.894815 0.897765 0.900710 0.903652 0.906589 0.909523 0.912453 0.915379 0.918302 0.921221 0.924137 0.927050 0.929960 0.932867 0.935771 0.938673 0.941572 0.944469 0.947363 0.950255 0.953145 0.956033 0.958920 0.961804 0.964687 0.967569 0.970449 0.973328 0.976206 0.979083 0.981959 0.984834 0.987708 0.990582 0.993456 0.996330 1.000000))
(time 0)
(channel blue)
(curve
    (curve-type smooth)
    (n-points 17)
    (points 34 0.000000 0.000000 -1.000000 -1.000000 -1.000000 -1.000000 -1.000000 -1.000000 -1.000000 -1.000000 -1.000000 -1.000000 0.390244 0.612167 -1.000000 -1.000000 -1.000000 -1.000000 -1.000000 -1.000000 0.600610 1.000000 -1.000000 -1.000000 -1.000000 -1.000000 -1.000000 -1.000000 -1.000000 -1.000000 -1.000000 -1.000000 0.993902 0.726236)
    (n-samples 256)
    (samples 256 0.000000 0.005963 0.011926 0.017889 0.023853 0.029817 0.035781 0.041747 0.047713 0.053680 0.059648 0.065617 0.071587 0.077559 0.083532 0.089507 0.095484 0.101462 0.107443 0.113425 0.119410 0.125397 0.131386 0.137378 0.143372 0.149370 0.155370 0.161373 0.167379 0.173388 0.179401 0.185417 0.191436 0.197460 0.203487 0.209518 0.215553 0.221592 0.227635 0.233683 0.239735 0.245792 0.251853 0.257919 0.263990 0.270066 0.276148 0.282234 0.288326 0.294424 0.300527 0.306635 0.312750 0.318871 0.324997 0.331130 0.337269 0.343414 0.349566 0.355725 0.361890 0.368063 0.374242 0.380428 0.386622 0.392823 0.399031 0.405247 0.411470 0.417701 0.423941 0.430188 0.436443 0.442707 0.448979 0.455259 0.461548 0.467845 0.474152 0.480467 0.486792 0.493125 0.499468 0.505820 0.512182 0.518553 0.524934 0.531325 0.537726 0.544137 0.550558 0.556989 0.563431 0.569883 0.576346 0.582820 0.589304 0.595800 0.602307 0.608825 0.612167 0.618841 0.625794 0.633012 0.640478 0.648179 0.656098 0.664222 0.672536 0.681023 0.689670 0.698461 0.707381 0.716416 0.725550 0.734768 0.744056 0.753397 0.762778 0.772184 0.781599 0.791008 0.800396 0.809749 0.819052 0.828288 0.837444 0.846505 0.855455 0.864279 0.872963 0.881491 0.889849 0.898021 0.905993 0.913749 0.921274 0.928555 0.935574 0.942318 0.948772 0.954920 0.960748 0.966241 0.971383 0.976159 0.980556 0.984556 0.988147 0.991312 0.994036 0.996306 0.998105 1.000000 1.000000 1.000000 1.000000 1.000000 1.000000 1.000000 1.000000 1.000000 1.000000 1.000000 1.000000 1.000000 1.000000 1.000000 1.000000 0.999274 0.998443 0.997526 0.996523 0.995436 0.994267 0.993015 0.991682 0.990269 0.988777 0.987207 0.985561 0.983838 0.982041 0.980169 0.978225 0.976210 0.974123 0.971967 0.969742 0.967450 0.965091 0.962667 0.960178 0.957626 0.955011 0.952335 0.949598 0.946803 0.943949 0.941037 0.938070 0.935047 0.931971 0.928841 0.925659 0.922426 0.919143 0.915811 0.912431 0.909005 0.905532 0.902015 0.898454 0.894850 0.891204 0.887518 0.883792 0.880027 0.876225 0.872387 0.868513 0.864604 0.860662 0.856688 0.852682 0.848646 0.844581 0.840487 0.836366 0.832219 0.828047 0.823851 0.819632 0.815390 0.811128 0.806846 0.802544 0.798225 0.793889 0.789537 0.785171 0.780790 0.776397 0.771992 0.767577 0.763152 0.758718 0.754277 0.749829 0.745376 0.740918 0.736457 0.731994 0.726236 0.726236 0.726236))
(time 0)
(channel alpha)
(curve
    (curve-type smooth)
    (n-points 17)
    (points 34 0.000000 0.000000 -1.000000 -1.000000 -1.000000 -1.000000 -1.000000 -1.000000 -1.000000 -1.000000 -1.000000 -1.000000 -1.000000 -1.000000 -1.000000 -1.000000 -1.000000 -1.000000 -1.000000 -1.000000 -1.000000 -1.000000 -1.000000 -1.000000 -1.000000 -1.000000 -1.000000 -1.000000 -1.000000 -1.000000 -1.000000 -1.000000 1.000000 1.000000)
    (n-samples 256)
    (samples 256 0.000000 0.003922 0.007843 0.011765 0.015686 0.019608 0.023529 0.027451 0.031373 0.035294 0.039216 0.043137 0.047059 0.050980 0.054902 0.058824 0.062745 0.066667 0.070588 0.074510 0.078431 0.082353 0.086275 0.090196 0.094118 0.098039 0.101961 0.105882 0.109804 0.113725 0.117647 0.121569 0.125490 0.129412 0.133333 0.137255 0.141176 0.145098 0.149020 0.152941 0.156863 0.160784 0.164706 0.168627 0.172549 0.176471 0.180392 0.184314 0.188235 0.192157 0.196078 0.200000 0.203922 0.207843 0.211765 0.215686 0.219608 0.223529 0.227451 0.231373 0.235294 0.239216 0.243137 0.247059 0.250980 0.254902 0.258824 0.262745 0.266667 0.270588 0.274510 0.278431 0.282353 0.286275 0.290196 0.294118 0.298039 0.301961 0.305882 0.309804 0.313725 0.317647 0.321569 0.325490 0.329412 0.333333 0.337255 0.341176 0.345098 0.349020 0.352941 0.356863 0.360784 0.364706 0.368627 0.372549 0.376471 0.380392 0.384314 0.388235 0.392157 0.396078 0.400000 0.403922 0.407843 0.411765 0.415686 0.419608 0.423529 0.427451 0.431373 0.435294 0.439216 0.443137 0.447059 0.450980 0.454902 0.458824 0.462745 0.466667 0.470588 0.474510 0.478431 0.482353 0.486275 0.490196 0.494118 0.498039 0.501961 0.505882 0.509804 0.513725 0.517647 0.521569 0.525490 0.529412 0.533333 0.537255 0.541176 0.545098 0.549020 0.552941 0.556863 0.560784 0.564706 0.568627 0.572549 0.576471 0.580392 0.584314 0.588235 0.592157 0.596078 0.600000 0.603922 0.607843 0.611765 0.615686 0.619608 0.623529 0.627451 0.631373 0.635294 0.639216 0.643137 0.647059 0.650980 0.654902 0.658824 0.662745 0.666667 0.670588 0.674510 0.678431 0.682353 0.686275 0.690196 0.694118 0.698039 0.701961 0.705882 0.709804 0.713725 0.717647 0.721569 0.725490 0.729412 0.733333 0.737255 0.741176 0.745098 0.749020 0.752941 0.756863 0.760784 0.764706 0.768627 0.772549 0.776471 0.780392 0.784314 0.788235 0.792157 0.796078 0.800000 0.803922 0.807843 0.811765 0.815686 0.819608 0.823529 0.827451 0.831373 0.835294 0.839216 0.843137 0.847059 0.850980 0.854902 0.858824 0.862745 0.866667 0.870588 0.874510 0.878431 0.882353 0.886275 0.890196 0.894118 0.898039 0.901961 0.905882 0.909804 0.913725 0.917647 0.921569 0.925490 0.929412 0.933333 0.937255 0.941176 0.945098 0.949020 0.952941 0.956863 0.960784 0.964706 0.968627 0.972549 0.976471 0.980392 0.984314 0.988235 0.992157 0.996078 1.000000))

# end of curves tool settings
