# GIMP curves tool settings

(time 0)
(channel value)
(curve
    (curve-type smooth)
    (n-points 17)
    (points 34 0.000000 0.000000 -1.000000 -1.000000 0.155488 0.242308 -1.000000 -1.000000 -1.000000 -1.000000 -1.000000 -1.000000 -1.000000 -1.000000 -1.000000 -1.000000 -1.000000 -1.000000 -1.000000 -1.000000 -1.000000 -1.000000 -1.000000 -1.000000 0.719512 0.630769 -1.000000 -1.000000 -1.000000 -1.000000 -1.000000 -1.000000 1.000000 1.000000)
    (n-samples 256)
    (samples 256 0.000000 0.007447 0.014889 0.022321 0.029737 0.037133 0.044504 0.051844 0.059148 0.066412 0.073629 0.080796 0.087906 0.094955 0.101938 0.108849 0.115684 0.122438 0.129104 0.135679 0.142157 0.148532 0.154801 0.160957 0.166997 0.172913 0.178702 0.184359 0.189877 0.195253 0.200481 0.205556 0.210473 0.215226 0.219811 0.224223 0.228456 0.232505 0.236366 0.240033 0.242308 0.245730 0.249120 0.252480 0.255809 0.259108 0.262378 0.265618 0.268830 0.272013 0.275169 0.278297 0.281398 0.284473 0.287522 0.290545 0.293543 0.296517 0.299466 0.302392 0.305294 0.308173 0.311030 0.313865 0.316679 0.319472 0.322243 0.324995 0.327727 0.330440 0.333134 0.335810 0.338468 0.341108 0.343732 0.346339 0.348930 0.351505 0.354065 0.356610 0.359141 0.361658 0.364162 0.366653 0.369131 0.371598 0.374053 0.376496 0.378929 0.381352 0.383765 0.386169 0.388564 0.390950 0.393328 0.395699 0.398063 0.400420 0.402772 0.405117 0.407457 0.409792 0.412123 0.414450 0.416774 0.419094 0.421412 0.423728 0.426042 0.428355 0.430668 0.432980 0.435292 0.437604 0.439918 0.442233 0.444551 0.446870 0.449193 0.451519 0.453848 0.456182 0.458520 0.460864 0.463213 0.465568 0.467929 0.470298 0.472674 0.475057 0.477449 0.479850 0.482259 0.484679 0.487108 0.489548 0.491999 0.494462 0.496936 0.499422 0.501922 0.504434 0.506960 0.509501 0.512056 0.514626 0.517211 0.519812 0.522430 0.525065 0.527717 0.530386 0.533074 0.535780 0.538506 0.541251 0.544016 0.546801 0.549608 0.552435 0.555285 0.558156 0.561051 0.563968 0.566909 0.569875 0.572864 0.575879 0.578919 0.581985 0.585077 0.588196 0.591342 0.594516 0.597718 0.600948 0.604207 0.607496 0.610815 0.614164 0.617544 0.620955 0.624398 0.630769 0.634322 0.637943 0.641630 0.645384 0.649203 0.653086 0.657032 0.661041 0.665110 0.669240 0.673429 0.677677 0.681982 0.686343 0.690760 0.695231 0.699756 0.704334 0.708963 0.713642 0.718372 0.723150 0.727975 0.732848 0.737766 0.742729 0.747737 0.752787 0.757879 0.763011 0.768184 0.773397 0.778647 0.783934 0.789257 0.794616 0.800009 0.805435 0.810894 0.816384 0.821904 0.827454 0.833032 0.838637 0.844270 0.849927 0.855610 0.861316 0.867044 0.872795 0.878566 0.884357 0.890167 0.895994 0.901839 0.907699 0.913575 0.919464 0.925367 0.931281 0.937207 0.943142 0.949087 0.955041 0.961001 0.966968 0.972940 0.978916 0.984896 0.990878 0.996862 1.000000))
(time 0)
(channel red)
(curve
    (curve-type smooth)
    (n-points 17)
    (points 34 0.000000 0.000000 -1.000000 -1.000000 -1.000000 -1.000000 -1.000000 -1.000000 -1.000000 -1.000000 -1.000000 -1.000000 0.375000 0.242308 -1.000000 -1.000000 -1.000000 -1.000000 -1.000000 -1.000000 -1.000000 -1.000000 -1.000000 -1.000000 0.734756 0.776923 -1.000000 -1.000000 -1.000000 -1.000000 -1.000000 -1.000000 1.000000 1.000000)
    (n-samples 256)
    (samples 256 0.000000 0.001728 0.003456 0.005185 0.006916 0.008649 0.010385 0.012123 0.013866 0.015613 0.017364 0.019121 0.020883 0.022652 0.024428 0.026212 0.028003 0.029802 0.031611 0.033429 0.035257 0.037096 0.038946 0.040808 0.042681 0.044568 0.046467 0.048381 0.050308 0.052251 0.054209 0.056182 0.058173 0.060180 0.062204 0.064247 0.066308 0.068388 0.070487 0.072607 0.074747 0.076909 0.079092 0.081298 0.083526 0.085777 0.088053 0.090352 0.092677 0.095027 0.097402 0.099805 0.102234 0.104691 0.107175 0.109689 0.112231 0.114803 0.117406 0.120039 0.122703 0.125399 0.128127 0.130888 0.133682 0.136510 0.139373 0.142270 0.145203 0.148172 0.151178 0.154220 0.157300 0.160418 0.163575 0.166771 0.170007 0.173282 0.176599 0.179957 0.183356 0.186798 0.190283 0.193811 0.197383 0.201000 0.204661 0.208368 0.212121 0.215921 0.219768 0.223662 0.227604 0.231596 0.235636 0.239726 0.242308 0.246502 0.250792 0.255174 0.259647 0.264209 0.268857 0.273591 0.278408 0.283305 0.288282 0.293335 0.298464 0.303666 0.308939 0.314281 0.319691 0.325165 0.330704 0.336303 0.341962 0.347678 0.353450 0.359275 0.365152 0.371078 0.377052 0.383072 0.389135 0.395240 0.401384 0.407567 0.413785 0.420037 0.426321 0.432635 0.438977 0.445345 0.451737 0.458151 0.464586 0.471038 0.477506 0.483989 0.490484 0.496989 0.503503 0.510023 0.516547 0.523074 0.529602 0.536127 0.542650 0.549167 0.555676 0.562176 0.568665 0.575141 0.581601 0.588044 0.594469 0.600871 0.607251 0.613606 0.619934 0.626232 0.632500 0.638735 0.644935 0.651098 0.657223 0.663306 0.669347 0.675343 0.681293 0.687194 0.693044 0.698842 0.704585 0.710272 0.715900 0.721468 0.726974 0.732415 0.737790 0.743096 0.748333 0.753497 0.758587 0.763601 0.768537 0.776923 0.781645 0.786303 0.790899 0.795433 0.799906 0.804320 0.808674 0.812971 0.817211 0.821395 0.825523 0.829598 0.833620 0.837589 0.841507 0.845375 0.849194 0.852964 0.856687 0.860363 0.863994 0.867580 0.871123 0.874623 0.878082 0.881500 0.884878 0.888217 0.891519 0.894783 0.898012 0.901205 0.904365 0.907491 0.910586 0.913649 0.916682 0.919686 0.922661 0.925609 0.928531 0.931427 0.934299 0.937148 0.939973 0.942777 0.945561 0.948325 0.951070 0.953797 0.956507 0.959202 0.961881 0.964547 0.967200 0.969840 0.972469 0.975089 0.977699 0.980300 0.982895 0.985483 0.988066 0.990644 0.993219 0.995791 0.998362 1.000000))
(time 0)
(channel green)
(curve
    (curve-type smooth)
    (n-points 17)
    (points 34 -1.000000 -1.000000 0.042683 0.042308 -1.000000 -1.000000 -1.000000 -1.000000 -1.000000 -1.000000 -1.000000 -1.000000 0.378049 0.234615 -1.000000 -1.000000 -1.000000 -1.000000 -1.000000 -1.000000 -1.000000 -1.000000 -1.000000 -1.000000 0.746951 0.796154 -1.000000 -1.000000 -1.000000 -1.000000 -1.000000 -1.000000 1.000000 1.000000)
    (n-samples 256)
    (samples 256 0.042308 0.042308 0.042308 0.042308 0.042308 0.042308 0.042308 0.042308 0.042308 0.042308 0.042308 0.042308 0.043582 0.044857 0.046134 0.047413 0.048696 0.049982 0.051273 0.052570 0.053873 0.055184 0.056502 0.057829 0.059166 0.060513 0.061872 0.063242 0.064625 0.066022 0.067433 0.068859 0.070302 0.071761 0.073237 0.074732 0.076247 0.077781 0.079336 0.080913 0.082511 0.084134 0.085780 0.087451 0.089147 0.090870 0.092620 0.094398 0.096205 0.098042 0.099908 0.101806 0.103736 0.105699 0.107695 0.109726 0.111792 0.113894 0.116033 0.118209 0.120423 0.122677 0.124971 0.127305 0.129681 0.132100 0.134561 0.137067 0.139617 0.142213 0.144855 0.147545 0.150282 0.153068 0.155904 0.158790 0.161728 0.164717 0.167759 0.170854 0.174004 0.177209 0.180471 0.183788 0.187164 0.190597 0.194090 0.197643 0.201257 0.204932 0.208669 0.212470 0.216335 0.220264 0.224259 0.228320 0.234615 0.238863 0.243207 0.247648 0.252182 0.256808 0.261524 0.266327 0.271216 0.276190 0.281245 0.286379 0.291592 0.296881 0.302244 0.307678 0.313183 0.318756 0.324394 0.330097 0.335862 0.341687 0.347570 0.353509 0.359503 0.365548 0.371644 0.377788 0.383979 0.390214 0.396491 0.402808 0.409164 0.415556 0.421983 0.428442 0.434931 0.441449 0.447994 0.454563 0.461154 0.467767 0.474397 0.481045 0.487707 0.494382 0.501067 0.507761 0.514462 0.521168 0.527877 0.534586 0.541294 0.547999 0.554699 0.561392 0.568076 0.574749 0.581408 0.588053 0.594681 0.601290 0.607878 0.614443 0.620983 0.627496 0.633980 0.640434 0.646855 0.653241 0.659590 0.665901 0.672171 0.678398 0.684581 0.690717 0.696804 0.702841 0.708825 0.714755 0.720629 0.726443 0.732198 0.737890 0.743517 0.749078 0.754571 0.759994 0.765344 0.770620 0.775819 0.780940 0.785982 0.790940 0.796154 0.800941 0.805652 0.810288 0.814850 0.819340 0.823758 0.828106 0.832384 0.836595 0.840739 0.844817 0.848831 0.852783 0.856672 0.860500 0.864269 0.867980 0.871634 0.875232 0.878775 0.882265 0.885702 0.889088 0.892425 0.895712 0.898953 0.902147 0.905296 0.908401 0.911463 0.914484 0.917465 0.920407 0.923310 0.926177 0.929009 0.931806 0.934571 0.937303 0.940005 0.942677 0.945321 0.947939 0.950530 0.953096 0.955639 0.958160 0.960660 0.963140 0.965601 0.968045 0.970472 0.972885 0.975284 0.977670 0.980044 0.982409 0.984764 0.987112 0.989452 0.991788 0.994119 0.996447 0.998773 1.000000))
(time 0)
(channel blue)
(curve
    (curve-type smooth)
    (n-points 17)
    (points 34 0.000000 0.000000 -1.000000 -1.000000 -1.000000 -1.000000 -1.000000 -1.000000 -1.000000 -1.000000 -1.000000 -1.000000 0.393293 0.276923 -1.000000 -1.000000 -1.000000 -1.000000 -1.000000 -1.000000 -1.000000 -1.000000 0.698171 0.800000 -1.000000 -1.000000 -1.000000 -1.000000 -1.000000 -1.000000 -1.000000 -1.000000 1.000000 1.000000)
    (n-samples 256)
    (samples 256 0.000000 0.001895 0.003791 0.005688 0.007586 0.009486 0.011389 0.013295 0.015205 0.017119 0.019037 0.020961 0.022890 0.024825 0.026767 0.028717 0.030674 0.032639 0.034614 0.036597 0.038591 0.040594 0.042609 0.044635 0.046672 0.048723 0.050786 0.052862 0.054953 0.057058 0.059178 0.061313 0.063464 0.065632 0.067817 0.070020 0.072241 0.074480 0.076738 0.079016 0.081315 0.083634 0.085974 0.088335 0.090719 0.093126 0.095556 0.098010 0.100488 0.102990 0.105519 0.108073 0.110653 0.113260 0.115895 0.118557 0.121248 0.123968 0.126717 0.129496 0.132306 0.135147 0.138019 0.140923 0.143860 0.146830 0.149833 0.152871 0.155943 0.159050 0.162193 0.165373 0.168588 0.171841 0.175132 0.178461 0.181829 0.185236 0.188683 0.192170 0.195698 0.199267 0.202878 0.206532 0.210228 0.213968 0.217751 0.221579 0.225453 0.229371 0.233336 0.237347 0.241405 0.245510 0.249664 0.253866 0.258117 0.262418 0.266769 0.271171 0.276923 0.281500 0.286240 0.291140 0.296194 0.301400 0.306752 0.312246 0.317879 0.323645 0.329540 0.335561 0.341703 0.347961 0.354332 0.360812 0.367395 0.374078 0.380856 0.387726 0.394682 0.401721 0.408839 0.416031 0.423292 0.430620 0.438008 0.445454 0.452953 0.460500 0.468091 0.475723 0.483391 0.491090 0.498816 0.506566 0.514334 0.522117 0.529910 0.537709 0.545510 0.553308 0.561100 0.568881 0.576646 0.584392 0.592114 0.599809 0.607470 0.615096 0.622680 0.630219 0.637710 0.645146 0.652525 0.659841 0.667092 0.674271 0.681376 0.688402 0.695344 0.702198 0.708961 0.715628 0.722194 0.728655 0.735008 0.741247 0.747369 0.753369 0.759243 0.764987 0.770597 0.776068 0.781395 0.786576 0.791605 0.796478 0.800000 0.804633 0.809187 0.813662 0.818059 0.822380 0.826624 0.830795 0.834891 0.838915 0.842868 0.846751 0.850564 0.854309 0.857986 0.861597 0.865144 0.868626 0.872045 0.875402 0.878699 0.881935 0.885113 0.888233 0.891296 0.894303 0.897256 0.900155 0.903002 0.905797 0.908542 0.911238 0.913885 0.916485 0.919039 0.921547 0.924012 0.926433 0.928813 0.931151 0.933450 0.935710 0.937932 0.940117 0.942266 0.944381 0.946462 0.948511 0.950528 0.952515 0.954472 0.956402 0.958303 0.960179 0.962029 0.963855 0.965658 0.967440 0.969200 0.970940 0.972661 0.974365 0.976051 0.977722 0.979378 0.981021 0.982651 0.984270 0.985878 0.987476 0.989067 0.990650 0.992226 0.993798 0.995365 0.996929 0.998491 1.000000))
(time 0)
(channel alpha)
(curve
    (curve-type smooth)
    (n-points 17)
    (points 34 0.000000 0.000000 -1.000000 -1.000000 -1.000000 -1.000000 -1.000000 -1.000000 -1.000000 -1.000000 -1.000000 -1.000000 -1.000000 -1.000000 -1.000000 -1.000000 -1.000000 -1.000000 -1.000000 -1.000000 -1.000000 -1.000000 -1.000000 -1.000000 -1.000000 -1.000000 -1.000000 -1.000000 -1.000000 -1.000000 -1.000000 -1.000000 1.000000 1.000000)
    (n-samples 256)
    (samples 256 0.000000 0.003922 0.007843 0.011765 0.015686 0.019608 0.023529 0.027451 0.031373 0.035294 0.039216 0.043137 0.047059 0.050980 0.054902 0.058824 0.062745 0.066667 0.070588 0.074510 0.078431 0.082353 0.086275 0.090196 0.094118 0.098039 0.101961 0.105882 0.109804 0.113725 0.117647 0.121569 0.125490 0.129412 0.133333 0.137255 0.141176 0.145098 0.149020 0.152941 0.156863 0.160784 0.164706 0.168627 0.172549 0.176471 0.180392 0.184314 0.188235 0.192157 0.196078 0.200000 0.203922 0.207843 0.211765 0.215686 0.219608 0.223529 0.227451 0.231373 0.235294 0.239216 0.243137 0.247059 0.250980 0.254902 0.258824 0.262745 0.266667 0.270588 0.274510 0.278431 0.282353 0.286275 0.290196 0.294118 0.298039 0.301961 0.305882 0.309804 0.313725 0.317647 0.321569 0.325490 0.329412 0.333333 0.337255 0.341176 0.345098 0.349020 0.352941 0.356863 0.360784 0.364706 0.368627 0.372549 0.376471 0.380392 0.384314 0.388235 0.392157 0.396078 0.400000 0.403922 0.407843 0.411765 0.415686 0.419608 0.423529 0.427451 0.431373 0.435294 0.439216 0.443137 0.447059 0.450980 0.454902 0.458824 0.462745 0.466667 0.470588 0.474510 0.478431 0.482353 0.486275 0.490196 0.494118 0.498039 0.501961 0.505882 0.509804 0.513725 0.517647 0.521569 0.525490 0.529412 0.533333 0.537255 0.541176 0.545098 0.549020 0.552941 0.556863 0.560784 0.564706 0.568627 0.572549 0.576471 0.580392 0.584314 0.588235 0.592157 0.596078 0.600000 0.603922 0.607843 0.611765 0.615686 0.619608 0.623529 0.627451 0.631373 0.635294 0.639216 0.643137 0.647059 0.650980 0.654902 0.658824 0.662745 0.666667 0.670588 0.674510 0.678431 0.682353 0.686275 0.690196 0.694118 0.698039 0.701961 0.705882 0.709804 0.713725 0.717647 0.721569 0.725490 0.729412 0.733333 0.737255 0.741176 0.745098 0.749020 0.752941 0.756863 0.760784 0.764706 0.768627 0.772549 0.776471 0.780392 0.784314 0.788235 0.792157 0.796078 0.800000 0.803922 0.807843 0.811765 0.815686 0.819608 0.823529 0.827451 0.831373 0.835294 0.839216 0.843137 0.847059 0.850980 0.854902 0.858824 0.862745 0.866667 0.870588 0.874510 0.878431 0.882353 0.886275 0.890196 0.894118 0.898039 0.901961 0.905882 0.909804 0.913725 0.917647 0.921569 0.925490 0.929412 0.933333 0.937255 0.941176 0.945098 0.949020 0.952941 0.956863 0.960784 0.964706 0.968627 0.972549 0.976471 0.980392 0.984314 0.988235 0.992157 0.996078 1.000000))

# end of curves tool settings
