# GIMP curves tool settings

(time 0)
(channel value)
(curve
    (curve-type smooth)
    (n-points 17)
    (points 34 0.000000 0.000000 -1.000000 -1.000000 -1.000000 -1.000000 -1.000000 -1.000000 -1.000000 -1.000000 -1.000000 -1.000000 -1.000000 -1.000000 -1.000000 -1.000000 -1.000000 -1.000000 -1.000000 -1.000000 -1.000000 -1.000000 -1.000000 -1.000000 -1.000000 -1.000000 0.823171 0.910156 -1.000000 -1.000000 -1.000000 -1.000000 1.000000 1.000000)
    (n-samples 256)
    (samples 256 0.000000 0.004543 0.009086 0.013629 0.018172 0.022715 0.027258 0.031801 0.036343 0.040885 0.045427 0.049969 0.054510 0.059051 0.063591 0.068132 0.072671 0.077211 0.081750 0.086288 0.090826 0.095363 0.099900 0.104436 0.108971 0.113506 0.118040 0.122573 0.127105 0.131637 0.136168 0.140698 0.145227 0.149755 0.154283 0.158809 0.163335 0.167859 0.172382 0.176904 0.181426 0.185946 0.190465 0.194982 0.199499 0.204014 0.208528 0.213041 0.217552 0.222062 0.226570 0.231078 0.235583 0.240088 0.244590 0.249092 0.253591 0.258090 0.262586 0.267081 0.271574 0.276066 0.280555 0.285044 0.289530 0.294014 0.298497 0.302978 0.307457 0.311934 0.316409 0.320882 0.325353 0.329822 0.334289 0.338753 0.343216 0.347677 0.352135 0.356591 0.361045 0.365497 0.369947 0.374394 0.378839 0.383281 0.387721 0.392159 0.396594 0.401027 0.405457 0.409884 0.414309 0.418732 0.423152 0.427569 0.431983 0.436395 0.440804 0.445210 0.449614 0.454015 0.458412 0.462807 0.467199 0.471589 0.475975 0.480358 0.484738 0.489115 0.493489 0.497860 0.502228 0.506592 0.510954 0.515312 0.519667 0.524019 0.528367 0.532712 0.537054 0.541392 0.545727 0.550059 0.554387 0.558711 0.563032 0.567349 0.571663 0.575973 0.580280 0.584583 0.588882 0.593178 0.597469 0.601757 0.606041 0.610322 0.614598 0.618871 0.623139 0.627404 0.631665 0.635922 0.640174 0.644423 0.648667 0.652908 0.657144 0.661376 0.665604 0.669827 0.674047 0.678262 0.682473 0.686679 0.690881 0.695079 0.699272 0.703461 0.707645 0.711825 0.716000 0.720171 0.724337 0.728498 0.732655 0.736807 0.740954 0.745097 0.749235 0.753368 0.757496 0.761619 0.765738 0.769851 0.773960 0.778064 0.782162 0.786256 0.790345 0.794428 0.798507 0.802580 0.806648 0.810711 0.814769 0.818821 0.822869 0.826910 0.830947 0.834978 0.839004 0.843024 0.847039 0.851049 0.855053 0.859051 0.863044 0.867031 0.871013 0.874989 0.878959 0.882924 0.886883 0.890836 0.894784 0.898725 0.902661 0.906591 0.910156 0.914014 0.917746 0.921356 0.924846 0.928219 0.931478 0.934625 0.937665 0.940598 0.943429 0.946160 0.948794 0.951334 0.953782 0.956142 0.958416 0.960608 0.962719 0.964754 0.966714 0.968602 0.970423 0.972177 0.973868 0.975500 0.977074 0.978594 0.980063 0.981482 0.982856 0.984188 0.985478 0.986732 0.987951 0.989139 0.990298 0.991431 0.992541 0.993631 0.994704 0.995762 0.996808 0.997846 0.998877 1.000000))
(time 0)
(channel red)
(curve
    (curve-type smooth)
    (n-points 17)
    (points 34 0.000000 0.000000 -1.000000 -1.000000 -1.000000 -1.000000 0.210366 0.175781 -1.000000 -1.000000 -1.000000 -1.000000 -1.000000 -1.000000 -1.000000 -1.000000 -1.000000 -1.000000 -1.000000 -1.000000 -1.000000 -1.000000 -1.000000 -1.000000 -1.000000 -1.000000 0.795732 0.839844 -1.000000 -1.000000 -1.000000 -1.000000 1.000000 1.000000)
    (n-samples 256)
    (samples 256 0.000000 0.002846 0.005693 0.008541 0.011393 0.014248 0.017107 0.019972 0.022843 0.025721 0.028608 0.031503 0.034408 0.037324 0.040252 0.043193 0.046146 0.049115 0.052098 0.055098 0.058114 0.061149 0.064203 0.067276 0.070370 0.073486 0.076624 0.079785 0.082971 0.086182 0.089418 0.092682 0.095974 0.099295 0.102645 0.106026 0.109438 0.112882 0.116360 0.119872 0.123419 0.127002 0.130622 0.134279 0.137975 0.141711 0.145487 0.149305 0.153165 0.157068 0.161015 0.165006 0.169044 0.173129 0.175781 0.179927 0.184085 0.188256 0.192440 0.196636 0.200844 0.205064 0.209296 0.213539 0.217794 0.222061 0.226338 0.230626 0.234925 0.239235 0.243555 0.247885 0.252225 0.256575 0.260935 0.265304 0.269682 0.274070 0.278466 0.282872 0.287286 0.291708 0.296138 0.300577 0.305023 0.309477 0.313939 0.318408 0.322884 0.327367 0.331857 0.336354 0.340856 0.345366 0.349881 0.354402 0.358929 0.363461 0.367999 0.372542 0.377090 0.381643 0.386200 0.390762 0.395328 0.399899 0.404473 0.409051 0.413633 0.418217 0.422806 0.427397 0.431991 0.436588 0.441187 0.445788 0.450392 0.454998 0.459605 0.464214 0.468824 0.473436 0.478049 0.482662 0.487277 0.491891 0.496507 0.501122 0.505737 0.510352 0.514967 0.519581 0.524195 0.528808 0.533419 0.538029 0.542638 0.547245 0.551850 0.556454 0.561055 0.565654 0.570250 0.574844 0.579435 0.584022 0.588607 0.593188 0.597765 0.602339 0.606909 0.611474 0.616036 0.620592 0.625144 0.629692 0.634234 0.638771 0.643303 0.647829 0.652349 0.656863 0.661372 0.665874 0.670369 0.674858 0.679340 0.683815 0.688283 0.692744 0.697197 0.701642 0.706079 0.710509 0.714930 0.719342 0.723746 0.728142 0.732528 0.736905 0.741273 0.745631 0.749980 0.754318 0.758647 0.762966 0.767274 0.771571 0.775858 0.780134 0.784398 0.788652 0.792893 0.797124 0.801342 0.805548 0.809742 0.813924 0.818093 0.822250 0.826394 0.830524 0.834641 0.839844 0.843908 0.847915 0.851865 0.855760 0.859601 0.863388 0.867124 0.870809 0.874445 0.878031 0.881571 0.885064 0.888512 0.891916 0.895277 0.898596 0.901875 0.905114 0.908315 0.911479 0.914606 0.917698 0.920757 0.923782 0.926776 0.929740 0.932674 0.935580 0.938459 0.941312 0.944140 0.946944 0.949725 0.952485 0.955225 0.957945 0.960648 0.963333 0.966002 0.968657 0.971298 0.973927 0.976544 0.979151 0.981749 0.984338 0.986922 0.989499 0.992071 0.994641 0.997208 1.000000))
(time 0)
(channel green)
(curve
    (curve-type smooth)
    (n-points 17)
    (points 34 0.000000 0.000000 -1.000000 -1.000000 -1.000000 -1.000000 -1.000000 -1.000000 -1.000000 -1.000000 -1.000000 -1.000000 -1.000000 -1.000000 0.466463 0.527344 -1.000000 -1.000000 -1.000000 -1.000000 -1.000000 -1.000000 -1.000000 -1.000000 -1.000000 -1.000000 -1.000000 -1.000000 -1.000000 -1.000000 -1.000000 -1.000000 1.000000 1.000000)
    (n-samples 256)
    (samples 256 0.000000 0.004689 0.009378 0.014067 0.018756 0.023444 0.028132 0.032819 0.037505 0.042191 0.046875 0.051558 0.056240 0.060921 0.065601 0.070278 0.074955 0.079629 0.084302 0.088973 0.093641 0.098308 0.102972 0.107634 0.112293 0.116950 0.121604 0.126255 0.130903 0.135549 0.140191 0.144830 0.149465 0.154097 0.158725 0.163350 0.167971 0.172588 0.177201 0.181810 0.186415 0.191015 0.195611 0.200202 0.204789 0.209370 0.213947 0.218519 0.223086 0.227648 0.232204 0.236755 0.241300 0.245840 0.250374 0.254902 0.259425 0.263941 0.268450 0.272954 0.277451 0.281942 0.286426 0.290903 0.295374 0.299837 0.304294 0.308743 0.313185 0.317620 0.322047 0.326467 0.330879 0.335283 0.339679 0.344067 0.348447 0.352819 0.357182 0.361537 0.365883 0.370221 0.374550 0.378870 0.383181 0.387483 0.391775 0.396059 0.400333 0.404597 0.408852 0.413096 0.417331 0.421556 0.425771 0.429976 0.434171 0.438355 0.442528 0.446691 0.450843 0.454984 0.459114 0.463234 0.467342 0.471438 0.475524 0.479598 0.483660 0.487710 0.491749 0.495776 0.499790 0.503793 0.507783 0.511761 0.515727 0.519680 0.523620 0.527344 0.531260 0.535167 0.539064 0.542952 0.546830 0.550698 0.554557 0.558407 0.562247 0.566078 0.569900 0.573713 0.577517 0.581312 0.585098 0.588875 0.592644 0.596404 0.600155 0.603898 0.607633 0.611359 0.615077 0.618787 0.622488 0.626182 0.629867 0.633545 0.637215 0.640877 0.644531 0.648178 0.651817 0.655449 0.659073 0.662690 0.666300 0.669903 0.673498 0.677086 0.680668 0.684242 0.687810 0.691371 0.694925 0.698473 0.702014 0.705549 0.709077 0.712599 0.716115 0.719625 0.723128 0.726626 0.730117 0.733603 0.737083 0.740557 0.744025 0.747488 0.750945 0.754397 0.757844 0.761285 0.764721 0.768152 0.771578 0.774998 0.778414 0.781825 0.785231 0.788633 0.792030 0.795422 0.798810 0.802193 0.805572 0.808946 0.812317 0.815683 0.819046 0.822404 0.825758 0.829109 0.832455 0.835798 0.839138 0.842474 0.845806 0.849135 0.852461 0.855783 0.859102 0.862418 0.865731 0.869041 0.872348 0.875652 0.878954 0.882253 0.885549 0.888842 0.892134 0.895422 0.898709 0.901993 0.905275 0.908555 0.911833 0.915109 0.918383 0.921655 0.924925 0.928194 0.931461 0.934727 0.937991 0.941254 0.944516 0.947776 0.951035 0.954293 0.957550 0.960806 0.964061 0.967316 0.970569 0.973822 0.977075 0.980327 0.983578 0.986829 0.990080 0.993331 0.996581 1.000000))
(time 0)
(channel blue)
(curve
    (curve-type smooth)
    (n-points 17)
    (points 34 -1.000000 -1.000000 0.057927 0.011719 -1.000000 -1.000000 0.173780 0.179688 -1.000000 -1.000000 -1.000000 -1.000000 -1.000000 -1.000000 -1.000000 -1.000000 -1.000000 -1.000000 -1.000000 -1.000000 -1.000000 -1.000000 -1.000000 -1.000000 -1.000000 -1.000000 0.832317 0.816406 -1.000000 -1.000000 0.929878 1.000000 -1.000000 -1.000000)
    (n-samples 256)
    (samples 256 0.011719 0.011719 0.011719 0.011719 0.011719 0.011719 0.011719 0.011719 0.011719 0.011719 0.011719 0.011719 0.011719 0.011719 0.011719 0.011719 0.018209 0.024693 0.031167 0.037623 0.044058 0.050465 0.056839 0.063174 0.069465 0.075705 0.081891 0.088016 0.094074 0.100060 0.105969 0.111794 0.117532 0.123175 0.128718 0.134156 0.139483 0.144695 0.149784 0.154746 0.159575 0.164266 0.168813 0.173210 0.179688 0.183756 0.187813 0.191858 0.195891 0.199912 0.203922 0.207921 0.211909 0.215885 0.219851 0.223806 0.227750 0.231684 0.235608 0.239522 0.243426 0.247320 0.251205 0.255080 0.258946 0.262803 0.266651 0.270491 0.274321 0.278144 0.281958 0.285763 0.289561 0.293351 0.297133 0.300908 0.304676 0.308436 0.312189 0.315936 0.319675 0.323409 0.327135 0.330856 0.334570 0.338279 0.341982 0.345679 0.349371 0.353057 0.356739 0.360415 0.364087 0.367754 0.371416 0.375074 0.378728 0.382378 0.386025 0.389667 0.393306 0.396942 0.400574 0.404203 0.407830 0.411453 0.415074 0.418693 0.422310 0.425924 0.429536 0.433147 0.436756 0.440363 0.443970 0.447575 0.451179 0.454782 0.458385 0.461987 0.465588 0.469190 0.472791 0.476393 0.479995 0.483597 0.487200 0.490804 0.494408 0.498014 0.501621 0.505229 0.508839 0.512450 0.516064 0.519679 0.523297 0.526917 0.530539 0.534165 0.537793 0.541424 0.545058 0.548695 0.552336 0.555980 0.559629 0.563281 0.566937 0.570598 0.574262 0.577932 0.581606 0.585285 0.588969 0.592659 0.596354 0.600054 0.603760 0.607472 0.611189 0.614913 0.618643 0.622380 0.626124 0.629874 0.633631 0.637395 0.641166 0.644945 0.648732 0.652526 0.656328 0.660138 0.663957 0.667784 0.671619 0.675463 0.679316 0.683178 0.687049 0.690929 0.694819 0.698719 0.702628 0.706547 0.710477 0.714417 0.718367 0.722328 0.726299 0.730282 0.734275 0.738280 0.742296 0.746324 0.750363 0.754415 0.758478 0.762554 0.766642 0.770742 0.774855 0.778981 0.783120 0.787272 0.791437 0.795616 0.799809 0.804015 0.808235 0.812469 0.816406 0.820847 0.825649 0.830798 0.836278 0.842074 0.848172 0.854556 0.861210 0.868120 0.875270 0.882646 0.890233 0.898014 0.905975 0.914101 0.922376 0.930786 0.939316 0.947949 0.956672 0.965469 0.974324 0.983223 0.992150 1.000000 1.000000 1.000000 1.000000 1.000000 1.000000 1.000000 1.000000 1.000000 1.000000 1.000000 1.000000 1.000000 1.000000 1.000000 1.000000 1.000000 1.000000 1.000000))
(time 0)
(channel alpha)
(curve
    (curve-type smooth)
    (n-points 17)
    (points 34 0.000000 0.000000 -1.000000 -1.000000 -1.000000 -1.000000 -1.000000 -1.000000 -1.000000 -1.000000 -1.000000 -1.000000 -1.000000 -1.000000 -1.000000 -1.000000 -1.000000 -1.000000 -1.000000 -1.000000 -1.000000 -1.000000 -1.000000 -1.000000 -1.000000 -1.000000 -1.000000 -1.000000 -1.000000 -1.000000 -1.000000 -1.000000 1.000000 1.000000)
    (n-samples 256)
    (samples 256 0.000000 0.003922 0.007843 0.011765 0.015686 0.019608 0.023529 0.027451 0.031373 0.035294 0.039216 0.043137 0.047059 0.050980 0.054902 0.058824 0.062745 0.066667 0.070588 0.074510 0.078431 0.082353 0.086275 0.090196 0.094118 0.098039 0.101961 0.105882 0.109804 0.113725 0.117647 0.121569 0.125490 0.129412 0.133333 0.137255 0.141176 0.145098 0.149020 0.152941 0.156863 0.160784 0.164706 0.168627 0.172549 0.176471 0.180392 0.184314 0.188235 0.192157 0.196078 0.200000 0.203922 0.207843 0.211765 0.215686 0.219608 0.223529 0.227451 0.231373 0.235294 0.239216 0.243137 0.247059 0.250980 0.254902 0.258824 0.262745 0.266667 0.270588 0.274510 0.278431 0.282353 0.286275 0.290196 0.294118 0.298039 0.301961 0.305882 0.309804 0.313725 0.317647 0.321569 0.325490 0.329412 0.333333 0.337255 0.341176 0.345098 0.349020 0.352941 0.356863 0.360784 0.364706 0.368627 0.372549 0.376471 0.380392 0.384314 0.388235 0.392157 0.396078 0.400000 0.403922 0.407843 0.411765 0.415686 0.419608 0.423529 0.427451 0.431373 0.435294 0.439216 0.443137 0.447059 0.450980 0.454902 0.458824 0.462745 0.466667 0.470588 0.474510 0.478431 0.482353 0.486275 0.490196 0.494118 0.498039 0.501961 0.505882 0.509804 0.513725 0.517647 0.521569 0.525490 0.529412 0.533333 0.537255 0.541176 0.545098 0.549020 0.552941 0.556863 0.560784 0.564706 0.568627 0.572549 0.576471 0.580392 0.584314 0.588235 0.592157 0.596078 0.600000 0.603922 0.607843 0.611765 0.615686 0.619608 0.623529 0.627451 0.631373 0.635294 0.639216 0.643137 0.647059 0.650980 0.654902 0.658824 0.662745 0.666667 0.670588 0.674510 0.678431 0.682353 0.686275 0.690196 0.694118 0.698039 0.701961 0.705882 0.709804 0.713725 0.717647 0.721569 0.725490 0.729412 0.733333 0.737255 0.741176 0.745098 0.749020 0.752941 0.756863 0.760784 0.764706 0.768627 0.772549 0.776471 0.780392 0.784314 0.788235 0.792157 0.796078 0.800000 0.803922 0.807843 0.811765 0.815686 0.819608 0.823529 0.827451 0.831373 0.835294 0.839216 0.843137 0.847059 0.850980 0.854902 0.858824 0.862745 0.866667 0.870588 0.874510 0.878431 0.882353 0.886275 0.890196 0.894118 0.898039 0.901961 0.905882 0.909804 0.913725 0.917647 0.921569 0.925490 0.929412 0.933333 0.937255 0.941176 0.945098 0.949020 0.952941 0.956863 0.960784 0.964706 0.968627 0.972549 0.976471 0.980392 0.984314 0.988235 0.992157 0.996078 1.000000))

# end of curves tool settings
