# GIMP curves tool settings

(time 0)
(channel value)
(curve
    (curve-type smooth)
    (n-points 17)
    (points 34 0.000000 0.000000 -1.000000 -1.000000 -1.000000 -1.000000 0.207317 0.125475 -1.000000 -1.000000 -1.000000 -1.000000 -1.000000 -1.000000 -1.000000 -1.000000 -1.000000 -1.000000 -1.000000 -1.000000 -1.000000 -1.000000 0.716463 0.764259 -1.000000 -1.000000 -1.000000 -1.000000 -1.000000 -1.000000 -1.000000 -1.000000 1.000000 1.000000)
    (n-samples 256)
    (samples 256 0.000000 0.001469 0.002940 0.004415 0.005895 0.007384 0.008882 0.010391 0.011915 0.013454 0.015010 0.016586 0.018183 0.019803 0.021449 0.023122 0.024824 0.026557 0.028323 0.030124 0.031962 0.033839 0.035757 0.037717 0.039722 0.041774 0.043874 0.046025 0.048228 0.050486 0.052800 0.055172 0.057605 0.060099 0.062658 0.065283 0.067976 0.070738 0.073573 0.076481 0.079465 0.082527 0.085669 0.088892 0.092198 0.095590 0.099070 0.102639 0.106299 0.110052 0.113901 0.117847 0.121892 0.125475 0.129674 0.133905 0.138166 0.142458 0.146779 0.151131 0.155511 0.159919 0.164356 0.168820 0.173312 0.177830 0.182374 0.186944 0.191539 0.196159 0.200803 0.205471 0.210163 0.214877 0.219613 0.224372 0.229151 0.233952 0.238774 0.243615 0.248476 0.253356 0.258254 0.263171 0.268105 0.273056 0.278024 0.283009 0.288009 0.293024 0.298054 0.303098 0.308157 0.313228 0.318313 0.323410 0.328519 0.333639 0.338771 0.343913 0.349065 0.354226 0.359397 0.364576 0.369764 0.374959 0.380162 0.385371 0.390586 0.395808 0.401034 0.406266 0.411502 0.416741 0.421984 0.427231 0.432479 0.437730 0.442982 0.448235 0.453489 0.458743 0.463997 0.469249 0.474501 0.479750 0.484998 0.490243 0.495484 0.500722 0.505956 0.511185 0.516409 0.521627 0.526839 0.532045 0.537244 0.542435 0.547619 0.552794 0.557960 0.563117 0.568264 0.573401 0.578527 0.583641 0.588744 0.593835 0.598913 0.603978 0.609029 0.614066 0.619089 0.624097 0.629089 0.634065 0.639025 0.643967 0.648893 0.653800 0.658689 0.663559 0.668410 0.673242 0.678053 0.682843 0.687612 0.692359 0.697084 0.701787 0.706467 0.711122 0.715754 0.720362 0.724944 0.729501 0.734032 0.738537 0.743015 0.747465 0.751888 0.756282 0.760647 0.764259 0.768563 0.772824 0.777042 0.781217 0.785351 0.789443 0.793495 0.797507 0.801480 0.805414 0.809309 0.813168 0.816989 0.820774 0.824524 0.828238 0.831918 0.835564 0.839177 0.842758 0.846306 0.849823 0.853309 0.856765 0.860192 0.863589 0.866958 0.870300 0.873614 0.876902 0.880164 0.883401 0.886613 0.889801 0.892966 0.896108 0.899227 0.902325 0.905402 0.908459 0.911496 0.914514 0.917513 0.920494 0.923458 0.926405 0.929337 0.932252 0.935153 0.938040 0.940913 0.943773 0.946620 0.949456 0.952280 0.955094 0.957898 0.960693 0.963479 0.966256 0.969027 0.971790 0.974547 0.977298 0.980044 0.982786 0.985524 0.988258 0.990990 0.993720 0.996449 1.000000))
(time 0)
(channel red)
(curve
    (curve-type smooth)
    (n-points 17)
    (points 34 0.000000 0.000000 -1.000000 -1.000000 -1.000000 -1.000000 0.213415 0.114068 -1.000000 -1.000000 -1.000000 -1.000000 0.387195 0.387833 -1.000000 -1.000000 -1.000000 -1.000000 0.588415 0.646388 -1.000000 -1.000000 -1.000000 -1.000000 -1.000000 -1.000000 -1.000000 -1.000000 0.856707 0.840304 -1.000000 -1.000000 1.000000 0.840304)
    (n-samples 256)
    (samples 256 0.000000 0.001180 0.002363 0.003549 0.004740 0.005939 0.007147 0.008366 0.009599 0.010846 0.012110 0.013392 0.014695 0.016020 0.017369 0.018745 0.020148 0.021581 0.023045 0.024543 0.026075 0.027646 0.029255 0.030904 0.032597 0.034334 0.036118 0.037949 0.039831 0.041765 0.043752 0.045796 0.047897 0.050057 0.052278 0.054563 0.056912 0.059328 0.061813 0.064369 0.066997 0.069699 0.072477 0.075333 0.078269 0.081286 0.084387 0.087574 0.090847 0.094210 0.097664 0.101210 0.104851 0.108589 0.114068 0.118110 0.122374 0.126851 0.131533 0.136410 0.141474 0.146716 0.152128 0.157700 0.163425 0.169292 0.175295 0.181423 0.187668 0.194021 0.200474 0.207017 0.213643 0.220342 0.227106 0.233925 0.240791 0.247696 0.254631 0.261586 0.268554 0.275524 0.282490 0.289441 0.296370 0.303267 0.310124 0.316931 0.323681 0.330364 0.336972 0.343496 0.349927 0.356257 0.362476 0.368577 0.374550 0.380386 0.386077 0.387833 0.393403 0.398980 0.404561 0.410146 0.415731 0.421316 0.426900 0.432479 0.438053 0.443620 0.449178 0.454726 0.460262 0.465784 0.471291 0.476781 0.482252 0.487702 0.493131 0.498535 0.503915 0.509267 0.514591 0.519884 0.525145 0.530372 0.535564 0.540719 0.545835 0.550910 0.555944 0.560934 0.565878 0.570776 0.575624 0.580422 0.585168 0.589861 0.594497 0.599077 0.603598 0.608059 0.612457 0.616792 0.621061 0.625263 0.629397 0.633459 0.637450 0.641367 0.646388 0.650154 0.653893 0.657607 0.661293 0.664953 0.668586 0.672193 0.675773 0.679326 0.682852 0.686351 0.689823 0.693268 0.696686 0.700077 0.703441 0.706777 0.710086 0.713368 0.716622 0.719849 0.723049 0.726220 0.729364 0.732481 0.735570 0.738631 0.741664 0.744669 0.747646 0.750595 0.753516 0.756410 0.759274 0.762111 0.764919 0.767699 0.770451 0.773174 0.775869 0.778535 0.781173 0.783782 0.786362 0.788914 0.791436 0.793930 0.796395 0.798831 0.801238 0.803615 0.805964 0.808283 0.810574 0.812835 0.815066 0.817268 0.819441 0.821584 0.823698 0.825782 0.827836 0.829861 0.831855 0.833820 0.835755 0.837660 0.840304 0.842077 0.843702 0.845183 0.846525 0.847733 0.848809 0.849758 0.850585 0.851294 0.851888 0.852371 0.852749 0.853025 0.853203 0.853288 0.853283 0.853193 0.853022 0.852774 0.852453 0.852063 0.851609 0.851095 0.850524 0.849901 0.849231 0.848516 0.847762 0.846973 0.846152 0.845304 0.844433 0.843543 0.842639 0.841724 0.840803 0.840304))
(time 0)
(channel green)
(curve
    (curve-type smooth)
    (n-points 17)
    (points 34 0.000000 0.000000 -1.000000 -1.000000 -1.000000 -1.000000 -1.000000 -1.000000 -1.000000 -1.000000 -1.000000 -1.000000 -1.000000 -1.000000 -1.000000 -1.000000 0.481707 0.517110 -1.000000 -1.000000 0.634146 0.596958 -1.000000 -1.000000 -1.000000 -1.000000 -1.000000 -1.000000 -1.000000 -1.000000 -1.000000 -1.000000 1.000000 1.000000)
    (n-samples 256)
    (samples 256 0.000000 0.004469 0.008938 0.013406 0.017874 0.022342 0.026810 0.031276 0.035742 0.040207 0.044672 0.049135 0.053597 0.058058 0.062517 0.066975 0.071432 0.075887 0.080340 0.084791 0.089240 0.093687 0.098132 0.102575 0.107016 0.111454 0.115889 0.120322 0.124752 0.129179 0.133603 0.138024 0.142441 0.146856 0.151267 0.155674 0.160078 0.164479 0.168875 0.173268 0.177656 0.182040 0.186421 0.190796 0.195168 0.199535 0.203897 0.208254 0.212607 0.216955 0.221297 0.225635 0.229967 0.234294 0.238615 0.242931 0.247241 0.251546 0.255844 0.260137 0.264424 0.268704 0.272978 0.277246 0.281507 0.285761 0.290009 0.294250 0.298484 0.302711 0.306932 0.311144 0.315350 0.319548 0.323739 0.327921 0.332097 0.336264 0.340424 0.344575 0.348718 0.352853 0.356980 0.361098 0.365208 0.369309 0.373401 0.377485 0.381559 0.385625 0.389681 0.393728 0.397765 0.401793 0.405812 0.409821 0.413820 0.417809 0.421788 0.425757 0.429716 0.433665 0.437603 0.441530 0.445448 0.449354 0.453249 0.457134 0.461007 0.464870 0.468721 0.472561 0.476389 0.480206 0.484012 0.487805 0.491587 0.495356 0.499114 0.502860 0.506593 0.510314 0.514022 0.517110 0.520679 0.524009 0.527114 0.530007 0.532701 0.535208 0.537542 0.539714 0.541739 0.543629 0.545396 0.547054 0.548615 0.550093 0.551500 0.552848 0.554152 0.555423 0.556675 0.557921 0.559172 0.560443 0.561746 0.563093 0.564499 0.565975 0.567534 0.569189 0.570954 0.572840 0.574862 0.577031 0.579360 0.581863 0.584552 0.587440 0.590541 0.593866 0.596958 0.600623 0.604308 0.608015 0.611742 0.615490 0.619258 0.623046 0.626854 0.630682 0.634528 0.638395 0.642280 0.646183 0.650105 0.654046 0.658004 0.661980 0.665973 0.669984 0.674012 0.678057 0.682118 0.686196 0.690290 0.694400 0.698525 0.702666 0.706823 0.710994 0.715180 0.719380 0.723595 0.727824 0.732067 0.736323 0.740593 0.744876 0.749172 0.753480 0.757801 0.762135 0.766480 0.770837 0.775206 0.779586 0.783977 0.788379 0.792791 0.797214 0.801647 0.806090 0.810543 0.815005 0.819477 0.823958 0.828447 0.832945 0.837451 0.841965 0.846488 0.851018 0.855555 0.860099 0.864651 0.869209 0.873774 0.878345 0.882922 0.887505 0.892093 0.896687 0.901286 0.905889 0.910498 0.915111 0.919728 0.924349 0.928973 0.933602 0.938233 0.942868 0.947505 0.952145 0.956788 0.961432 0.966079 0.970727 0.975377 0.980027 0.984679 0.989332 0.993985 1.000000))
(time 0)
(channel blue)
(curve
    (curve-type smooth)
    (n-points 17)
    (points 34 0.000000 0.212928 -1.000000 -1.000000 -1.000000 -1.000000 -1.000000 -1.000000 -1.000000 -1.000000 -1.000000 -1.000000 -1.000000 -1.000000 0.466463 0.490494 -1.000000 -1.000000 -1.000000 -1.000000 -1.000000 -1.000000 -1.000000 -1.000000 0.743902 0.779468 -1.000000 -1.000000 -1.000000 -1.000000 -1.000000 -1.000000 1.000000 0.722433)
    (n-samples 256)
    (samples 256 0.212928 0.214935 0.216942 0.218949 0.220957 0.222966 0.224975 0.226984 0.228995 0.231007 0.233021 0.235035 0.237051 0.239069 0.241089 0.243110 0.245134 0.247160 0.249188 0.251219 0.253252 0.255288 0.257327 0.259369 0.261414 0.263463 0.265515 0.267570 0.269630 0.271693 0.273760 0.275831 0.277907 0.279987 0.282072 0.284161 0.286256 0.288355 0.290459 0.292569 0.294684 0.296804 0.298930 0.301062 0.303200 0.305345 0.307495 0.309652 0.311815 0.313985 0.316161 0.318345 0.320535 0.322733 0.324938 0.327151 0.329371 0.331599 0.333835 0.336079 0.338331 0.340592 0.342860 0.345138 0.347424 0.349719 0.352023 0.354336 0.356659 0.358990 0.361332 0.363683 0.366044 0.368415 0.370796 0.373187 0.375589 0.378001 0.380424 0.382857 0.385302 0.387758 0.390224 0.392703 0.395192 0.397694 0.400207 0.402732 0.405269 0.407818 0.410380 0.412954 0.415540 0.418140 0.420752 0.423377 0.426016 0.428668 0.431333 0.434011 0.436704 0.439410 0.442130 0.444865 0.447614 0.450377 0.453154 0.455946 0.458754 0.461576 0.464413 0.467265 0.470133 0.473016 0.475915 0.478830 0.481760 0.484707 0.487670 0.490494 0.493545 0.496721 0.500017 0.503431 0.506957 0.510592 0.514331 0.518171 0.522106 0.526133 0.530248 0.534446 0.538724 0.543077 0.547501 0.551991 0.556545 0.561156 0.565823 0.570539 0.575301 0.580105 0.584947 0.589822 0.594726 0.599656 0.604606 0.609574 0.614554 0.619542 0.624535 0.629528 0.634516 0.639497 0.644465 0.649417 0.654347 0.659253 0.664130 0.668974 0.673780 0.678545 0.683264 0.687933 0.692547 0.697104 0.701598 0.706026 0.710383 0.714665 0.718868 0.722987 0.727019 0.730960 0.734805 0.738550 0.742190 0.745723 0.749143 0.752446 0.755629 0.758686 0.761615 0.764410 0.767068 0.769584 0.771954 0.774174 0.776241 0.778148 0.779468 0.781114 0.782643 0.784057 0.785359 0.786549 0.787630 0.788603 0.789471 0.790234 0.790896 0.791457 0.791920 0.792286 0.792557 0.792736 0.792823 0.792820 0.792730 0.792554 0.792294 0.791952 0.791530 0.791029 0.790452 0.789799 0.789073 0.788277 0.787410 0.786476 0.785476 0.784412 0.783286 0.782100 0.780855 0.779553 0.778196 0.776786 0.775325 0.773814 0.772256 0.770651 0.769003 0.767312 0.765581 0.763811 0.762004 0.760162 0.758288 0.756381 0.754445 0.752482 0.750492 0.748479 0.746443 0.744386 0.742311 0.740219 0.738112 0.735992 0.733860 0.731718 0.729569 0.727414 0.725254 0.722433))
(time 0)
(channel alpha)
(curve
    (curve-type smooth)
    (n-points 17)
    (points 34 0.000000 0.000000 -1.000000 -1.000000 -1.000000 -1.000000 -1.000000 -1.000000 -1.000000 -1.000000 -1.000000 -1.000000 -1.000000 -1.000000 -1.000000 -1.000000 -1.000000 -1.000000 -1.000000 -1.000000 -1.000000 -1.000000 -1.000000 -1.000000 -1.000000 -1.000000 -1.000000 -1.000000 -1.000000 -1.000000 -1.000000 -1.000000 1.000000 1.000000)
    (n-samples 256)
    (samples 256 0.000000 0.003922 0.007843 0.011765 0.015686 0.019608 0.023529 0.027451 0.031373 0.035294 0.039216 0.043137 0.047059 0.050980 0.054902 0.058824 0.062745 0.066667 0.070588 0.074510 0.078431 0.082353 0.086275 0.090196 0.094118 0.098039 0.101961 0.105882 0.109804 0.113725 0.117647 0.121569 0.125490 0.129412 0.133333 0.137255 0.141176 0.145098 0.149020 0.152941 0.156863 0.160784 0.164706 0.168627 0.172549 0.176471 0.180392 0.184314 0.188235 0.192157 0.196078 0.200000 0.203922 0.207843 0.211765 0.215686 0.219608 0.223529 0.227451 0.231373 0.235294 0.239216 0.243137 0.247059 0.250980 0.254902 0.258824 0.262745 0.266667 0.270588 0.274510 0.278431 0.282353 0.286275 0.290196 0.294118 0.298039 0.301961 0.305882 0.309804 0.313725 0.317647 0.321569 0.325490 0.329412 0.333333 0.337255 0.341176 0.345098 0.349020 0.352941 0.356863 0.360784 0.364706 0.368627 0.372549 0.376471 0.380392 0.384314 0.388235 0.392157 0.396078 0.400000 0.403922 0.407843 0.411765 0.415686 0.419608 0.423529 0.427451 0.431373 0.435294 0.439216 0.443137 0.447059 0.450980 0.454902 0.458824 0.462745 0.466667 0.470588 0.474510 0.478431 0.482353 0.486275 0.490196 0.494118 0.498039 0.501961 0.505882 0.509804 0.513725 0.517647 0.521569 0.525490 0.529412 0.533333 0.537255 0.541176 0.545098 0.549020 0.552941 0.556863 0.560784 0.564706 0.568627 0.572549 0.576471 0.580392 0.584314 0.588235 0.592157 0.596078 0.600000 0.603922 0.607843 0.611765 0.615686 0.619608 0.623529 0.627451 0.631373 0.635294 0.639216 0.643137 0.647059 0.650980 0.654902 0.658824 0.662745 0.666667 0.670588 0.674510 0.678431 0.682353 0.686275 0.690196 0.694118 0.698039 0.701961 0.705882 0.709804 0.713725 0.717647 0.721569 0.725490 0.729412 0.733333 0.737255 0.741176 0.745098 0.749020 0.752941 0.756863 0.760784 0.764706 0.768627 0.772549 0.776471 0.780392 0.784314 0.788235 0.792157 0.796078 0.800000 0.803922 0.807843 0.811765 0.815686 0.819608 0.823529 0.827451 0.831373 0.835294 0.839216 0.843137 0.847059 0.850980 0.854902 0.858824 0.862745 0.866667 0.870588 0.874510 0.878431 0.882353 0.886275 0.890196 0.894118 0.898039 0.901961 0.905882 0.909804 0.913725 0.917647 0.921569 0.925490 0.929412 0.933333 0.937255 0.941176 0.945098 0.949020 0.952941 0.956863 0.960784 0.964706 0.968627 0.972549 0.976471 0.980392 0.984314 0.988235 0.992157 0.996078 1.000000))

# end of curves tool settings
