# GIMP curves tool settings

(time 0)
(channel value)
(curve
    (curve-type smooth)
    (n-points 17)
    (points 34 0.000000 0.000000 -1.000000 -1.000000 -1.000000 -1.000000 -1.000000 -1.000000 -1.000000 -1.000000 -1.000000 -1.000000 -1.000000 -1.000000 -1.000000 -1.000000 -1.000000 -1.000000 0.533537 0.488281 -1.000000 -1.000000 -1.000000 -1.000000 -1.000000 -1.000000 -1.000000 -1.000000 -1.000000 -1.000000 -1.000000 -1.000000 1.000000 1.000000)
    (n-samples 256)
    (samples 256 0.000000 0.003423 0.006845 0.010268 0.013691 0.017114 0.020538 0.023961 0.027386 0.030810 0.034235 0.037661 0.041087 0.044514 0.047941 0.051370 0.054799 0.058229 0.061660 0.065091 0.068524 0.071958 0.075393 0.078830 0.082267 0.085706 0.089146 0.092588 0.096031 0.099475 0.102921 0.106369 0.109818 0.113269 0.116722 0.120177 0.123633 0.127092 0.130553 0.134015 0.137480 0.140947 0.144416 0.147887 0.151361 0.154837 0.158315 0.161796 0.165279 0.168765 0.172254 0.175745 0.179240 0.182736 0.186236 0.189739 0.193245 0.196753 0.200265 0.203780 0.207298 0.210819 0.214344 0.217872 0.221403 0.224938 0.228476 0.232018 0.235563 0.239112 0.242665 0.246222 0.249782 0.253347 0.256915 0.260487 0.264063 0.267644 0.271228 0.274817 0.278410 0.282007 0.285609 0.289215 0.292826 0.296441 0.300060 0.303685 0.307314 0.310947 0.314586 0.318229 0.321878 0.325531 0.329189 0.332852 0.336521 0.340195 0.343873 0.347558 0.351247 0.354942 0.358642 0.362348 0.366059 0.369776 0.373499 0.377227 0.380962 0.384702 0.388447 0.392199 0.395957 0.399721 0.403491 0.407267 0.411049 0.414837 0.418632 0.422433 0.426241 0.430055 0.433875 0.437702 0.441536 0.445377 0.449224 0.453078 0.456939 0.460806 0.464681 0.468563 0.472451 0.476347 0.480250 0.484160 0.488281 0.492208 0.496143 0.500089 0.504043 0.508007 0.511980 0.515963 0.519954 0.523954 0.527963 0.531981 0.536008 0.540043 0.544087 0.548139 0.552200 0.556268 0.560346 0.564431 0.568524 0.572626 0.576735 0.580852 0.584977 0.589109 0.593249 0.597397 0.601552 0.605714 0.609883 0.614060 0.618244 0.622435 0.626632 0.630837 0.635048 0.639266 0.643491 0.647722 0.651960 0.656204 0.660454 0.664711 0.668974 0.673242 0.677517 0.681797 0.686084 0.690376 0.694674 0.698977 0.703286 0.707600 0.711919 0.716244 0.720574 0.724909 0.729249 0.733594 0.737943 0.742298 0.746657 0.751021 0.755389 0.759762 0.764139 0.768520 0.772906 0.777295 0.781689 0.786086 0.790488 0.794893 0.799302 0.803715 0.808131 0.812550 0.816973 0.821399 0.825829 0.830262 0.834697 0.839136 0.843578 0.848022 0.852469 0.856919 0.861371 0.865826 0.870283 0.874743 0.879205 0.883669 0.888135 0.892603 0.897073 0.901545 0.906019 0.910494 0.914971 0.919450 0.923930 0.928411 0.932894 0.937378 0.941863 0.946349 0.950836 0.955323 0.959812 0.964301 0.968792 0.973282 0.977773 0.982265 0.986756 0.991248 0.995741 1.000000))
(time 0)
(channel red)
(curve
    (curve-type smooth)
    (n-points 17)
    (points 34 0.000000 0.000000 -1.000000 -1.000000 -1.000000 -1.000000 -1.000000 -1.000000 -1.000000 -1.000000 -1.000000 -1.000000 -1.000000 -1.000000 -1.000000 -1.000000 -1.000000 -1.000000 -1.000000 -1.000000 -1.000000 -1.000000 -1.000000 -1.000000 -1.000000 -1.000000 -1.000000 -1.000000 -1.000000 -1.000000 -1.000000 -1.000000 1.000000 1.000000)
    (n-samples 256)
    (samples 256 0.000000 0.003922 0.007843 0.011765 0.015686 0.019608 0.023529 0.027451 0.031373 0.035294 0.039216 0.043137 0.047059 0.050980 0.054902 0.058824 0.062745 0.066667 0.070588 0.074510 0.078431 0.082353 0.086275 0.090196 0.094118 0.098039 0.101961 0.105882 0.109804 0.113725 0.117647 0.121569 0.125490 0.129412 0.133333 0.137255 0.141176 0.145098 0.149020 0.152941 0.156863 0.160784 0.164706 0.168627 0.172549 0.176471 0.180392 0.184314 0.188235 0.192157 0.196078 0.200000 0.203922 0.207843 0.211765 0.215686 0.219608 0.223529 0.227451 0.231373 0.235294 0.239216 0.243137 0.247059 0.250980 0.254902 0.258824 0.262745 0.266667 0.270588 0.274510 0.278431 0.282353 0.286275 0.290196 0.294118 0.298039 0.301961 0.305882 0.309804 0.313725 0.317647 0.321569 0.325490 0.329412 0.333333 0.337255 0.341176 0.345098 0.349020 0.352941 0.356863 0.360784 0.364706 0.368627 0.372549 0.376471 0.380392 0.384314 0.388235 0.392157 0.396078 0.400000 0.403922 0.407843 0.411765 0.415686 0.419608 0.423529 0.427451 0.431373 0.435294 0.439216 0.443137 0.447059 0.450980 0.454902 0.458824 0.462745 0.466667 0.470588 0.474510 0.478431 0.482353 0.486275 0.490196 0.494118 0.498039 0.501961 0.505882 0.509804 0.513725 0.517647 0.521569 0.525490 0.529412 0.533333 0.537255 0.541176 0.545098 0.549020 0.552941 0.556863 0.560784 0.564706 0.568627 0.572549 0.576471 0.580392 0.584314 0.588235 0.592157 0.596078 0.600000 0.603922 0.607843 0.611765 0.615686 0.619608 0.623529 0.627451 0.631373 0.635294 0.639216 0.643137 0.647059 0.650980 0.654902 0.658824 0.662745 0.666667 0.670588 0.674510 0.678431 0.682353 0.686275 0.690196 0.694118 0.698039 0.701961 0.705882 0.709804 0.713725 0.717647 0.721569 0.725490 0.729412 0.733333 0.737255 0.741176 0.745098 0.749020 0.752941 0.756863 0.760784 0.764706 0.768627 0.772549 0.776471 0.780392 0.784314 0.788235 0.792157 0.796078 0.800000 0.803922 0.807843 0.811765 0.815686 0.819608 0.823529 0.827451 0.831373 0.835294 0.839216 0.843137 0.847059 0.850980 0.854902 0.858824 0.862745 0.866667 0.870588 0.874510 0.878431 0.882353 0.886275 0.890196 0.894118 0.898039 0.901961 0.905882 0.909804 0.913725 0.917647 0.921569 0.925490 0.929412 0.933333 0.937255 0.941176 0.945098 0.949020 0.952941 0.956863 0.960784 0.964706 0.968627 0.972549 0.976471 0.980392 0.984314 0.988235 0.992157 0.996078 1.000000))
(time 0)
(channel green)
(curve
    (curve-type smooth)
    (n-points 17)
    (points 34 0.000000 0.000000 -1.000000 -1.000000 -1.000000 -1.000000 -1.000000 -1.000000 -1.000000 -1.000000 -1.000000 -1.000000 -1.000000 -1.000000 -1.000000 -1.000000 0.518293 0.453125 -1.000000 -1.000000 -1.000000 -1.000000 -1.000000 -1.000000 -1.000000 -1.000000 -1.000000 -1.000000 -1.000000 -1.000000 -1.000000 -1.000000 1.000000 1.000000)
    (n-samples 256)
    (samples 256 0.000000 0.003182 0.006364 0.009546 0.012729 0.015912 0.019095 0.022278 0.025463 0.028648 0.031834 0.035020 0.038208 0.041396 0.044586 0.047777 0.050969 0.054162 0.057357 0.060554 0.063752 0.066952 0.070153 0.073357 0.076562 0.079769 0.082979 0.086190 0.089404 0.092621 0.095840 0.099061 0.102285 0.105512 0.108741 0.111973 0.115209 0.118447 0.121689 0.124933 0.128181 0.131433 0.134688 0.137946 0.141208 0.144474 0.147743 0.151017 0.154294 0.157576 0.160862 0.164152 0.167446 0.170745 0.174048 0.177355 0.180668 0.183985 0.187307 0.190634 0.193966 0.197303 0.200645 0.203992 0.207345 0.210703 0.214066 0.217436 0.220811 0.224191 0.227578 0.230970 0.234368 0.237773 0.241184 0.244601 0.248024 0.251454 0.254890 0.258333 0.261782 0.265239 0.268702 0.272172 0.275649 0.279134 0.282625 0.286124 0.289630 0.293144 0.296665 0.300193 0.303730 0.307274 0.310826 0.314386 0.317954 0.321531 0.325115 0.328708 0.332309 0.335919 0.339537 0.343164 0.346799 0.350444 0.354097 0.357759 0.361430 0.365111 0.368800 0.372499 0.376208 0.379926 0.383653 0.387390 0.391137 0.394894 0.398660 0.402437 0.406223 0.410020 0.413827 0.417644 0.421472 0.425310 0.429159 0.433019 0.436889 0.440770 0.444662 0.448565 0.453125 0.457053 0.460994 0.464948 0.468914 0.472893 0.476884 0.480887 0.484903 0.488931 0.492971 0.497023 0.501086 0.505162 0.509249 0.513347 0.517457 0.521578 0.525710 0.529853 0.534007 0.538172 0.542348 0.546534 0.550731 0.554939 0.559156 0.563384 0.567622 0.571870 0.576128 0.580396 0.584673 0.588960 0.593257 0.597562 0.601877 0.606202 0.610535 0.614877 0.619228 0.623588 0.627957 0.632333 0.636719 0.641113 0.645515 0.649925 0.654343 0.658768 0.663202 0.667644 0.672093 0.676549 0.681013 0.685484 0.689962 0.694447 0.698940 0.703439 0.707944 0.712457 0.716976 0.721501 0.726033 0.730571 0.735115 0.739665 0.744221 0.748782 0.753349 0.757922 0.762501 0.767084 0.771673 0.776268 0.780867 0.785471 0.790080 0.794694 0.799312 0.803935 0.808562 0.813193 0.817829 0.822469 0.827113 0.831761 0.836412 0.841067 0.845726 0.850388 0.855054 0.859723 0.864395 0.869070 0.873748 0.878428 0.883112 0.887798 0.892487 0.897178 0.901871 0.906567 0.911264 0.915964 0.920665 0.925369 0.930074 0.934780 0.939488 0.944197 0.948908 0.953620 0.958333 0.963046 0.967761 0.972476 0.977192 0.981908 0.986625 0.991342 0.996059 1.000000))
(time 0)
(channel blue)
(curve
    (curve-type smooth)
    (n-points 17)
    (points 34 0.000000 0.000000 -1.000000 -1.000000 -1.000000 -1.000000 -1.000000 -1.000000 -1.000000 -1.000000 -1.000000 -1.000000 -1.000000 -1.000000 0.414634 0.617188 -1.000000 -1.000000 -1.000000 -1.000000 -1.000000 -1.000000 -1.000000 -1.000000 -1.000000 -1.000000 -1.000000 -1.000000 -1.000000 -1.000000 -1.000000 -1.000000 1.000000 1.000000)
    (n-samples 256)
    (samples 256 0.000000 0.006795 0.013590 0.020383 0.027175 0.033965 0.040752 0.047537 0.054317 0.061094 0.067866 0.074633 0.081394 0.088149 0.094897 0.101638 0.108372 0.115097 0.121813 0.128520 0.135218 0.141905 0.148581 0.155246 0.161899 0.168540 0.175168 0.181783 0.188384 0.194970 0.201541 0.208097 0.214638 0.221161 0.227668 0.234157 0.240628 0.247081 0.253515 0.259929 0.266323 0.272696 0.279049 0.285380 0.291688 0.297974 0.304237 0.310477 0.316692 0.322882 0.329048 0.335187 0.341301 0.347387 0.353447 0.359478 0.365482 0.371456 0.377402 0.383317 0.389202 0.395057 0.400879 0.406671 0.412429 0.418155 0.423847 0.429506 0.435130 0.440719 0.446272 0.451790 0.457271 0.462715 0.468121 0.473490 0.478820 0.484111 0.489362 0.494573 0.499743 0.504873 0.509961 0.515006 0.520009 0.524969 0.529885 0.534757 0.539584 0.544366 0.549102 0.553792 0.558435 0.563031 0.567579 0.572078 0.576529 0.580930 0.585282 0.589583 0.593833 0.598032 0.602179 0.606274 0.610315 0.614304 0.617188 0.621095 0.624976 0.628830 0.632658 0.636458 0.640233 0.643981 0.647703 0.651399 0.655070 0.658715 0.662335 0.665930 0.669500 0.673046 0.676566 0.680063 0.683535 0.686983 0.690408 0.693809 0.697186 0.700540 0.703872 0.707180 0.710465 0.713728 0.716969 0.720188 0.723384 0.726559 0.729712 0.732844 0.735954 0.739044 0.742112 0.745160 0.748187 0.751194 0.754181 0.757148 0.760095 0.763023 0.765931 0.768820 0.771689 0.774540 0.777373 0.780186 0.782982 0.785759 0.788518 0.791260 0.793984 0.796690 0.799380 0.802052 0.804707 0.807346 0.809969 0.812575 0.815164 0.817738 0.820296 0.822839 0.825366 0.827878 0.830375 0.832857 0.835324 0.837777 0.840216 0.842640 0.845051 0.847448 0.849831 0.852201 0.854558 0.856901 0.859232 0.861550 0.863856 0.866149 0.868430 0.870700 0.872957 0.875203 0.877438 0.879661 0.881874 0.884076 0.886267 0.888447 0.890617 0.892777 0.894928 0.897068 0.899199 0.901321 0.903433 0.905536 0.907631 0.909717 0.911794 0.913864 0.915925 0.917978 0.920023 0.922061 0.924092 0.926115 0.928132 0.930141 0.932144 0.934141 0.936131 0.938115 0.940094 0.942066 0.944033 0.945995 0.947952 0.949903 0.951850 0.953792 0.955730 0.957663 0.959593 0.961518 0.963440 0.965358 0.967273 0.969185 0.971094 0.973000 0.974903 0.976804 0.978703 0.980600 0.982495 0.984388 0.986280 0.988170 0.990059 0.991947 0.993835 0.995721 0.997608 1.000000))
(time 0)
(channel alpha)
(curve
    (curve-type smooth)
    (n-points 17)
    (points 34 0.000000 0.000000 -1.000000 -1.000000 -1.000000 -1.000000 -1.000000 -1.000000 -1.000000 -1.000000 -1.000000 -1.000000 -1.000000 -1.000000 -1.000000 -1.000000 -1.000000 -1.000000 -1.000000 -1.000000 -1.000000 -1.000000 -1.000000 -1.000000 -1.000000 -1.000000 -1.000000 -1.000000 -1.000000 -1.000000 -1.000000 -1.000000 1.000000 1.000000)
    (n-samples 256)
    (samples 256 0.000000 0.003922 0.007843 0.011765 0.015686 0.019608 0.023529 0.027451 0.031373 0.035294 0.039216 0.043137 0.047059 0.050980 0.054902 0.058824 0.062745 0.066667 0.070588 0.074510 0.078431 0.082353 0.086275 0.090196 0.094118 0.098039 0.101961 0.105882 0.109804 0.113725 0.117647 0.121569 0.125490 0.129412 0.133333 0.137255 0.141176 0.145098 0.149020 0.152941 0.156863 0.160784 0.164706 0.168627 0.172549 0.176471 0.180392 0.184314 0.188235 0.192157 0.196078 0.200000 0.203922 0.207843 0.211765 0.215686 0.219608 0.223529 0.227451 0.231373 0.235294 0.239216 0.243137 0.247059 0.250980 0.254902 0.258824 0.262745 0.266667 0.270588 0.274510 0.278431 0.282353 0.286275 0.290196 0.294118 0.298039 0.301961 0.305882 0.309804 0.313725 0.317647 0.321569 0.325490 0.329412 0.333333 0.337255 0.341176 0.345098 0.349020 0.352941 0.356863 0.360784 0.364706 0.368627 0.372549 0.376471 0.380392 0.384314 0.388235 0.392157 0.396078 0.400000 0.403922 0.407843 0.411765 0.415686 0.419608 0.423529 0.427451 0.431373 0.435294 0.439216 0.443137 0.447059 0.450980 0.454902 0.458824 0.462745 0.466667 0.470588 0.474510 0.478431 0.482353 0.486275 0.490196 0.494118 0.498039 0.501961 0.505882 0.509804 0.513725 0.517647 0.521569 0.525490 0.529412 0.533333 0.537255 0.541176 0.545098 0.549020 0.552941 0.556863 0.560784 0.564706 0.568627 0.572549 0.576471 0.580392 0.584314 0.588235 0.592157 0.596078 0.600000 0.603922 0.607843 0.611765 0.615686 0.619608 0.623529 0.627451 0.631373 0.635294 0.639216 0.643137 0.647059 0.650980 0.654902 0.658824 0.662745 0.666667 0.670588 0.674510 0.678431 0.682353 0.686275 0.690196 0.694118 0.698039 0.701961 0.705882 0.709804 0.713725 0.717647 0.721569 0.725490 0.729412 0.733333 0.737255 0.741176 0.745098 0.749020 0.752941 0.756863 0.760784 0.764706 0.768627 0.772549 0.776471 0.780392 0.784314 0.788235 0.792157 0.796078 0.800000 0.803922 0.807843 0.811765 0.815686 0.819608 0.823529 0.827451 0.831373 0.835294 0.839216 0.843137 0.847059 0.850980 0.854902 0.858824 0.862745 0.866667 0.870588 0.874510 0.878431 0.882353 0.886275 0.890196 0.894118 0.898039 0.901961 0.905882 0.909804 0.913725 0.917647 0.921569 0.925490 0.929412 0.933333 0.937255 0.941176 0.945098 0.949020 0.952941 0.956863 0.960784 0.964706 0.968627 0.972549 0.976471 0.980392 0.984314 0.988235 0.992157 0.996078 1.000000))

# end of curves tool settings
