# GIMP curves tool settings

(time 0)
(channel value)
(curve
    (curve-type smooth)
    (n-points 17)
    (points 34 0.000000 0.030418 -1.000000 -1.000000 -1.000000 -1.000000 -1.000000 -1.000000 -1.000000 -1.000000 0.341463 0.323194 -1.000000 -1.000000 -1.000000 -1.000000 -1.000000 -1.000000 0.567073 0.471483 -1.000000 -1.000000 -1.000000 -1.000000 -1.000000 -1.000000 0.823171 0.840304 0.902439 1.000000 -1.000000 -1.000000 -1.000000 -1.000000)
    (n-samples 256)
    (samples 256 0.030418 0.033937 0.037455 0.040973 0.044491 0.048008 0.051525 0.055041 0.058556 0.062070 0.065583 0.069095 0.072605 0.076114 0.079621 0.083127 0.086630 0.090132 0.093632 0.097129 0.100624 0.104117 0.107607 0.111094 0.114578 0.118060 0.121538 0.125013 0.128485 0.131953 0.135418 0.138879 0.142337 0.145790 0.149239 0.152684 0.156125 0.159561 0.162993 0.166420 0.169842 0.173259 0.176671 0.180078 0.183480 0.186876 0.190266 0.193651 0.197030 0.200404 0.203771 0.207132 0.210487 0.213835 0.217177 0.220512 0.223840 0.227161 0.230475 0.233783 0.237082 0.240375 0.243660 0.246937 0.250206 0.253468 0.256721 0.259967 0.263204 0.266432 0.269652 0.272864 0.276067 0.279260 0.282445 0.285621 0.288787 0.291944 0.295092 0.298230 0.301358 0.304476 0.307584 0.310682 0.313770 0.316847 0.319914 0.323194 0.326200 0.329120 0.331958 0.334718 0.337404 0.340019 0.342568 0.345054 0.347480 0.349851 0.352171 0.354444 0.356672 0.358860 0.361013 0.363132 0.365224 0.367290 0.369336 0.371365 0.373380 0.375386 0.377386 0.379384 0.381384 0.383390 0.385406 0.387435 0.389481 0.391549 0.393641 0.395762 0.397915 0.400105 0.402335 0.404609 0.406930 0.409304 0.411732 0.414220 0.416771 0.419388 0.422077 0.424839 0.427680 0.430604 0.433613 0.436711 0.439904 0.443193 0.446584 0.450080 0.453685 0.457402 0.461236 0.465190 0.469268 0.471483 0.475728 0.480044 0.484430 0.488883 0.493402 0.497988 0.502637 0.507349 0.512123 0.516957 0.521850 0.526801 0.531808 0.536870 0.541987 0.547156 0.552376 0.557647 0.562966 0.568333 0.573746 0.579205 0.584707 0.590251 0.595837 0.601462 0.607127 0.612828 0.618566 0.624338 0.630144 0.635983 0.641852 0.647751 0.653679 0.659633 0.665614 0.671619 0.677648 0.683699 0.689770 0.695861 0.701971 0.708097 0.714239 0.720395 0.726565 0.732747 0.738939 0.745140 0.751350 0.757566 0.763788 0.770014 0.776243 0.782474 0.788706 0.794936 0.801164 0.807389 0.813610 0.819824 0.826031 0.832230 0.840304 0.846610 0.853158 0.859937 0.866933 0.874133 0.881526 0.889099 0.896838 0.904732 0.912767 0.920931 0.929212 0.937596 0.946072 0.954626 0.963246 0.971919 0.980632 0.989374 1.000000 1.000000 1.000000 1.000000 1.000000 1.000000 1.000000 1.000000 1.000000 1.000000 1.000000 1.000000 1.000000 1.000000 1.000000 1.000000 1.000000 1.000000 1.000000 1.000000 1.000000 1.000000 1.000000 1.000000 1.000000 1.000000))
(time 0)
(channel red)
(curve
    (curve-type smooth)
    (n-points 17)
    (points 34 0.000000 0.000000 -1.000000 -1.000000 -1.000000 -1.000000 -1.000000 -1.000000 0.280488 0.106464 -1.000000 -1.000000 -1.000000 -1.000000 -1.000000 -1.000000 -1.000000 -1.000000 -1.000000 -1.000000 0.652439 0.676806 -1.000000 -1.000000 -1.000000 -1.000000 -1.000000 -1.000000 -1.000000 -1.000000 -1.000000 -1.000000 1.000000 1.000000)
    (n-samples 256)
    (samples 256 0.000000 0.000199 0.000399 0.000603 0.000811 0.001025 0.001247 0.001478 0.001719 0.001972 0.002239 0.002522 0.002820 0.003137 0.003474 0.003832 0.004212 0.004617 0.005048 0.005505 0.005992 0.006508 0.007057 0.007638 0.008255 0.008908 0.009598 0.010328 0.011099 0.011912 0.012769 0.013671 0.014621 0.015618 0.016666 0.017765 0.018917 0.020124 0.021386 0.022706 0.024085 0.025524 0.027026 0.028591 0.030221 0.031917 0.033682 0.035516 0.037421 0.039399 0.041451 0.043579 0.045784 0.048067 0.050431 0.052876 0.055405 0.058018 0.060718 0.063505 0.066381 0.069348 0.072408 0.075561 0.078810 0.082155 0.085599 0.089143 0.092787 0.096535 0.100387 0.104345 0.106464 0.110585 0.114809 0.119136 0.123563 0.128088 0.132708 0.137423 0.142229 0.147125 0.152108 0.157177 0.162329 0.167563 0.172876 0.178267 0.183732 0.189271 0.194881 0.200560 0.206306 0.212117 0.217991 0.223926 0.229920 0.235970 0.242075 0.248232 0.254440 0.260696 0.266999 0.273346 0.279736 0.286166 0.292633 0.299137 0.305675 0.312245 0.318845 0.325473 0.332127 0.338804 0.345503 0.352222 0.358958 0.365710 0.372475 0.379252 0.386037 0.392831 0.399629 0.406431 0.413233 0.420035 0.426833 0.433627 0.440413 0.447191 0.453956 0.460709 0.467446 0.474166 0.480866 0.487545 0.494200 0.500829 0.507431 0.514003 0.520542 0.527048 0.533518 0.539950 0.546342 0.552692 0.558997 0.565257 0.571467 0.577628 0.583736 0.589789 0.595786 0.601724 0.607602 0.613416 0.619166 0.624849 0.630463 0.636006 0.641476 0.646871 0.652189 0.657427 0.662584 0.667658 0.676806 0.681656 0.686464 0.691232 0.695960 0.700648 0.705298 0.709909 0.714481 0.719016 0.723514 0.727975 0.732400 0.736789 0.741142 0.745461 0.749745 0.753996 0.758212 0.762396 0.766548 0.770667 0.774755 0.778811 0.782837 0.786833 0.790799 0.794736 0.798644 0.802523 0.806375 0.810199 0.813997 0.817768 0.821513 0.825232 0.828926 0.832596 0.836242 0.839864 0.843463 0.847039 0.850593 0.854125 0.857635 0.861125 0.864595 0.868044 0.871475 0.874886 0.878278 0.881653 0.885010 0.888350 0.891673 0.894980 0.898271 0.901547 0.904809 0.908056 0.911289 0.914509 0.917716 0.920910 0.924092 0.927263 0.930423 0.933573 0.936712 0.939842 0.942962 0.946074 0.949177 0.952273 0.955361 0.958443 0.961518 0.964587 0.967651 0.970710 0.973765 0.976815 0.979862 0.982905 0.985947 0.988985 0.992023 0.995059 0.998094 1.000000))
(time 0)
(channel green)
(curve
    (curve-type smooth)
    (n-points 17)
    (points 34 0.000000 0.000000 -1.000000 -1.000000 -1.000000 -1.000000 -1.000000 -1.000000 -1.000000 -1.000000 0.320122 0.285171 -1.000000 -1.000000 -1.000000 -1.000000 0.518293 0.520913 -1.000000 -1.000000 -1.000000 -1.000000 -1.000000 -1.000000 -1.000000 -1.000000 -1.000000 -1.000000 -1.000000 -1.000000 -1.000000 -1.000000 1.000000 1.000000)
    (n-samples 256)
    (samples 256 0.000000 0.003269 0.006539 0.009809 0.013080 0.016351 0.019624 0.022897 0.026173 0.029449 0.032728 0.036008 0.039291 0.042576 0.045864 0.049155 0.052448 0.055745 0.059046 0.062350 0.065657 0.068969 0.072285 0.075606 0.078931 0.082261 0.085596 0.088936 0.092282 0.095633 0.098990 0.102354 0.105723 0.109099 0.112482 0.115871 0.119268 0.122671 0.126083 0.129501 0.132928 0.136363 0.139806 0.143258 0.146718 0.150187 0.153665 0.157153 0.160650 0.164156 0.167673 0.171199 0.174736 0.178284 0.181842 0.185411 0.188991 0.192582 0.196185 0.199800 0.203426 0.207064 0.210715 0.214379 0.218055 0.221744 0.225446 0.229161 0.232890 0.236633 0.240389 0.244160 0.247945 0.251744 0.255558 0.259388 0.263232 0.267091 0.270966 0.274857 0.278764 0.282687 0.285171 0.289151 0.293207 0.297336 0.301535 0.305800 0.310130 0.314520 0.318968 0.323471 0.328026 0.332630 0.337280 0.341973 0.346706 0.351476 0.356281 0.361116 0.365980 0.370869 0.375780 0.380710 0.385657 0.390617 0.395587 0.400565 0.405547 0.410530 0.415512 0.420490 0.425460 0.430419 0.435365 0.440295 0.445205 0.450092 0.454955 0.459789 0.464592 0.469360 0.474092 0.478783 0.483431 0.488032 0.492585 0.497086 0.501531 0.505918 0.510245 0.514507 0.520913 0.525033 0.529148 0.533258 0.537362 0.541461 0.545555 0.549644 0.553727 0.557806 0.561879 0.565948 0.570011 0.574070 0.578124 0.582172 0.586217 0.590256 0.594291 0.598321 0.602346 0.606367 0.610383 0.614395 0.618403 0.622406 0.626404 0.630399 0.634389 0.638375 0.642357 0.646335 0.650308 0.654278 0.658244 0.662205 0.666163 0.670117 0.674067 0.678014 0.681956 0.685895 0.689831 0.693763 0.697691 0.701616 0.705537 0.709455 0.713369 0.717281 0.721189 0.725093 0.728995 0.732893 0.736789 0.740681 0.744570 0.748457 0.752340 0.756220 0.760098 0.763973 0.767845 0.771715 0.775581 0.779446 0.783307 0.787166 0.791023 0.794877 0.798729 0.802578 0.806426 0.810271 0.814113 0.817954 0.821792 0.825629 0.829463 0.833295 0.837126 0.840954 0.844781 0.848606 0.852429 0.856250 0.860070 0.863888 0.867704 0.871519 0.875333 0.879145 0.882955 0.886764 0.890572 0.894379 0.898184 0.901988 0.905791 0.909593 0.913394 0.917194 0.920993 0.924791 0.928588 0.932384 0.936179 0.939974 0.943768 0.947561 0.951354 0.955146 0.958938 0.962729 0.966520 0.970310 0.974100 0.977890 0.981679 0.985468 0.989257 0.993046 0.996835 1.000000))
(time 0)
(channel blue)
(curve
    (curve-type smooth)
    (n-points 17)
    (points 34 0.000000 0.110266 -1.000000 -1.000000 -1.000000 -1.000000 -1.000000 -1.000000 0.228659 0.152091 -1.000000 -1.000000 -1.000000 -1.000000 -1.000000 -1.000000 -1.000000 -1.000000 -1.000000 -1.000000 -1.000000 -1.000000 -1.000000 -1.000000 0.737805 0.703422 -1.000000 -1.000000 -1.000000 -1.000000 -1.000000 -1.000000 1.000000 0.885932)
    (n-samples 256)
    (samples 256 0.110266 0.109766 0.109268 0.108775 0.108288 0.107809 0.107341 0.106886 0.106446 0.106024 0.105620 0.105239 0.104880 0.104548 0.104243 0.103969 0.103727 0.103519 0.103348 0.103215 0.103124 0.103075 0.103071 0.103115 0.103208 0.103353 0.103551 0.103805 0.104118 0.104490 0.104925 0.105424 0.105990 0.106625 0.107330 0.108109 0.108963 0.109894 0.110905 0.111997 0.113173 0.114435 0.115786 0.117226 0.118759 0.120387 0.122111 0.123934 0.125858 0.127885 0.130018 0.132258 0.134607 0.137068 0.139644 0.142335 0.145144 0.148074 0.152091 0.155265 0.158479 0.161734 0.165029 0.168363 0.171737 0.175148 0.178597 0.182083 0.185605 0.189163 0.192757 0.196386 0.200048 0.203744 0.207474 0.211236 0.215029 0.218854 0.222710 0.226596 0.230512 0.234456 0.238429 0.242430 0.246458 0.250513 0.254595 0.258701 0.262833 0.266990 0.271170 0.275373 0.279599 0.283848 0.288118 0.292409 0.296720 0.301051 0.305402 0.309771 0.314159 0.318564 0.322986 0.327424 0.331879 0.336348 0.340833 0.345331 0.349843 0.354368 0.358906 0.363455 0.368016 0.372587 0.377169 0.381760 0.386360 0.390968 0.395584 0.400208 0.404838 0.409474 0.414116 0.418763 0.423414 0.428070 0.432728 0.437389 0.442052 0.446717 0.451383 0.456049 0.460715 0.465380 0.470044 0.474706 0.479365 0.484022 0.488674 0.493323 0.497967 0.502605 0.507238 0.511864 0.516483 0.521095 0.525698 0.530293 0.534878 0.539453 0.544018 0.548571 0.553113 0.557643 0.562160 0.566664 0.571154 0.575629 0.580090 0.584534 0.588962 0.593374 0.597768 0.602145 0.606502 0.610841 0.615160 0.619459 0.623737 0.627994 0.632228 0.636440 0.640630 0.644795 0.648936 0.653053 0.657144 0.661209 0.665247 0.669259 0.673242 0.677198 0.681124 0.685022 0.688889 0.692726 0.696531 0.700305 0.703422 0.707131 0.710795 0.714416 0.717993 0.721529 0.725023 0.728476 0.731889 0.735263 0.738597 0.741893 0.745152 0.748374 0.751560 0.754710 0.757825 0.760906 0.763954 0.766969 0.769952 0.772903 0.775823 0.778713 0.781574 0.784406 0.787210 0.789986 0.792736 0.795460 0.798158 0.800831 0.803480 0.806106 0.808709 0.811290 0.813850 0.816388 0.818907 0.821407 0.823887 0.826350 0.828795 0.831224 0.833636 0.836033 0.838416 0.840784 0.843139 0.845482 0.847812 0.850131 0.852439 0.854738 0.857027 0.859308 0.861580 0.863845 0.866104 0.868357 0.870604 0.872847 0.875086 0.877321 0.879554 0.881785 0.884015 0.885932))
(time 0)
(channel alpha)
(curve
    (curve-type smooth)
    (n-points 17)
    (points 34 0.000000 0.000000 -1.000000 -1.000000 -1.000000 -1.000000 -1.000000 -1.000000 -1.000000 -1.000000 -1.000000 -1.000000 -1.000000 -1.000000 -1.000000 -1.000000 -1.000000 -1.000000 -1.000000 -1.000000 -1.000000 -1.000000 -1.000000 -1.000000 -1.000000 -1.000000 -1.000000 -1.000000 -1.000000 -1.000000 -1.000000 -1.000000 1.000000 1.000000)
    (n-samples 256)
    (samples 256 0.000000 0.003922 0.007843 0.011765 0.015686 0.019608 0.023529 0.027451 0.031373 0.035294 0.039216 0.043137 0.047059 0.050980 0.054902 0.058824 0.062745 0.066667 0.070588 0.074510 0.078431 0.082353 0.086275 0.090196 0.094118 0.098039 0.101961 0.105882 0.109804 0.113725 0.117647 0.121569 0.125490 0.129412 0.133333 0.137255 0.141176 0.145098 0.149020 0.152941 0.156863 0.160784 0.164706 0.168627 0.172549 0.176471 0.180392 0.184314 0.188235 0.192157 0.196078 0.200000 0.203922 0.207843 0.211765 0.215686 0.219608 0.223529 0.227451 0.231373 0.235294 0.239216 0.243137 0.247059 0.250980 0.254902 0.258824 0.262745 0.266667 0.270588 0.274510 0.278431 0.282353 0.286275 0.290196 0.294118 0.298039 0.301961 0.305882 0.309804 0.313725 0.317647 0.321569 0.325490 0.329412 0.333333 0.337255 0.341176 0.345098 0.349020 0.352941 0.356863 0.360784 0.364706 0.368627 0.372549 0.376471 0.380392 0.384314 0.388235 0.392157 0.396078 0.400000 0.403922 0.407843 0.411765 0.415686 0.419608 0.423529 0.427451 0.431373 0.435294 0.439216 0.443137 0.447059 0.450980 0.454902 0.458824 0.462745 0.466667 0.470588 0.474510 0.478431 0.482353 0.486275 0.490196 0.494118 0.498039 0.501961 0.505882 0.509804 0.513725 0.517647 0.521569 0.525490 0.529412 0.533333 0.537255 0.541176 0.545098 0.549020 0.552941 0.556863 0.560784 0.564706 0.568627 0.572549 0.576471 0.580392 0.584314 0.588235 0.592157 0.596078 0.600000 0.603922 0.607843 0.611765 0.615686 0.619608 0.623529 0.627451 0.631373 0.635294 0.639216 0.643137 0.647059 0.650980 0.654902 0.658824 0.662745 0.666667 0.670588 0.674510 0.678431 0.682353 0.686275 0.690196 0.694118 0.698039 0.701961 0.705882 0.709804 0.713725 0.717647 0.721569 0.725490 0.729412 0.733333 0.737255 0.741176 0.745098 0.749020 0.752941 0.756863 0.760784 0.764706 0.768627 0.772549 0.776471 0.780392 0.784314 0.788235 0.792157 0.796078 0.800000 0.803922 0.807843 0.811765 0.815686 0.819608 0.823529 0.827451 0.831373 0.835294 0.839216 0.843137 0.847059 0.850980 0.854902 0.858824 0.862745 0.866667 0.870588 0.874510 0.878431 0.882353 0.886275 0.890196 0.894118 0.898039 0.901961 0.905882 0.909804 0.913725 0.917647 0.921569 0.925490 0.929412 0.933333 0.937255 0.941176 0.945098 0.949020 0.952941 0.956863 0.960784 0.964706 0.968627 0.972549 0.976471 0.980392 0.984314 0.988235 0.992157 0.996078 1.000000))

# end of curves tool settings
