# GIMP curves tool settings

(time 0)
(channel value)
(curve
    (curve-type smooth)
    (n-points 17)
    (points 34 0.000000 0.000000 -1.000000 -1.000000 -1.000000 -1.000000 0.170732 0.292308 -1.000000 -1.000000 -1.000000 -1.000000 -1.000000 -1.000000 -1.000000 -1.000000 -1.000000 -1.000000 0.576220 0.719231 -1.000000 -1.000000 -1.000000 -1.000000 -1.000000 -1.000000 -1.000000 -1.000000 -1.000000 -1.000000 -1.000000 -1.000000 1.000000 1.000000)
    (n-samples 256)
    (samples 256 0.000000 0.007623 0.015244 0.022858 0.030464 0.038058 0.045638 0.053201 0.060744 0.068263 0.075757 0.083222 0.090655 0.098053 0.105415 0.112736 0.120013 0.127245 0.134427 0.141558 0.148634 0.155653 0.162611 0.169506 0.176334 0.183094 0.189781 0.196394 0.202928 0.209382 0.215753 0.222037 0.228232 0.234335 0.240343 0.246253 0.252062 0.257768 0.263367 0.268857 0.274234 0.279496 0.284640 0.289663 0.292308 0.297195 0.302068 0.306927 0.311771 0.316601 0.321415 0.326216 0.331002 0.335773 0.340530 0.345272 0.349999 0.354712 0.359410 0.364094 0.368763 0.373417 0.378057 0.382682 0.387292 0.391888 0.396469 0.401035 0.405587 0.410124 0.414646 0.419153 0.423646 0.428124 0.432587 0.437035 0.441468 0.445887 0.450291 0.454680 0.459055 0.463414 0.467759 0.472088 0.476403 0.480703 0.484989 0.489259 0.493514 0.497755 0.501980 0.506191 0.510387 0.514568 0.518733 0.522884 0.527020 0.531141 0.535247 0.539338 0.543414 0.547475 0.551521 0.555552 0.559568 0.563569 0.567554 0.571525 0.575481 0.579421 0.583347 0.587257 0.591152 0.595032 0.598897 0.602747 0.606582 0.610401 0.614206 0.617995 0.621769 0.625528 0.629271 0.633000 0.636713 0.640411 0.644093 0.647761 0.651413 0.655050 0.658671 0.662278 0.665869 0.669445 0.673005 0.676550 0.680080 0.683594 0.687093 0.690577 0.694045 0.697498 0.700936 0.704358 0.707765 0.711156 0.714532 0.719231 0.722567 0.725883 0.729178 0.732453 0.735708 0.738944 0.742159 0.745355 0.748532 0.751690 0.754829 0.757950 0.761052 0.764135 0.767201 0.770249 0.773279 0.776291 0.779286 0.782264 0.785225 0.788170 0.791098 0.794009 0.796904 0.799784 0.802647 0.805495 0.808328 0.811145 0.813947 0.816735 0.819508 0.822266 0.825010 0.827741 0.830457 0.833160 0.835849 0.838525 0.841187 0.843837 0.846475 0.849099 0.851712 0.854312 0.856900 0.859477 0.862042 0.864596 0.867138 0.869670 0.872190 0.874701 0.877200 0.879690 0.882170 0.884639 0.887099 0.889550 0.891992 0.894424 0.896848 0.899262 0.901669 0.904067 0.906457 0.908839 0.911214 0.913580 0.915940 0.918293 0.920638 0.922977 0.925309 0.927635 0.929955 0.932269 0.934577 0.936879 0.939176 0.941468 0.943754 0.946036 0.948314 0.950587 0.952855 0.955120 0.957381 0.959638 0.961891 0.964142 0.966389 0.968633 0.970875 0.973114 0.975351 0.977586 0.979818 0.982049 0.984279 0.986507 0.988734 0.990960 0.993185 0.995409 0.997634 1.000000))
(time 0)
(channel red)
(curve
    (curve-type smooth)
    (n-points 17)
    (points 34 0.000000 0.000000 -1.000000 -1.000000 -1.000000 -1.000000 -1.000000 -1.000000 -1.000000 -1.000000 0.338415 0.226923 -1.000000 -1.000000 -1.000000 -1.000000 -1.000000 -1.000000 -1.000000 -1.000000 -1.000000 -1.000000 -1.000000 -1.000000 -1.000000 -1.000000 -1.000000 -1.000000 -1.000000 -1.000000 -1.000000 -1.000000 1.000000 1.000000)
    (n-samples 256)
    (samples 256 0.000000 0.001984 0.003968 0.005953 0.007940 0.009929 0.011920 0.013915 0.015913 0.017916 0.019923 0.021935 0.023953 0.025978 0.028009 0.030047 0.032093 0.034148 0.036211 0.038284 0.040366 0.042459 0.044563 0.046679 0.048806 0.050946 0.053099 0.055265 0.057445 0.059640 0.061850 0.064076 0.066318 0.068577 0.070852 0.073146 0.075457 0.077788 0.080137 0.082507 0.084896 0.087307 0.089738 0.092192 0.094668 0.097167 0.099690 0.102236 0.104807 0.107402 0.110024 0.112671 0.115345 0.118046 0.120774 0.123531 0.126316 0.129130 0.131975 0.134849 0.137754 0.140690 0.143658 0.146658 0.149691 0.152757 0.155857 0.158992 0.162161 0.165366 0.168606 0.171883 0.175197 0.178549 0.181938 0.185366 0.188833 0.192340 0.195887 0.199474 0.203102 0.206772 0.210485 0.214239 0.218038 0.221879 0.226923 0.230851 0.234790 0.238740 0.242703 0.246676 0.250662 0.254658 0.258666 0.262685 0.266715 0.270756 0.274808 0.278871 0.282945 0.287030 0.291125 0.295231 0.299347 0.303474 0.307612 0.311760 0.315918 0.320086 0.324265 0.328453 0.332652 0.336861 0.341079 0.345307 0.349545 0.353793 0.358050 0.362317 0.366593 0.370878 0.375173 0.379477 0.383791 0.388113 0.392444 0.396785 0.401134 0.405492 0.409859 0.414235 0.418619 0.423011 0.427413 0.431822 0.436240 0.440666 0.445101 0.449543 0.453994 0.458453 0.462919 0.467393 0.471876 0.476365 0.480863 0.485368 0.489881 0.494401 0.498928 0.503463 0.508005 0.512554 0.517110 0.521673 0.526243 0.530820 0.535404 0.539994 0.544591 0.549195 0.553805 0.558422 0.563045 0.567675 0.572311 0.576952 0.581600 0.586255 0.590915 0.595580 0.600252 0.604930 0.609613 0.614302 0.618996 0.623696 0.628401 0.633112 0.637828 0.642549 0.647275 0.652006 0.656743 0.661484 0.666230 0.670981 0.675736 0.680496 0.685261 0.690031 0.694804 0.699582 0.704365 0.709151 0.713942 0.718737 0.723536 0.728339 0.733145 0.737956 0.742770 0.747588 0.752410 0.757235 0.762063 0.766895 0.771731 0.776569 0.781411 0.786256 0.791104 0.795954 0.800808 0.805665 0.810524 0.815386 0.820251 0.825118 0.829988 0.834860 0.839734 0.844611 0.849490 0.854371 0.859254 0.864139 0.869026 0.873915 0.878806 0.883699 0.888593 0.893488 0.898386 0.903284 0.908184 0.913086 0.917988 0.922892 0.927797 0.932703 0.937609 0.942517 0.947426 0.952335 0.957245 0.962155 0.967066 0.971978 0.976890 0.981802 0.986715 0.991627 0.996540 1.000000))
(time 0)
(channel green)
(curve
    (curve-type smooth)
    (n-points 17)
    (points 34 0.000000 0.000000 -1.000000 -1.000000 -1.000000 -1.000000 -1.000000 -1.000000 -1.000000 -1.000000 0.295732 0.246154 -1.000000 -1.000000 -1.000000 -1.000000 -1.000000 -1.000000 -1.000000 -1.000000 -1.000000 -1.000000 0.704268 0.761538 -1.000000 -1.000000 -1.000000 -1.000000 -1.000000 -1.000000 -1.000000 -1.000000 1.000000 1.000000)
    (n-samples 256)
    (samples 256 0.000000 0.002776 0.005553 0.008330 0.011109 0.013891 0.016674 0.019461 0.022252 0.025046 0.027846 0.030650 0.033460 0.036276 0.039099 0.041929 0.044767 0.047613 0.050468 0.053332 0.056206 0.059090 0.061985 0.064892 0.067810 0.070741 0.073684 0.076641 0.079612 0.082597 0.085597 0.088612 0.091644 0.094692 0.097757 0.100840 0.103940 0.107059 0.110197 0.113355 0.116533 0.119731 0.122951 0.126192 0.129455 0.132741 0.136050 0.139383 0.142740 0.146122 0.149529 0.152961 0.156420 0.159906 0.163419 0.166960 0.170529 0.174128 0.177755 0.181412 0.185100 0.188818 0.192568 0.196350 0.200165 0.204012 0.207893 0.211808 0.215757 0.219741 0.223761 0.227817 0.231910 0.236039 0.240207 0.246154 0.250415 0.254717 0.259058 0.263439 0.267858 0.272315 0.276808 0.281338 0.285902 0.290501 0.295133 0.299797 0.304494 0.309222 0.313980 0.318767 0.323583 0.328427 0.333298 0.338195 0.343118 0.348065 0.353036 0.358030 0.363046 0.368084 0.373142 0.378220 0.383317 0.388432 0.393564 0.398713 0.403878 0.409058 0.414252 0.419459 0.424679 0.429911 0.435153 0.440406 0.445668 0.450938 0.456216 0.461502 0.466793 0.472089 0.477390 0.482695 0.488002 0.493312 0.498623 0.503934 0.509245 0.514555 0.519863 0.525168 0.530470 0.535767 0.541059 0.546345 0.551625 0.556896 0.562160 0.567414 0.572658 0.577891 0.583113 0.588322 0.593518 0.598700 0.603868 0.609019 0.614154 0.619272 0.624372 0.629453 0.634514 0.639555 0.644575 0.649572 0.654547 0.659498 0.664424 0.669326 0.674201 0.679049 0.683869 0.688661 0.693424 0.698156 0.702857 0.707527 0.712164 0.716768 0.721338 0.725873 0.730372 0.734834 0.739259 0.743646 0.747994 0.752302 0.756569 0.760796 0.761538 0.765716 0.769852 0.773948 0.778005 0.782023 0.786002 0.789944 0.793848 0.797715 0.801546 0.805341 0.809101 0.812827 0.816518 0.820176 0.823801 0.827393 0.830953 0.834482 0.837981 0.841449 0.844887 0.848296 0.851676 0.855029 0.858354 0.861651 0.864923 0.868168 0.871388 0.874584 0.877755 0.880902 0.884026 0.887128 0.890207 0.893265 0.896302 0.899319 0.902315 0.905293 0.908251 0.911191 0.914114 0.917019 0.919908 0.922781 0.925638 0.928480 0.931308 0.934122 0.936923 0.939710 0.942486 0.945250 0.948002 0.950744 0.953476 0.956199 0.958913 0.961618 0.964315 0.967005 0.969688 0.972365 0.975036 0.977702 0.980364 0.983021 0.985675 0.988326 0.990975 0.993622 0.996267 1.000000))
(time 0)
(channel blue)
(curve
    (curve-type smooth)
    (n-points 17)
    (points 34 0.000000 0.145098 -1.000000 -1.000000 -1.000000 -1.000000 -1.000000 -1.000000 0.250000 0.376923 -1.000000 -1.000000 -1.000000 -1.000000 -1.000000 -1.000000 -1.000000 -1.000000 -1.000000 -1.000000 -1.000000 -1.000000 0.717647 0.639216 -1.000000 -1.000000 -1.000000 -1.000000 -1.000000 -1.000000 -1.000000 -1.000000 1.000000 1.000000)
    (n-samples 256)
    (samples 256 0.145098 0.149203 0.153306 0.157409 0.161509 0.165607 0.169701 0.173791 0.177876 0.181956 0.186029 0.190096 0.194155 0.198205 0.202247 0.206279 0.210301 0.214311 0.218310 0.222296 0.226270 0.230229 0.234174 0.238103 0.242017 0.245914 0.249794 0.253656 0.257500 0.261323 0.265127 0.268910 0.272672 0.276412 0.280129 0.283822 0.287491 0.291135 0.294754 0.298346 0.301911 0.305449 0.308959 0.312439 0.315890 0.319310 0.322699 0.326056 0.329381 0.332673 0.335931 0.339154 0.342342 0.345494 0.348609 0.351688 0.354728 0.357729 0.360691 0.363613 0.366494 0.369334 0.372131 0.374886 0.376923 0.379606 0.382255 0.384871 0.387454 0.390006 0.392526 0.395015 0.397475 0.399905 0.402307 0.404680 0.407027 0.409346 0.411640 0.413909 0.416152 0.418372 0.420568 0.422742 0.424894 0.427024 0.429133 0.431223 0.433293 0.435344 0.437377 0.439393 0.441392 0.443375 0.445342 0.447295 0.449233 0.451158 0.453070 0.454970 0.456858 0.458736 0.460603 0.462461 0.464310 0.466150 0.467984 0.469810 0.471630 0.473444 0.475253 0.477058 0.478860 0.480658 0.482454 0.484249 0.486042 0.487836 0.489629 0.491424 0.493220 0.495018 0.496819 0.498624 0.500434 0.502248 0.504067 0.505893 0.507726 0.509567 0.511415 0.513273 0.515140 0.517017 0.518905 0.520805 0.522716 0.524641 0.526579 0.528531 0.530498 0.532481 0.534479 0.536494 0.538527 0.540578 0.542647 0.544736 0.546845 0.548975 0.551126 0.553299 0.555495 0.557714 0.559957 0.562225 0.564518 0.566837 0.569182 0.571555 0.573956 0.576386 0.578844 0.581333 0.583852 0.586403 0.588985 0.591600 0.594248 0.596930 0.599647 0.602399 0.605186 0.608010 0.610872 0.613771 0.616708 0.619685 0.622701 0.625758 0.628856 0.631996 0.635178 0.639216 0.642510 0.645877 0.649314 0.652821 0.656397 0.660042 0.663753 0.667530 0.671372 0.675278 0.679247 0.683278 0.687369 0.691521 0.695731 0.699999 0.704324 0.708705 0.713141 0.717630 0.722172 0.726766 0.731410 0.736104 0.740847 0.745638 0.750475 0.755358 0.760286 0.765257 0.770270 0.775326 0.780422 0.785557 0.790731 0.795943 0.801191 0.806475 0.811793 0.817144 0.822528 0.827944 0.833390 0.838865 0.844369 0.849900 0.855457 0.861040 0.866647 0.872278 0.877931 0.883605 0.889300 0.895013 0.900745 0.906494 0.912260 0.918041 0.923836 0.929644 0.935464 0.941295 0.947137 0.952987 0.958846 0.964712 0.970584 0.976461 0.982342 0.988227 0.994113 1.000000))
(time 0)
(channel alpha)
(curve
    (curve-type smooth)
    (n-points 17)
    (points 34 0.000000 0.000000 -1.000000 -1.000000 -1.000000 -1.000000 -1.000000 -1.000000 -1.000000 -1.000000 -1.000000 -1.000000 -1.000000 -1.000000 -1.000000 -1.000000 -1.000000 -1.000000 -1.000000 -1.000000 -1.000000 -1.000000 -1.000000 -1.000000 -1.000000 -1.000000 -1.000000 -1.000000 -1.000000 -1.000000 -1.000000 -1.000000 1.000000 1.000000)
    (n-samples 256)
    (samples 256 0.000000 0.003922 0.007843 0.011765 0.015686 0.019608 0.023529 0.027451 0.031373 0.035294 0.039216 0.043137 0.047059 0.050980 0.054902 0.058824 0.062745 0.066667 0.070588 0.074510 0.078431 0.082353 0.086275 0.090196 0.094118 0.098039 0.101961 0.105882 0.109804 0.113725 0.117647 0.121569 0.125490 0.129412 0.133333 0.137255 0.141176 0.145098 0.149020 0.152941 0.156863 0.160784 0.164706 0.168627 0.172549 0.176471 0.180392 0.184314 0.188235 0.192157 0.196078 0.200000 0.203922 0.207843 0.211765 0.215686 0.219608 0.223529 0.227451 0.231373 0.235294 0.239216 0.243137 0.247059 0.250980 0.254902 0.258824 0.262745 0.266667 0.270588 0.274510 0.278431 0.282353 0.286275 0.290196 0.294118 0.298039 0.301961 0.305882 0.309804 0.313725 0.317647 0.321569 0.325490 0.329412 0.333333 0.337255 0.341176 0.345098 0.349020 0.352941 0.356863 0.360784 0.364706 0.368627 0.372549 0.376471 0.380392 0.384314 0.388235 0.392157 0.396078 0.400000 0.403922 0.407843 0.411765 0.415686 0.419608 0.423529 0.427451 0.431373 0.435294 0.439216 0.443137 0.447059 0.450980 0.454902 0.458824 0.462745 0.466667 0.470588 0.474510 0.478431 0.482353 0.486275 0.490196 0.494118 0.498039 0.501961 0.505882 0.509804 0.513725 0.517647 0.521569 0.525490 0.529412 0.533333 0.537255 0.541176 0.545098 0.549020 0.552941 0.556863 0.560784 0.564706 0.568627 0.572549 0.576471 0.580392 0.584314 0.588235 0.592157 0.596078 0.600000 0.603922 0.607843 0.611765 0.615686 0.619608 0.623529 0.627451 0.631373 0.635294 0.639216 0.643137 0.647059 0.650980 0.654902 0.658824 0.662745 0.666667 0.670588 0.674510 0.678431 0.682353 0.686275 0.690196 0.694118 0.698039 0.701961 0.705882 0.709804 0.713725 0.717647 0.721569 0.725490 0.729412 0.733333 0.737255 0.741176 0.745098 0.749020 0.752941 0.756863 0.760784 0.764706 0.768627 0.772549 0.776471 0.780392 0.784314 0.788235 0.792157 0.796078 0.800000 0.803922 0.807843 0.811765 0.815686 0.819608 0.823529 0.827451 0.831373 0.835294 0.839216 0.843137 0.847059 0.850980 0.854902 0.858824 0.862745 0.866667 0.870588 0.874510 0.878431 0.882353 0.886275 0.890196 0.894118 0.898039 0.901961 0.905882 0.909804 0.913725 0.917647 0.921569 0.925490 0.929412 0.933333 0.937255 0.941176 0.945098 0.949020 0.952941 0.956863 0.960784 0.964706 0.968627 0.972549 0.976471 0.980392 0.984314 0.988235 0.992157 0.996078 1.000000))

# end of curves tool settings
