# GIMP curves tool settings

(time 0)
(channel value)
(curve
    (curve-type smooth)
    (n-points 17)
    (points 34 0.000000 0.000000 0.091463 0.150000 -1.000000 -1.000000 -1.000000 -1.000000 0.250000 0.265385 -1.000000 -1.000000 0.396341 0.457692 -1.000000 -1.000000 -1.000000 -1.000000 0.539634 0.615385 -1.000000 -1.000000 -1.000000 -1.000000 0.768293 0.876923 -1.000000 -1.000000 -1.000000 -1.000000 -1.000000 -1.000000 1.000000 1.000000)
    (n-samples 256)
    (samples 256 0.000000 0.007564 0.015115 0.022641 0.030129 0.037567 0.044943 0.052244 0.059457 0.066570 0.073571 0.080446 0.087184 0.093772 0.100197 0.106447 0.112509 0.118371 0.124021 0.129445 0.134631 0.139568 0.144241 0.150000 0.154072 0.157969 0.161700 0.165273 0.168698 0.171983 0.175136 0.178168 0.181086 0.183901 0.186619 0.189251 0.191805 0.194290 0.196715 0.199089 0.201420 0.203718 0.205991 0.208248 0.210499 0.212751 0.215014 0.217297 0.219608 0.221956 0.224351 0.226800 0.229314 0.231900 0.234568 0.237326 0.240183 0.243149 0.246232 0.249441 0.252784 0.256271 0.259910 0.263711 0.265385 0.269416 0.273592 0.277903 0.282345 0.286908 0.291588 0.296376 0.301266 0.306251 0.311324 0.316478 0.321706 0.327001 0.332357 0.337765 0.343220 0.348714 0.354241 0.359793 0.365364 0.370946 0.376533 0.382118 0.387694 0.393253 0.398789 0.404296 0.409765 0.415191 0.420566 0.425883 0.431135 0.436316 0.441418 0.446435 0.451359 0.457692 0.462406 0.467069 0.471685 0.476257 0.480786 0.485274 0.489725 0.494140 0.498523 0.502874 0.507197 0.511495 0.515768 0.520021 0.524254 0.528471 0.532674 0.536866 0.541048 0.545222 0.549393 0.553561 0.557729 0.561900 0.566075 0.570258 0.574450 0.578654 0.582873 0.587108 0.591363 0.595639 0.599938 0.604264 0.608619 0.613004 0.615385 0.619827 0.624314 0.628841 0.633409 0.638013 0.642651 0.647322 0.652024 0.656753 0.661508 0.666287 0.671087 0.675905 0.680741 0.685591 0.690453 0.695325 0.700205 0.705090 0.709979 0.714869 0.719757 0.724642 0.729521 0.734392 0.739252 0.744100 0.748934 0.753750 0.758547 0.763323 0.768075 0.772800 0.777498 0.782165 0.786799 0.791398 0.795960 0.800483 0.804964 0.809400 0.813791 0.818133 0.822424 0.826662 0.830845 0.834970 0.839036 0.843039 0.846979 0.850852 0.854656 0.858389 0.862048 0.865633 0.869139 0.872566 0.876923 0.880169 0.883356 0.886484 0.889555 0.892569 0.895527 0.898431 0.901282 0.904081 0.906828 0.909524 0.912172 0.914771 0.917323 0.919828 0.922289 0.924705 0.927078 0.929409 0.931699 0.933949 0.936159 0.938332 0.940468 0.942568 0.944632 0.946663 0.948661 0.950627 0.952562 0.954468 0.956344 0.958193 0.960015 0.961812 0.963583 0.965331 0.967057 0.968760 0.970443 0.972107 0.973752 0.975379 0.976990 0.978586 0.980167 0.981735 0.983290 0.984834 0.986367 0.987892 0.989407 0.990916 0.992419 0.993916 0.995409 0.996899 0.998386 1.000000))
(time 0)
(channel red)
(curve
    (curve-type smooth)
    (n-points 17)
    (points 34 0.000000 0.000000 -1.000000 -1.000000 -1.000000 -1.000000 -1.000000 -1.000000 -1.000000 -1.000000 0.326220 0.376923 -1.000000 -1.000000 -1.000000 -1.000000 -1.000000 -1.000000 -1.000000 -1.000000 -1.000000 -1.000000 -1.000000 -1.000000 0.759146 0.696154 -1.000000 -1.000000 -1.000000 -1.000000 -1.000000 -1.000000 1.000000 1.000000)
    (n-samples 256)
    (samples 256 0.000000 0.004998 0.009997 0.014994 0.019990 0.024984 0.029977 0.034967 0.039954 0.044938 0.049918 0.054894 0.059866 0.064833 0.069794 0.074750 0.079700 0.084643 0.089580 0.094509 0.099431 0.104344 0.109249 0.114145 0.119031 0.123908 0.128775 0.133631 0.138477 0.143310 0.148133 0.152943 0.157740 0.162525 0.167296 0.172053 0.176796 0.181525 0.186238 0.190936 0.195619 0.200285 0.204934 0.209567 0.214182 0.218779 0.223358 0.227918 0.232460 0.236981 0.241483 0.245965 0.250426 0.254866 0.259285 0.263681 0.268055 0.272407 0.276736 0.281041 0.285322 0.289578 0.293810 0.298017 0.302199 0.306354 0.310483 0.314585 0.318661 0.322708 0.326728 0.330719 0.334682 0.338615 0.342519 0.346392 0.350236 0.354048 0.357829 0.361579 0.365297 0.368982 0.372635 0.376923 0.380500 0.384039 0.387540 0.391005 0.394433 0.397826 0.401185 0.404510 0.407802 0.411061 0.414288 0.417485 0.420651 0.423787 0.426895 0.429974 0.433026 0.436051 0.439050 0.442024 0.444973 0.447898 0.450799 0.453678 0.456536 0.459372 0.462188 0.464984 0.467761 0.470520 0.473261 0.475985 0.478694 0.481386 0.484064 0.486728 0.489379 0.492017 0.494643 0.497258 0.499862 0.502457 0.505042 0.507620 0.510189 0.512752 0.515308 0.517859 0.520405 0.522946 0.525485 0.528021 0.530554 0.533087 0.535619 0.538151 0.540683 0.543218 0.545755 0.548294 0.550837 0.553385 0.555938 0.558497 0.561062 0.563634 0.566214 0.568803 0.571401 0.574010 0.576629 0.579259 0.581902 0.584557 0.587227 0.589910 0.592609 0.595323 0.598054 0.600801 0.603567 0.606351 0.609155 0.611978 0.614822 0.617688 0.620575 0.623486 0.626420 0.629378 0.632361 0.635370 0.638405 0.641467 0.644557 0.647675 0.650823 0.654000 0.657208 0.660448 0.663719 0.667023 0.670361 0.673733 0.677139 0.680581 0.684060 0.687575 0.691128 0.694720 0.696154 0.699812 0.703534 0.707319 0.711165 0.715071 0.719036 0.723060 0.727140 0.731277 0.735469 0.739715 0.744014 0.748365 0.752766 0.757218 0.761718 0.766266 0.770860 0.775500 0.780185 0.784913 0.789684 0.794496 0.799349 0.804240 0.809170 0.814137 0.819141 0.824179 0.829252 0.834357 0.839495 0.844663 0.849861 0.855088 0.860343 0.865624 0.870932 0.876263 0.881619 0.886996 0.892395 0.897815 0.903254 0.908711 0.914186 0.919676 0.925182 0.930702 0.936235 0.941780 0.947336 0.952902 0.958476 0.964059 0.969648 0.975243 0.980842 0.986445 0.992051 1.000000))
(time 0)
(channel green)
(curve
    (curve-type smooth)
    (n-points 17)
    (points 34 0.000000 0.000000 -1.000000 -1.000000 -1.000000 -1.000000 -1.000000 -1.000000 -1.000000 -1.000000 -1.000000 -1.000000 -1.000000 -1.000000 0.439024 0.373077 -1.000000 -1.000000 -1.000000 -1.000000 -1.000000 -1.000000 -1.000000 -1.000000 0.728659 0.784615 -1.000000 -1.000000 -1.000000 -1.000000 -1.000000 -1.000000 1.000000 1.000000)
    (n-samples 256)
    (samples 256 0.000000 0.002887 0.005775 0.008663 0.011552 0.014441 0.017332 0.020224 0.023117 0.026012 0.028909 0.031808 0.034710 0.037614 0.040521 0.043431 0.046344 0.049260 0.052180 0.055104 0.058032 0.060964 0.063901 0.066842 0.069788 0.072739 0.075696 0.078658 0.081626 0.084600 0.087580 0.090567 0.093560 0.096560 0.099567 0.102581 0.105603 0.108632 0.111669 0.114715 0.117768 0.120830 0.123901 0.126981 0.130070 0.133168 0.136276 0.139394 0.142522 0.145660 0.148808 0.151968 0.155138 0.158319 0.161511 0.164715 0.167930 0.171158 0.174398 0.177650 0.180914 0.184192 0.187482 0.190785 0.194103 0.197433 0.200778 0.204136 0.207509 0.210896 0.214298 0.217715 0.221147 0.224595 0.228058 0.231537 0.235031 0.238542 0.242070 0.245613 0.249174 0.252752 0.256347 0.259960 0.263590 0.267238 0.270904 0.274589 0.278292 0.282014 0.285755 0.289515 0.293294 0.297093 0.300912 0.304751 0.308610 0.312490 0.316390 0.320311 0.324253 0.328217 0.332202 0.336209 0.340237 0.344288 0.348362 0.352457 0.356576 0.360718 0.364883 0.369071 0.373077 0.377352 0.381729 0.386206 0.390780 0.395449 0.400208 0.405056 0.409990 0.415007 0.420103 0.425278 0.430526 0.435847 0.441237 0.446692 0.452212 0.457791 0.463429 0.469122 0.474867 0.480661 0.486502 0.492387 0.498313 0.504277 0.510276 0.516309 0.522371 0.528460 0.534574 0.540709 0.546863 0.553033 0.559215 0.565409 0.571609 0.577815 0.584023 0.590229 0.596432 0.602629 0.608816 0.614992 0.621153 0.627296 0.633418 0.639518 0.645591 0.651636 0.657649 0.663628 0.669570 0.675472 0.681331 0.687145 0.692910 0.698624 0.704285 0.709888 0.715433 0.720914 0.726331 0.731680 0.736959 0.742164 0.747292 0.752342 0.757310 0.762193 0.766989 0.771695 0.776307 0.780824 0.784615 0.788971 0.793272 0.797519 0.801714 0.805857 0.809949 0.813990 0.817982 0.821926 0.825821 0.829670 0.833472 0.837228 0.840940 0.844608 0.848233 0.851816 0.855357 0.858857 0.862317 0.865739 0.869122 0.872467 0.875775 0.879048 0.882286 0.885489 0.888658 0.891795 0.894900 0.897973 0.901016 0.904030 0.907015 0.909972 0.912901 0.915805 0.918682 0.921535 0.924364 0.927169 0.929952 0.932714 0.935454 0.938175 0.940876 0.943559 0.946224 0.948873 0.951505 0.954122 0.956724 0.959313 0.961889 0.964453 0.967006 0.969548 0.972080 0.974604 0.977119 0.979627 0.982129 0.984625 0.987116 0.989602 0.992086 0.994567 0.997046 1.000000))
(time 0)
(channel blue)
(curve
    (curve-type smooth)
    (n-points 17)
    (points 34 0.000000 0.000000 -1.000000 -1.000000 -1.000000 -1.000000 0.158537 0.188462 -1.000000 -1.000000 0.338415 0.334615 -1.000000 -1.000000 -1.000000 -1.000000 0.500000 0.473077 -1.000000 -1.000000 -1.000000 -1.000000 0.695122 0.711538 -1.000000 -1.000000 0.801829 0.865385 -1.000000 -1.000000 -1.000000 -1.000000 1.000000 1.000000)
    (n-samples 256)
    (samples 256 0.000000 0.005054 0.010106 0.015155 0.020200 0.025240 0.030272 0.035295 0.040309 0.045310 0.050299 0.055274 0.060232 0.065174 0.070096 0.074999 0.079880 0.084738 0.089571 0.094379 0.099159 0.103910 0.108631 0.113321 0.117977 0.122599 0.127185 0.131733 0.136243 0.140712 0.145139 0.149524 0.153863 0.158157 0.162403 0.166600 0.170747 0.174842 0.178883 0.182870 0.188462 0.192308 0.196092 0.199817 0.203484 0.207097 0.210657 0.214166 0.217626 0.221041 0.224411 0.227740 0.231029 0.234281 0.237497 0.240680 0.243833 0.246957 0.250055 0.253129 0.256180 0.259212 0.262227 0.265226 0.268211 0.271186 0.274153 0.277112 0.280068 0.283021 0.285975 0.288930 0.291891 0.294858 0.297834 0.300821 0.303821 0.306837 0.309871 0.312924 0.316000 0.319100 0.322227 0.325383 0.328569 0.331789 0.334615 0.337870 0.341098 0.344301 0.347483 0.350646 0.353791 0.356922 0.360041 0.363151 0.366253 0.369351 0.372447 0.375542 0.378641 0.381744 0.384855 0.387976 0.391109 0.394258 0.397423 0.400609 0.403816 0.407048 0.410308 0.413597 0.416918 0.420273 0.423665 0.427097 0.430570 0.434087 0.437652 0.441265 0.444930 0.448648 0.452424 0.456258 0.460153 0.464112 0.468138 0.472232 0.473077 0.477241 0.481443 0.485684 0.489963 0.494278 0.498628 0.503014 0.507434 0.511887 0.516372 0.520889 0.525436 0.530014 0.534621 0.539256 0.543918 0.548607 0.553321 0.558061 0.562824 0.567611 0.572420 0.577251 0.582102 0.586974 0.591864 0.596773 0.601699 0.606641 0.611600 0.616573 0.621560 0.626560 0.631573 0.636598 0.641633 0.646678 0.651732 0.656794 0.661863 0.666940 0.672021 0.677108 0.682199 0.687293 0.692389 0.697487 0.702586 0.711538 0.716745 0.722155 0.727750 0.733509 0.739411 0.745437 0.751565 0.757777 0.764051 0.770368 0.776707 0.783047 0.789370 0.795653 0.801878 0.808023 0.814069 0.819995 0.825781 0.831406 0.836852 0.842096 0.847119 0.851901 0.856422 0.860660 0.865385 0.869064 0.872683 0.876242 0.879742 0.883186 0.886573 0.889906 0.893185 0.896411 0.899587 0.902713 0.905790 0.908820 0.911804 0.914743 0.917638 0.920491 0.923302 0.926074 0.928806 0.931501 0.934160 0.936784 0.939374 0.941931 0.944457 0.946953 0.949420 0.951859 0.954272 0.956659 0.959022 0.961363 0.963682 0.965981 0.968260 0.970522 0.972767 0.974997 0.977212 0.979415 0.981606 0.983786 0.985957 0.988120 0.990276 0.992427 0.994573 0.996717 0.998858 1.000000))
(time 0)
(channel alpha)
(curve
    (curve-type smooth)
    (n-points 17)
    (points 34 0.000000 0.000000 -1.000000 -1.000000 -1.000000 -1.000000 -1.000000 -1.000000 -1.000000 -1.000000 -1.000000 -1.000000 -1.000000 -1.000000 -1.000000 -1.000000 -1.000000 -1.000000 -1.000000 -1.000000 -1.000000 -1.000000 -1.000000 -1.000000 -1.000000 -1.000000 -1.000000 -1.000000 -1.000000 -1.000000 -1.000000 -1.000000 1.000000 1.000000)
    (n-samples 256)
    (samples 256 0.000000 0.003922 0.007843 0.011765 0.015686 0.019608 0.023529 0.027451 0.031373 0.035294 0.039216 0.043137 0.047059 0.050980 0.054902 0.058824 0.062745 0.066667 0.070588 0.074510 0.078431 0.082353 0.086275 0.090196 0.094118 0.098039 0.101961 0.105882 0.109804 0.113725 0.117647 0.121569 0.125490 0.129412 0.133333 0.137255 0.141176 0.145098 0.149020 0.152941 0.156863 0.160784 0.164706 0.168627 0.172549 0.176471 0.180392 0.184314 0.188235 0.192157 0.196078 0.200000 0.203922 0.207843 0.211765 0.215686 0.219608 0.223529 0.227451 0.231373 0.235294 0.239216 0.243137 0.247059 0.250980 0.254902 0.258824 0.262745 0.266667 0.270588 0.274510 0.278431 0.282353 0.286275 0.290196 0.294118 0.298039 0.301961 0.305882 0.309804 0.313725 0.317647 0.321569 0.325490 0.329412 0.333333 0.337255 0.341176 0.345098 0.349020 0.352941 0.356863 0.360784 0.364706 0.368627 0.372549 0.376471 0.380392 0.384314 0.388235 0.392157 0.396078 0.400000 0.403922 0.407843 0.411765 0.415686 0.419608 0.423529 0.427451 0.431373 0.435294 0.439216 0.443137 0.447059 0.450980 0.454902 0.458824 0.462745 0.466667 0.470588 0.474510 0.478431 0.482353 0.486275 0.490196 0.494118 0.498039 0.501961 0.505882 0.509804 0.513725 0.517647 0.521569 0.525490 0.529412 0.533333 0.537255 0.541176 0.545098 0.549020 0.552941 0.556863 0.560784 0.564706 0.568627 0.572549 0.576471 0.580392 0.584314 0.588235 0.592157 0.596078 0.600000 0.603922 0.607843 0.611765 0.615686 0.619608 0.623529 0.627451 0.631373 0.635294 0.639216 0.643137 0.647059 0.650980 0.654902 0.658824 0.662745 0.666667 0.670588 0.674510 0.678431 0.682353 0.686275 0.690196 0.694118 0.698039 0.701961 0.705882 0.709804 0.713725 0.717647 0.721569 0.725490 0.729412 0.733333 0.737255 0.741176 0.745098 0.749020 0.752941 0.756863 0.760784 0.764706 0.768627 0.772549 0.776471 0.780392 0.784314 0.788235 0.792157 0.796078 0.800000 0.803922 0.807843 0.811765 0.815686 0.819608 0.823529 0.827451 0.831373 0.835294 0.839216 0.843137 0.847059 0.850980 0.854902 0.858824 0.862745 0.866667 0.870588 0.874510 0.878431 0.882353 0.886275 0.890196 0.894118 0.898039 0.901961 0.905882 0.909804 0.913725 0.917647 0.921569 0.925490 0.929412 0.933333 0.937255 0.941176 0.945098 0.949020 0.952941 0.956863 0.960784 0.964706 0.968627 0.972549 0.976471 0.980392 0.984314 0.988235 0.992157 0.996078 1.000000))

# end of curves tool settings
