# GIMP curves tool settings

(time 0)
(channel value)
(curve
    (curve-type smooth)
    (n-points 17)
    (points 34 0.000000 0.000000 -1.000000 -1.000000 -1.000000 -1.000000 -1.000000 -1.000000 -1.000000 -1.000000 -1.000000 -1.000000 -1.000000 -1.000000 -1.000000 -1.000000 -1.000000 -1.000000 -1.000000 -1.000000 -1.000000 -1.000000 -1.000000 -1.000000 -1.000000 -1.000000 0.809816 1.000000 -1.000000 -1.000000 -1.000000 -1.000000 1.000000 1.000000)
    (n-samples 256)
    (samples 256 0.000000 0.005303 0.010606 0.015909 0.021211 0.026514 0.031816 0.037118 0.042419 0.047719 0.053020 0.058319 0.063618 0.068916 0.074213 0.079509 0.084804 0.090098 0.095392 0.100684 0.105974 0.111264 0.116552 0.121838 0.127123 0.132407 0.137689 0.142969 0.148248 0.153525 0.158799 0.164072 0.169343 0.174612 0.179879 0.185143 0.190405 0.195665 0.200923 0.206178 0.211430 0.216680 0.221927 0.227172 0.232413 0.237652 0.242888 0.248121 0.253351 0.258578 0.263802 0.269022 0.274239 0.279453 0.284663 0.289870 0.295073 0.300273 0.305469 0.310661 0.315849 0.321034 0.326214 0.331391 0.336563 0.341731 0.346895 0.352055 0.357211 0.362362 0.367508 0.372650 0.377788 0.382920 0.388048 0.393172 0.398290 0.403403 0.408512 0.413615 0.418714 0.423807 0.428895 0.433977 0.439054 0.444126 0.449192 0.454253 0.459308 0.464357 0.469401 0.474438 0.479470 0.484496 0.489516 0.494529 0.499537 0.504538 0.509533 0.514522 0.519505 0.524480 0.529450 0.534412 0.539368 0.544318 0.549260 0.554196 0.559124 0.564046 0.568960 0.573868 0.578768 0.583661 0.588547 0.593425 0.598296 0.603159 0.608015 0.612863 0.617704 0.622536 0.627361 0.632178 0.636987 0.641788 0.646581 0.651365 0.656142 0.660910 0.665670 0.670421 0.675164 0.679898 0.684624 0.689341 0.694049 0.698748 0.703439 0.708120 0.712793 0.717457 0.722111 0.726756 0.731392 0.736019 0.740636 0.745244 0.749842 0.754431 0.759010 0.763579 0.768138 0.772688 0.777228 0.781757 0.786277 0.790787 0.795286 0.799775 0.804254 0.808723 0.813181 0.817628 0.822065 0.826492 0.830907 0.835312 0.839706 0.844090 0.848462 0.852823 0.857173 0.861513 0.865840 0.870157 0.874462 0.878756 0.883038 0.887309 0.891568 0.895816 0.900052 0.904276 0.908488 0.912688 0.916877 0.921053 0.925217 0.929369 0.933509 0.937636 0.941751 0.945854 0.949944 0.954021 0.958086 0.962138 0.966178 0.970204 0.974218 0.978219 0.982206 0.986181 0.990142 0.994091 0.998025 1.000000 1.000000 1.000000 1.000000 1.000000 1.000000 1.000000 1.000000 1.000000 1.000000 1.000000 1.000000 1.000000 1.000000 1.000000 1.000000 1.000000 1.000000 1.000000 1.000000 1.000000 1.000000 1.000000 1.000000 1.000000 1.000000 1.000000 1.000000 1.000000 1.000000 1.000000 1.000000 1.000000 1.000000 1.000000 1.000000 1.000000 1.000000 1.000000 1.000000 1.000000 1.000000 1.000000 1.000000 1.000000 1.000000 1.000000 1.000000 1.000000))
(channel red)
(curve
    (curve-type smooth)
    (n-points 17)
    (points 34 0.000000 0.000000 -1.000000 -1.000000 -1.000000 -1.000000 -1.000000 -1.000000 -1.000000 -1.000000 -1.000000 -1.000000 -1.000000 -1.000000 -1.000000 -1.000000 -1.000000 -1.000000 0.564417 0.351563 -1.000000 -1.000000 -1.000000 -1.000000 -1.000000 -1.000000 -1.000000 -1.000000 -1.000000 -1.000000 -1.000000 -1.000000 1.000000 1.000000)
    (n-samples 256)
    (samples 256 0.000000 0.001703 0.003407 0.005111 0.006815 0.008520 0.010227 0.011935 0.013644 0.015355 0.017068 0.018783 0.020500 0.022220 0.023943 0.025668 0.027397 0.029130 0.030866 0.032606 0.034350 0.036098 0.037850 0.039608 0.041370 0.043138 0.044911 0.046689 0.048473 0.050263 0.052060 0.053863 0.055672 0.057488 0.059312 0.061142 0.062981 0.064826 0.066680 0.068542 0.070413 0.072291 0.074179 0.076076 0.077982 0.079897 0.081822 0.083756 0.085701 0.087656 0.089622 0.091598 0.093586 0.095584 0.097594 0.099615 0.101648 0.103693 0.105750 0.107820 0.109902 0.111998 0.114106 0.116227 0.118362 0.120511 0.122674 0.124851 0.127042 0.129247 0.131468 0.133703 0.135954 0.138220 0.140502 0.142800 0.145113 0.147443 0.149790 0.152153 0.154533 0.156930 0.159344 0.161777 0.164226 0.166694 0.169180 0.171685 0.174208 0.176750 0.179311 0.181891 0.184491 0.187111 0.189750 0.192410 0.195089 0.197790 0.200511 0.203253 0.206017 0.208802 0.211608 0.214437 0.217287 0.220160 0.223055 0.225973 0.228913 0.231877 0.234865 0.237875 0.240910 0.243969 0.247051 0.250159 0.253290 0.256447 0.259629 0.262836 0.266068 0.269326 0.272611 0.275921 0.279257 0.282621 0.286010 0.289427 0.292871 0.296343 0.299842 0.303369 0.306924 0.310508 0.314119 0.317760 0.321429 0.325128 0.328856 0.332613 0.336400 0.340218 0.344065 0.347943 0.351563 0.355510 0.359509 0.363558 0.367658 0.371808 0.376007 0.380255 0.384552 0.388896 0.393288 0.397728 0.402214 0.406746 0.411324 0.415947 0.420615 0.425327 0.430083 0.434882 0.439724 0.444609 0.449536 0.454504 0.459513 0.464563 0.469653 0.474782 0.479951 0.485158 0.490404 0.495687 0.501008 0.506366 0.511760 0.517190 0.522655 0.528155 0.533690 0.539259 0.544862 0.550497 0.556165 0.561866 0.567598 0.573362 0.579156 0.584980 0.590835 0.596718 0.602631 0.608572 0.614542 0.620538 0.626562 0.632612 0.638689 0.644791 0.650918 0.657070 0.663247 0.669447 0.675670 0.681917 0.688185 0.694476 0.700788 0.707121 0.713475 0.719849 0.726242 0.732655 0.739086 0.745535 0.752002 0.758487 0.764988 0.771505 0.778039 0.784588 0.791152 0.797730 0.804322 0.810928 0.817547 0.824178 0.830822 0.837477 0.844144 0.850821 0.857509 0.864206 0.870913 0.877629 0.884353 0.891085 0.897825 0.904571 0.911324 0.918083 0.924848 0.931618 0.938393 0.945172 0.951955 0.958741 0.965529 0.972321 0.979114 0.985908 0.992704 1.000000))
(channel green)
(curve
    (curve-type smooth)
    (n-points 17)
    (points 34 0.000000 0.000000 -1.000000 -1.000000 -1.000000 -1.000000 -1.000000 -1.000000 -1.000000 -1.000000 -1.000000 -1.000000 -1.000000 -1.000000 -1.000000 -1.000000 -1.000000 -1.000000 -1.000000 -1.000000 -1.000000 -1.000000 -1.000000 -1.000000 -1.000000 -1.000000 -1.000000 -1.000000 -1.000000 -1.000000 -1.000000 -1.000000 1.000000 1.000000)
    (n-samples 256)
    (samples 256 0.000000 0.003922 0.007843 0.011765 0.015686 0.019608 0.023529 0.027451 0.031373 0.035294 0.039216 0.043137 0.047059 0.050980 0.054902 0.058824 0.062745 0.066667 0.070588 0.074510 0.078431 0.082353 0.086275 0.090196 0.094118 0.098039 0.101961 0.105882 0.109804 0.113725 0.117647 0.121569 0.125490 0.129412 0.133333 0.137255 0.141176 0.145098 0.149020 0.152941 0.156863 0.160784 0.164706 0.168627 0.172549 0.176471 0.180392 0.184314 0.188235 0.192157 0.196078 0.200000 0.203922 0.207843 0.211765 0.215686 0.219608 0.223529 0.227451 0.231373 0.235294 0.239216 0.243137 0.247059 0.250980 0.254902 0.258824 0.262745 0.266667 0.270588 0.274510 0.278431 0.282353 0.286275 0.290196 0.294118 0.298039 0.301961 0.305882 0.309804 0.313725 0.317647 0.321569 0.325490 0.329412 0.333333 0.337255 0.341176 0.345098 0.349020 0.352941 0.356863 0.360784 0.364706 0.368627 0.372549 0.376471 0.380392 0.384314 0.388235 0.392157 0.396078 0.400000 0.403922 0.407843 0.411765 0.415686 0.419608 0.423529 0.427451 0.431373 0.435294 0.439216 0.443137 0.447059 0.450980 0.454902 0.458824 0.462745 0.466667 0.470588 0.474510 0.478431 0.482353 0.486275 0.490196 0.494118 0.498039 0.501961 0.505882 0.509804 0.513725 0.517647 0.521569 0.525490 0.529412 0.533333 0.537255 0.541176 0.545098 0.549020 0.552941 0.556863 0.560784 0.564706 0.568627 0.572549 0.576471 0.580392 0.584314 0.588235 0.592157 0.596078 0.600000 0.603922 0.607843 0.611765 0.615686 0.619608 0.623529 0.627451 0.631373 0.635294 0.639216 0.643137 0.647059 0.650980 0.654902 0.658824 0.662745 0.666667 0.670588 0.674510 0.678431 0.682353 0.686275 0.690196 0.694118 0.698039 0.701961 0.705882 0.709804 0.713725 0.717647 0.721569 0.725490 0.729412 0.733333 0.737255 0.741176 0.745098 0.749020 0.752941 0.756863 0.760784 0.764706 0.768627 0.772549 0.776471 0.780392 0.784314 0.788235 0.792157 0.796078 0.800000 0.803922 0.807843 0.811765 0.815686 0.819608 0.823529 0.827451 0.831373 0.835294 0.839216 0.843137 0.847059 0.850980 0.854902 0.858824 0.862745 0.866667 0.870588 0.874510 0.878431 0.882353 0.886275 0.890196 0.894118 0.898039 0.901961 0.905882 0.909804 0.913725 0.917647 0.921569 0.925490 0.929412 0.933333 0.937255 0.941176 0.945098 0.949020 0.952941 0.956863 0.960784 0.964706 0.968627 0.972549 0.976471 0.980392 0.984314 0.988235 0.992157 0.996078 1.000000))
(channel blue)
(curve
    (curve-type smooth)
    (n-points 17)
    (points 34 0.000000 0.000000 -1.000000 -1.000000 0.121569 0.096902 -1.000000 -1.000000 0.247059 0.199340 -1.000000 -1.000000 0.372549 0.306704 -1.000000 -1.000000 0.498039 0.421493 -1.000000 -1.000000 0.623529 0.548929 -1.000000 -1.000000 0.749020 0.690416 -1.000000 -1.000000 0.874510 0.843546 -1.000000 -1.000000 1.000000 1.000000)
    (n-samples 256)
    (samples 256 0.000000 0.003107 0.006214 0.009321 0.012428 0.015536 0.018645 0.021754 0.024864 0.027975 0.031087 0.034200 0.037315 0.040431 0.043549 0.046668 0.049789 0.052912 0.056037 0.059164 0.062294 0.065426 0.068560 0.071697 0.074837 0.077979 0.081125 0.084274 0.087425 0.090581 0.093739 0.096902 0.100066 0.103230 0.106394 0.109559 0.112725 0.115892 0.119060 0.122229 0.125400 0.128573 0.131748 0.134926 0.138106 0.141289 0.144475 0.147665 0.150858 0.154055 0.157256 0.160461 0.163670 0.166885 0.170104 0.173329 0.176559 0.179794 0.183036 0.186284 0.189538 0.192798 0.196066 0.199340 0.202620 0.205902 0.209186 0.212474 0.215765 0.219060 0.222358 0.225661 0.228967 0.232278 0.235594 0.238914 0.242240 0.245571 0.248908 0.252250 0.255598 0.258953 0.262314 0.265682 0.269057 0.272439 0.275828 0.279225 0.282630 0.286043 0.289464 0.292894 0.296333 0.299780 0.303237 0.306704 0.310176 0.313651 0.317129 0.320610 0.324096 0.327586 0.331082 0.334582 0.338089 0.341602 0.345122 0.348650 0.352185 0.355729 0.359282 0.362844 0.366415 0.369997 0.373590 0.377194 0.380810 0.384438 0.388078 0.391732 0.395400 0.399081 0.402777 0.406488 0.410215 0.413958 0.417717 0.421493 0.425283 0.429084 0.432897 0.436721 0.440557 0.444404 0.448263 0.452133 0.456016 0.459911 0.463818 0.467738 0.471670 0.475614 0.479572 0.483542 0.487526 0.491522 0.495532 0.499555 0.503592 0.507643 0.511707 0.515785 0.519878 0.523984 0.528105 0.532240 0.536390 0.540555 0.544734 0.548929 0.553139 0.557364 0.561606 0.565863 0.570135 0.574422 0.578724 0.583040 0.587370 0.591715 0.596074 0.600446 0.604831 0.609230 0.613642 0.618067 0.622504 0.626953 0.631415 0.635888 0.640373 0.644870 0.649378 0.653897 0.658426 0.662966 0.667517 0.672077 0.676648 0.681228 0.685818 0.690416 0.695029 0.699661 0.704311 0.708978 0.713661 0.718360 0.723074 0.727802 0.732544 0.737298 0.742064 0.746841 0.751629 0.756426 0.761232 0.766046 0.770867 0.775695 0.780529 0.785367 0.790210 0.795057 0.799906 0.804757 0.809609 0.814462 0.819315 0.824166 0.829016 0.833863 0.838706 0.843546 0.848386 0.853230 0.858079 0.862932 0.867790 0.872652 0.877517 0.882387 0.887260 0.892137 0.897016 0.901900 0.906786 0.911675 0.916567 0.921461 0.926358 0.931257 0.936159 0.941062 0.945967 0.950874 0.955782 0.960692 0.965603 0.970515 0.975427 0.980341 0.985255 0.990170 0.995085 1.000000))
(channel alpha)
(curve
    (curve-type smooth)
    (n-points 17)
    (points 34 0.000000 0.000000 -1.000000 -1.000000 -1.000000 -1.000000 -1.000000 -1.000000 -1.000000 -1.000000 -1.000000 -1.000000 -1.000000 -1.000000 -1.000000 -1.000000 -1.000000 -1.000000 -1.000000 -1.000000 -1.000000 -1.000000 -1.000000 -1.000000 -1.000000 -1.000000 -1.000000 -1.000000 -1.000000 -1.000000 0.938650 0.070313 1.000000 1.000000)
    (n-samples 256)
    (samples 256 0.000000 0.000000 0.000000 0.000000 0.000000 0.000000 0.000000 0.000000 0.000000 0.000000 0.000000 0.000000 0.000000 0.000000 0.000000 0.000000 0.000000 0.000000 0.000000 0.000000 0.000000 0.000000 0.000000 0.000000 0.000000 0.000000 0.000000 0.000000 0.000000 0.000000 0.000000 0.000000 0.000000 0.000000 0.000000 0.000000 0.000000 0.000000 0.000000 0.000000 0.000000 0.000000 0.000000 0.000000 0.000000 0.000000 0.000000 0.000000 0.000000 0.000000 0.000000 0.000000 0.000000 0.000000 0.000000 0.000000 0.000000 0.000000 0.000000 0.000000 0.000000 0.000000 0.000000 0.000000 0.000000 0.000000 0.000000 0.000000 0.000000 0.000000 0.000000 0.000000 0.000000 0.000000 0.000000 0.000000 0.000000 0.000000 0.000000 0.000000 0.000000 0.000000 0.000000 0.000000 0.000000 0.000000 0.000000 0.000000 0.000000 0.000000 0.000000 0.000000 0.000000 0.000000 0.000000 0.000000 0.000000 0.000000 0.000000 0.000000 0.000000 0.000000 0.000000 0.000000 0.000000 0.000000 0.000000 0.000000 0.000000 0.000000 0.000000 0.000000 0.000000 0.000000 0.000000 0.000000 0.000000 0.000000 0.000000 0.000000 0.000000 0.000000 0.000000 0.000000 0.000000 0.000000 0.000000 0.000000 0.000000 0.000000 0.000000 0.000000 0.000000 0.000000 0.000000 0.000000 0.000000 0.000000 0.000000 0.000000 0.000000 0.000000 0.000000 0.000000 0.000000 0.000000 0.000000 0.000000 0.000000 0.000000 0.000000 0.000000 0.000000 0.000000 0.000000 0.000000 0.000000 0.000000 0.000000 0.000000 0.000000 0.000000 0.000000 0.000000 0.000000 0.000000 0.000000 0.000000 0.000000 0.000000 0.000000 0.000000 0.000000 0.000000 0.000000 0.000000 0.000000 0.000000 0.000000 0.000000 0.000000 0.000000 0.000000 0.000000 0.000000 0.000000 0.000000 0.000000 0.000000 0.000000 0.000000 0.000000 0.000000 0.000000 0.000000 0.000000 0.000000 0.000000 0.000000 0.000000 0.000000 0.000000 0.000000 0.000000 0.000000 0.000000 0.000000 0.000000 0.000000 0.000000 0.000000 0.000000 0.000000 0.000000 0.000000 0.000000 0.000000 0.000000 0.000000 0.000000 0.002695 0.005793 0.008933 0.012115 0.015340 0.018607 0.021917 0.025269 0.028665 0.032104 0.035587 0.039113 0.042684 0.046298 0.049957 0.053660 0.057407 0.061200 0.065037 0.070313 0.079443 0.098536 0.126913 0.163893 0.208796 0.260940 0.319646 0.384234 0.454022 0.528331 0.606480 0.687789 0.771578 0.857165 0.943872 1.000000))

# end of curves tool settings
